1403637130.738319159 0.160722703 0.034036908 -0.758615315 -0.590760052 -0.527821124 -0.420505226 0.442247540
1403637132.838319063 0.160772800 0.033757892 -0.758064985 -0.590945125 -0.528024077 -0.420082837 0.442159235
1403637135.788318872 0.203979820 0.030588154 -0.311224490 -0.624872565 -0.498882115 -0.462395877 0.383198231
1403637138.538319111 0.219980270 0.035988137 -0.285284609 -0.625980496 -0.496276051 -0.476378679 0.367317230
1403637139.738319159 0.205172509 0.074947715 -0.752603710 -0.628142655 -0.525673151 -0.418423533 0.392461747
1403637142.638319016 0.213135481 0.062264919 -0.761579752 -0.627678752 -0.490339577 -0.442845255 0.411672831
1403637145.138319016 0.213349193 0.062287133 -0.761595070 -0.627905667 -0.490134150 -0.442426324 0.412021905
1403637147.638319016 0.213412061 0.062210802 -0.761546135 -0.627888799 -0.490082562 -0.442483515 0.412047356
1403637150.588319063 0.339634508 0.138524652 -0.619559407 -0.631502986 -0.527041495 -0.433211178 0.368455291
1403637152.388319016 0.638352394 0.517412424 -0.246495500 -0.629977822 -0.527606189 -0.429478526 0.374577016
1403637153.838319063 0.965759993 0.784790516 -0.161225587 -0.623961151 -0.528292775 -0.437792152 0.374055326
1403637155.988318920 1.625876427 1.506448865 -0.236272901 -0.717216671 -0.393563360 -0.486194283 0.307120979
1403637158.838319063 3.896674156 0.941165924 -0.574877262 -0.805447757 -0.127595291 -0.562166095 0.137632221
1403637161.188318968 6.186325073 -1.091472030 -0.863744617 0.822336078 -0.103801586 0.558547854 0.031828258
1403637164.038319111 6.491792679 -4.081189632 -0.775159001 0.718917787 -0.387135178 0.545111954 0.190096200
1403637164.538319111 5.840174198 -4.655267715 -0.637826264 0.729483128 -0.363880485 0.543770313 0.199397281
1403637167.238319159 2.941653490 -6.763359547 -0.846622705 0.736777842 -0.300144017 0.483394563 0.365242153
1403637170.038319111 5.687872887 -3.664696693 -1.351877451 0.794227004 -0.105499968 0.580472469 0.145344406
1403637172.138319016 5.857978821 -0.017423932 -1.697382450 -0.749365151 -0.201899081 -0.618906915 0.121007815
1403637173.588319063 4.188357353 1.018076420 -1.677922010 -0.838862419 -0.006499469 -0.537326336 0.086879373
1403637173.788318872 4.126657963 0.999825060 -1.741989493 0.842245102 -0.047203183 0.531289339 -0.078273416
1403637173.938319206 4.112375736 0.946377754 -1.797676802 0.853447974 -0.072833538 0.512307167 -0.062155813
1403637174.788318872 4.316154003 0.230945319 -1.658192635 0.790570617 -0.106393903 0.602557242 0.024563164
1403637177.638319016 1.982056499 -3.646093845 -1.674294829 0.823181152 -0.234600514 0.491880566 0.159339473
1403637180.438319206 4.008692741 -4.952772141 -2.119464636 0.759486318 -0.313256949 0.524168968 0.224271357
1403637182.138319016 6.323170662 -3.301361322 -1.597933650 0.730243087 -0.334422201 0.540899515 0.249668986
1403637184.938319206 5.261326313 0.322548628 -1.566704154 0.762351096 -0.360591859 0.498914719 0.199695945
1403637185.138319016 4.960002422 0.388853818 -1.575032353 0.765877128 -0.362527341 0.493124634 0.197063863
1403637185.338319063 4.688167572 0.406635314 -1.549197435 0.771861494 -0.361690998 0.483569592 0.198922083
1403637185.588319063 4.396336079 0.369904280 -1.469127059 0.776931286 -0.356414527 0.475007117 0.209080637
1403637186.088319063 3.964756250 0.172293648 -1.308834434 0.748009026 -0.341161013 0.518043876 0.236055687
1403637187.038319111 3.338139534 -0.212518454 -0.949484348 0.731920838 -0.377837241 0.534254372 0.190008834
1403637187.438319206 3.011545897 -0.459665567 -0.930391192 0.744915783 -0.376366019 0.505410910 0.219109327
1403637187.738319159 2.775200367 -0.702182293 -0.950534999 0.748751104 -0.385645032 0.491291523 0.221996382
1403637190.588319063 1.318346381 -3.867736578 -1.383527160 0.688635111 -0.426542580 0.504664421 0.298591763
1403637192.088319063 0.501663625 -4.760522366 -1.294752955 0.731711686 -0.384837687 0.479848802 0.293671936
1403637192.438319206 0.451764226 -4.861419201 -1.144012094 0.738112271 -0.383314192 0.467267543 0.299869418
1403637192.938319206 0.574836671 -5.013712883 -1.011878014 0.730759084 -0.402582347 0.478918314 0.273049414
1403637193.638319016 0.897010565 -5.385192871 -0.815646589 0.728007019 -0.399023443 0.484555274 0.275667012
1403637194.038319111 1.141765594 -5.664649010 -0.699947357 0.725051165 -0.391310036 0.489903986 0.284906000
1403637194.188318968 1.248119116 -5.763168335 -0.695041656 0.721782863 -0.390904486 0.494108796 0.286495656
1403637194.538319111 1.522373915 -5.975040913 -0.682515562 0.725370049 -0.396224588 0.488042742 0.280461639
1403637197.488318920 4.835174084 -5.461192608 -0.662674487 0.751805007 -0.290521920 0.547764301 0.224367008
1403637199.888319016 6.034424782 0.144254044 -0.260612875 -0.752968490 -0.160335019 -0.619857669 0.152011648
1403637199.988318920 5.961839199 0.396908373 -0.311261088 -0.738004684 -0.177146167 -0.621345103 0.194675848
1403637200.088319063 5.877702713 0.630972087 -0.367434353 -0.720422149 -0.200280190 -0.622191668 0.231856391
1403637200.188318968 5.781672001 0.841914296 -0.427669764 -0.706117094 -0.231393009 -0.618074179 0.256593734
1403637203.138319016 3.733119488 1.530759931 -0.661812186 -0.773569405 -0.265827805 -0.545200348 0.183527738
1403637205.638319016 3.720599651 0.798122883 -0.754626572 -0.769061208 -0.274107933 -0.546901822 0.185224563
1403637208.138319016 3.147922277 0.688550353 -0.667848945 -0.774617851 -0.264141113 -0.542846441 0.188452855
1403637209.138319016 2.976479053 0.533677757 -0.617969036 -0.764523447 -0.276718140 -0.558068633 0.165802643
1403637212.038319111 4.700869560 3.172708988 -1.230736017 -0.777007163 -0.296992213 -0.506528854 0.226900831
1403637212.238319159 4.981866360 3.420027018 -1.235589147 -0.759419262 -0.294895232 -0.533383787 0.227642179
1403637212.638319016 5.511020660 3.861635447 -1.185327768 -0.764245152 -0.294952691 -0.530249238 0.218558997
1403637212.788318872 5.699738503 4.015615463 -1.152813673 -0.768639743 -0.298267603 -0.524481297 0.212482437
1403637212.988318920 5.951973915 4.222875118 -1.101433754 -0.768429041 -0.304481804 -0.524107516 0.205229312
1403637213.238319159 6.263605595 4.490050793 -1.044100523 -0.769131780 -0.304341912 -0.520206273 0.212597907
1403637213.588319063 6.694634914 4.865462303 -1.018813133 -0.760628402 -0.307884365 -0.531644225 0.209776312
1403637213.738319159 6.871259689 5.024232864 -1.026966691 -0.756831169 -0.317613125 -0.536379635 0.196533754
1403637213.938319206 7.087765694 5.243066311 -1.057668686 -0.757059813 -0.324059099 -0.534631014 0.189778149
1403637214.138319016 7.281870365 5.482656479 -1.079076171 -0.748230100 -0.324609160 -0.539927125 0.207988992
1403637214.588319063 7.613862514 6.030997753 -1.027947068 -0.692678034 -0.398962259 -0.545695662 0.251480609
1403637214.788318872 7.686763763 6.260625839 -0.968180835 -0.663893998 -0.433858693 -0.552874804 0.255618662
1403637214.988318920 7.692926884 6.484560966 -0.905305624 -0.655862570 -0.442651689 -0.551553905 0.263992786
1403637216.738319159 5.844126225 7.253944874 -0.571294248 -0.573672950 -0.527655959 -0.447220653 0.438716680
1403637217.288318872 5.235067368 6.863040924 -0.508010745 -0.597651303 -0.508720577 -0.431667984 0.444611043
1403637217.638319016 4.956258297 6.449086189 -0.537928462 -0.595126271 -0.509037197 -0.431785315 0.447512478
1403637217.888319016 4.810018539 6.085950375 -0.562213361 -0.540864944 -0.557902396 -0.444466770 0.445712119
1403637218.188318968 4.634914398 5.561293125 -0.554672956 -0.516526818 -0.595935285 -0.412363648 0.456089199
1403637218.488318920 4.462671280 4.976940155 -0.575458229 -0.508782148 -0.604638815 -0.405804455 0.459211677
1403637218.738319159 4.317177773 4.454202652 -0.586560607 -0.514685035 -0.607748389 -0.401829571 0.451967090
1403637218.988318920 4.166438580 3.907963037 -0.628988683 -0.513296843 -0.614909947 -0.410803854 0.435490966
1403637219.138319016 4.065877438 3.575908184 -0.686374962 -0.511634469 -0.616612196 -0.414757133 0.431272626
1403637220.388319016 2.900150537 0.958396137 -0.628585398 -0.553010881 -0.616978049 -0.367238164 0.422673792
1403637222.988318920 1.562360168 -1.223595381 -0.809691072 -0.677199483 -0.484236896 -0.442643583 0.333139777
1403637224.988318920 1.551913023 -1.168525457 -0.635657668 -0.650738835 -0.487423331 -0.465503812 0.349662244
1403637227.038319111 1.063955188 -1.281831145 -0.607499242 -0.662381709 -0.493377268 -0.442914933 0.348792017
1403637227.488318920 0.959011078 -1.227144241 -0.595796406 -0.662168264 -0.489016294 -0.448717952 0.347920001
1403637227.988318920 0.923342466 -1.147022963 -0.628917813 -0.658019960 -0.482173294 -0.458594143 0.352434635
1403637228.388319016 0.917194188 -1.100400925 -0.677738547 -0.644657314 -0.484137744 -0.472635388 0.355870098
1403637230.488318920 0.724640489 -1.258319616 -0.828682721 -0.765809596 -0.291969180 -0.536013305 0.202433333
1403637230.788318872 0.735769510 -1.242411852 -0.775035799 -0.769620180 -0.251566857 -0.554040551 0.193489149
1403637231.088319063 0.743554235 -1.251253963 -0.729614258 -0.812850118 -0.176492795 -0.535546660 0.145995498
1403637231.288318872 0.771362722 -1.269089937 -0.751867175 -0.827003241 -0.105086923 -0.542224944 0.104950354
1403637231.688318968 0.872051775 -1.346422553 -0.973875463 0.832470775 -0.061133742 0.550607204 -0.009321451
1403637232.188318968 1.081658602 -1.583641291 -1.203757048 0.791673303 -0.213158786 0.566009939 0.086310998
1403637232.538319111 1.204627037 -1.849591017 -1.241254568 0.762050688 -0.286732763 0.561424732 0.147869274
1403637232.838319063 1.250153661 -2.126375198 -1.225308299 0.750131011 -0.372509778 0.521048784 0.164463088
1403637233.238319159 1.268986583 -2.650123835 -1.136532068 0.765384316 -0.394277662 0.470499277 0.193293333
1403637235.788318872 4.641391277 -4.045930862 -1.984077811 0.806498587 -0.139005750 0.559948385 0.129210070
1403637235.888319016 4.796115398 -3.963953257 -1.973938346 0.800992250 -0.110654652 0.572432041 0.135973051
1403637237.538319111 6.310821056 -0.878226578 -1.193502545 -0.742517829 -0.087121062 -0.660472393 0.069666706
1403637239.088319063 4.110564709 0.434979409 -0.316445917 0.855858207 -0.228726625 0.462434530 -0.036676824
1403637239.238319159 3.946882486 0.206434354 -0.256166399 0.850601494 -0.214384943 0.480045527 0.008517921
1403637239.438319206 3.783099651 -0.173592553 -0.190991059 0.833984494 -0.228366494 0.500146091 0.046611190
1403637239.588319063 3.685544968 -0.496752024 -0.178614125 0.819847643 -0.256187767 0.506692886 0.074027307
1403637239.738319159 3.601897478 -0.846453547 -0.206688315 0.800942361 -0.284900874 0.515086651 0.109584302
1403637239.838319063 3.551938295 -1.091138601 -0.241815567 0.782010376 -0.298130304 0.528246641 0.143295333
1403637240.238319159 3.345442533 -2.069145679 -0.466895193 0.721580088 -0.375889599 0.528052747 0.243289262
1403637240.538319111 3.181155682 -2.768499613 -0.656519234 0.727856040 -0.420138001 0.470107615 0.269645423
1403637240.838319063 3.071988583 -3.473696470 -0.771110952 0.722477496 -0.414614916 0.471479475 0.289530545
1403637241.038319111 3.035079956 -3.936843395 -0.810643256 0.712350667 -0.399627507 0.491070569 0.302827001
1403637241.438319206 3.023304224 -4.786493778 -0.948581636 0.724307001 -0.380613804 0.485344470 0.308144897
1403637241.738319159 3.090417624 -5.329906940 -1.038491964 0.719727159 -0.357136309 0.496726632 0.328190744
1403637242.088319063 3.252762318 -5.790063858 -1.074628711 0.693889380 -0.361773163 0.535712719 0.317253262
1403637242.288318872 3.349561214 -5.963123798 -1.065644264 0.701998174 -0.357589513 0.520981908 0.328490883
1403637242.638319016 3.547383070 -6.104381084 -1.066303611 0.703736305 -0.336430848 0.519987226 0.348113239
1403637243.038319111 3.833064318 -5.972550392 -1.023107409 0.712478876 -0.308282286 0.555102706 0.298658431
1403637243.438319206 4.100925446 -5.606638908 -1.008893967 0.732202232 -0.312336296 0.538898230 0.275526255
1403637243.888319016 4.393268108 -5.029634476 -0.975270927 0.740194201 -0.350847781 0.525543928 0.229830578
1403637244.288318872 4.613601208 -4.543745041 -0.793173909 0.737128258 -0.362374127 0.523111343 0.227335751
1403637244.688318968 4.795276165 -4.141050816 -0.538344800 0.762763083 -0.329213470 0.508588433 0.226161093
1403637245.138319016 5.049594879 -3.763360023 -0.341179460 0.784099638 -0.314075887 0.503405571 0.182008415
1403637245.588319063 5.398673534 -3.523115396 -0.244183704 0.789229929 -0.285610348 0.506869793 0.196534783
1403637246.038319111 5.860617638 -3.348034620 -0.245656043 0.796399772 -0.188200802 0.556621075 0.143181413
1403637246.438319206 6.277171612 -3.156597376 -0.332244158 0.809999168 -0.026261866 0.584123611 0.044847995
1403637246.788318872 6.580453873 -2.932665110 -0.452411383 -0.785887122 -0.111099511 -0.607342839 0.034249127
1403637246.988318920 6.691768646 -2.769675732 -0.504971743 -0.782905340 -0.170022160 -0.593631208 0.075852841
1403637247.438319206 6.821533203 -2.352977514 -0.605217099 -0.776225626 -0.194478512 -0.587443352 0.120673954
1403637247.788318872 6.830466747 -2.005449295 -0.724080563 -0.760939419 -0.220725030 -0.598306835 0.119501650
1403637248.038319111 6.746275425 -1.741055727 -0.777616322 -0.750441134 -0.246744961 -0.593826771 0.152724549
1403637248.388319016 6.520611286 -1.369385362 -0.829532444 -0.760313153 -0.282680720 -0.555968404 0.181423992
1403637248.788318872 6.197194099 -0.953651845 -0.902170956 -0.758793175 -0.284970731 -0.556690574 0.181989416
1403637249.188318968 5.812005043 -0.538885236 -0.858299077 -0.768507183 -0.274149030 -0.551269472 0.174186662
1403637249.388319016 5.608951092 -0.324254900 -0.803706110 -0.767967820 -0.269753367 -0.554386258 0.173535064
1403637249.688318968 5.296482563 0.008107137 -0.818189085 -0.766782224 -0.267625153 -0.556387305 0.175656125
1403637252.588319063 3.211383581 1.732165813 -0.501244545 -0.710731983 -0.390711427 -0.501704752 0.300827205
1403637253.588319063 3.016274214 1.616916299 -0.553816557 -0.712461114 -0.390821576 -0.504588664 0.291629910
1403637255.038319111 2.633069754 1.232960701 -0.396146476 -0.685526788 -0.429469526 -0.499548644 0.309935689
1403637256.788318872 1.741744876 0.631054163 -0.326799780 -0.619410396 -0.538375437 -0.425171375 0.381722599
1403637257.288318872 1.454367638 0.447894514 -0.350933313 -0.597141623 -0.555851758 -0.424855113 0.392363220
1403637257.638319016 1.257018566 0.326803446 -0.314948052 -0.590480745 -0.570618570 -0.416842610 0.389832258
1403637257.888319016 1.107760072 0.254281372 -0.329323471 -0.592037797 -0.581814945 -0.398623973 0.389976412
1403637258.138319016 0.956472933 0.207748979 -0.360039473 -0.572479844 -0.601582408 -0.379346281 0.407997489
1403637258.488318920 0.748234391 0.185660467 -0.373608023 -0.531838179 -0.622779846 -0.368561327 0.439836442
1403637258.938319206 0.510198593 0.174936816 -0.454184830 -0.526920974 -0.619833648 -0.362024695 0.455080897
1403637259.438319206 0.318488479 0.166644379 -0.419467002 -0.534330726 -0.611638427 -0.360121965 0.459022075
1403637259.938319206 0.239914626 0.144233748 -0.410385817 -0.537859261 -0.610652089 -0.358824641 0.457226932
1403637260.338319063 0.246402577 0.117686778 -0.467555642 -0.525741160 -0.621930957 -0.374515563 0.443324029
1403637260.588319063 0.250141591 0.093457222 -0.521912575 -0.524675131 -0.632526457 -0.374277264 0.429584593
1403637260.938319206 0.221874386 0.072505698 -0.600869834 -0.523626924 -0.625129044 -0.373787284 0.441940755
1403637261.388319016 0.160619974 0.050929826 -0.690048873 -0.529454470 -0.631222546 -0.365054756 0.433556318
1403637261.788318872 0.098676592 0.062450331 -0.701927066 -0.533968568 -0.632392168 -0.359856308 0.430652052
1403637262.188318968 0.038608097 0.108023837 -0.713530898 -0.529175758 -0.614846945 -0.371542513 0.451544613
1403637262.588319063 0.042015415 0.095949970 -0.739466548 -0.545535684 -0.570305586 -0.392323464 0.472466588
1403637262.788318872 0.043815590 0.097874746 -0.745889664 -0.552618086 -0.574755967 -0.386027426 0.463952243
1403637263.288318872 0.043331001 0.098876074 -0.746690214 -0.552522779 -0.575981975 -0.385434151 0.463037759
1403637263.788318872 0.043034039 0.098654717 -0.746246576 -0.552829504 -0.575692058 -0.384997696 0.463395029
1403637264.288318872 0.043364830 0.098107278 -0.746097386 -0.552869380 -0.575753868 -0.384996504 0.463271588
1403637264.788318872 0.043160472 0.098487496 -0.746335626 -0.553027093 -0.575718224 -0.384790868 0.463298649
1403637265.288318872 0.043308221 0.098430939 -0.746072352 -0.553151011 -0.575806379 -0.384696662 0.463119239
