1403637130.738319159 0.966636658 -0.532326698 -1.589819193 -0.585407138 -0.533837974 -0.415841520 0.446532637
1403637133.288318872 0.967992246 -0.535978496 -1.583530068 -0.584553182 -0.534366012 -0.419635832 0.443459570
1403637135.788318872 1.010661006 -0.536360860 -1.143027663 -0.619809210 -0.505234182 -0.458356529 0.387923032
1403637138.338319063 1.027066469 -0.530979276 -1.270991087 -0.638223350 -0.536238074 -0.427283823 0.350069016
1403637139.738319159 1.009807229 -0.490986198 -1.583697438 -0.622829795 -0.532006323 -0.414301366 0.396745235
1403637142.588319063 1.018029213 -0.503977716 -1.592456698 -0.622696757 -0.496650726 -0.438604176 0.416188926
1403637145.088319063 1.018174648 -0.503876209 -1.592478514 -0.622851729 -0.496507466 -0.438145846 0.416610569
1403637147.588319063 1.018297672 -0.503828049 -1.592487335 -0.623000085 -0.496319413 -0.438071400 0.416690946
1403637150.338319063 1.092985630 -0.485023707 -1.523838878 -0.629594088 -0.549935997 -0.412502438 0.361971527
1403637152.438319206 1.447707057 -0.023916688 -1.074289441 -0.624804020 -0.534171462 -0.425176680 0.378821313
1403637155.238319159 2.151057482 0.638185978 -1.069049358 -0.658645332 -0.493344218 -0.453095704 0.342785984
1403637157.588319063 3.437936783 1.010204554 -1.446211100 -0.798409224 -0.212312028 -0.527491331 0.198038667
1403637160.438319206 6.292843819 -0.896244884 -1.589203119 -0.815553844 -0.020808930 -0.576988995 0.039021827
1403637161.188318968 7.023817062 -1.527021289 -1.695975065 0.823505163 -0.094733544 0.558751643 0.025715822
1403637164.088319063 7.339528561 -4.579255104 -1.599977016 0.721954048 -0.377623081 0.549356699 0.185446635
1403637164.538319111 6.755821705 -5.113367558 -1.475194812 0.733678281 -0.355215460 0.546187937 0.192917094
1403637167.338319063 3.936646223 -7.224414349 -1.675944924 0.739985764 -0.291705579 0.487373114 0.360272825
1403637170.138319016 6.685141087 -3.948258400 -2.204502344 0.797966719 -0.073248379 0.585307300 0.123689629
1403637171.988318920 6.834719181 -0.661978602 -2.515694618 -0.745690525 -0.216996789 -0.616563082 0.129259929
1403637173.888319016 4.902803421 0.483448982 -2.609417677 0.850234091 -0.059832342 0.517208755 -0.077571593
1403637174.088319063 4.926239491 0.368708402 -2.648678780 0.847301543 -0.053776570 0.527770758 -0.025419105
1403637174.238319159 4.979078770 0.258674979 -2.633358479 0.819246054 -0.046711594 0.571526289 -0.003399723
1403637174.638319016 5.099291325 -0.082989126 -2.532872438 0.799519181 -0.082214758 0.594643891 -0.020210732
1403637177.538319111 2.939109564 -4.028522491 -2.482355118 0.825889528 -0.233938590 0.494877070 0.135188654
1403637179.738319159 4.143434048 -5.781259537 -2.645126820 0.757555544 -0.290689170 0.533746839 0.238167360
1403637181.538319111 6.393877983 -4.507583618 -2.758739710 0.744785964 -0.309237242 0.535047174 0.251775324
1403637184.288318872 7.173138142 -0.593566537 -2.241978884 0.717624426 -0.368968338 0.565061271 0.171998098
1403637185.138319016 5.764127254 -0.078139760 -2.413818121 0.769810677 -0.354113549 0.495398462 0.191247240
1403637185.438319206 5.366346359 -0.074991912 -2.360030651 0.781556427 -0.350753248 0.476722389 0.197173879
1403637185.938319206 4.885126591 -0.247888058 -2.178874969 0.758306980 -0.335273176 0.510995746 0.226816818
1403637186.838319063 4.286074162 -0.627814710 -1.831457973 0.742507398 -0.353694409 0.530339897 0.205724850
1403637187.238319159 3.999259949 -0.835707188 -1.764820695 0.734565258 -0.367008477 0.536613226 0.194332108
1403637187.538319111 3.748914242 -1.054954886 -1.771085024 0.752858639 -0.369912952 0.499228060 0.217116565
1403637187.988318920 3.434838295 -1.481460810 -1.818718076 0.755442619 -0.377194375 0.488667369 0.219624624
1403637190.838319063 2.077426672 -4.649950981 -2.180202961 0.705508053 -0.399245322 0.512180746 0.283782601
1403637191.938319206 1.472743154 -5.299361229 -2.181192875 0.731295049 -0.373739362 0.493329197 0.286623091
1403637192.288318872 1.372484088 -5.412242413 -2.053566217 0.742969632 -0.377267450 0.471386939 0.288893968
1403637192.788318872 1.439177990 -5.549876213 -1.885163784 0.740179002 -0.397767246 0.473939598 0.263244331
1403637193.238319159 1.634197593 -5.724757671 -1.744879961 0.729004383 -0.415890872 0.491178811 0.233089954
1403637193.838319063 1.942026615 -6.102447987 -1.595922470 0.735575736 -0.385079235 0.484476864 0.275543988
1403637194.288318872 2.263259411 -6.393145561 -1.537301421 0.727140307 -0.384939820 0.496094972 0.277449340
1403637194.538319111 2.466263056 -6.536559105 -1.521246195 0.729962111 -0.387725741 0.491415739 0.274471849
1403637197.488318920 5.767243862 -5.943155766 -1.498870730 0.755241334 -0.281856567 0.550251901 0.217693284
1403637199.888319016 6.834674358 -0.301930487 -1.091310024 -0.751254857 -0.168805122 -0.617797494 0.159521908
1403637199.988318920 6.756455421 -0.051811188 -1.142111659 -0.736031413 -0.185403138 -0.618889213 0.202137709
1403637200.088319063 6.666667938 0.180090576 -1.198124170 -0.718399823 -0.208133504 -0.619147480 0.239246100
1403637202.588319063 4.378955841 1.401392579 -1.552782416 -0.790178716 -0.259737670 -0.514562845 0.208276570
1403637205.538319111 4.519535542 0.308834374 -1.582914352 -0.769708455 -0.278479785 -0.542780399 0.188115627
1403637208.038319111 3.961684465 0.200842232 -1.522572994 -0.772502780 -0.271037191 -0.539342463 0.197200611
1403637209.438319206 3.690299273 0.015958749 -1.467576981 -0.765495539 -0.307350308 -0.526974261 0.204573929
1403637212.238319159 5.708317280 2.943626165 -2.061438799 -0.756355941 -0.302706003 -0.530788898 0.233576670
1403637212.538319111 6.102055550 3.288528681 -2.029812574 -0.755298615 -0.301626116 -0.534981966 0.228779599
1403637212.688318968 6.287397861 3.446764946 -2.001399279 -0.763828039 -0.303550929 -0.524196923 0.222803295
1403637212.988318920 6.657403946 3.763052464 -1.927477837 -0.765327752 -0.312397540 -0.521671653 0.211045191
1403637213.138319016 6.840635300 3.925290108 -1.888050437 -0.766067684 -0.312757730 -0.518785477 0.214905843
1403637213.338319063 7.083444118 4.144455910 -1.856546521 -0.765514195 -0.312025607 -0.517866373 0.220096469
1403637213.738319159 7.553338051 4.578956604 -1.851814628 -0.753708780 -0.325175434 -0.533991277 0.202576831
1403637213.888319016 7.713554859 4.744579315 -1.873282909 -0.753414154 -0.330832183 -0.533179224 0.196563542
1403637214.088319063 7.908494473 4.982224941 -1.901063800 -0.746705949 -0.332495153 -0.538102925 0.205724463
1403637214.338319063 8.116715431 5.297225952 -1.896078110 -0.728614688 -0.348476112 -0.538269877 0.240729272
1403637214.588319063 8.272952080 5.599990368 -1.851971745 -0.688720226 -0.405784875 -0.542828500 0.257566243
1403637215.188318968 8.280218124 6.266641617 -1.687320113 -0.647042692 -0.446017295 -0.552684307 0.277388692
1403637216.738319159 6.492592335 6.794496059 -1.400978923 -0.568164110 -0.533383489 -0.442669511 0.443548679
1403637216.988318920 6.206392288 6.663759232 -1.377490163 -0.563840985 -0.525402784 -0.457249522 0.443799704
1403637217.288318872 5.894015312 6.391409874 -1.340188026 -0.592336118 -0.514521182 -0.426989287 0.449539781
1403637217.638319016 5.625047207 5.972399712 -1.367840171 -0.589823544 -0.515022218 -0.426839530 0.452402920
1403637217.888319016 5.486167431 5.607886314 -1.392174602 -0.535039186 -0.563244522 -0.439693511 0.450730801
1403637218.188318968 5.321340561 5.082885265 -1.385018110 -0.510353744 -0.600963295 -0.407550603 0.460743546
1403637218.488318920 5.160868645 4.498343945 -1.406259656 -0.502533913 -0.609551072 -0.400979549 0.463813186
1403637218.688318968 5.053267002 4.082563400 -1.417423129 -0.505141556 -0.612214684 -0.400108546 0.458190382
1403637220.088319063 3.990291357 0.980751336 -1.576214552 -0.540559649 -0.633127809 -0.369608223 0.412715673
1403637222.888319016 2.409272909 -1.736430645 -1.643576384 -0.667674839 -0.486570299 -0.446694702 0.343399853
1403637224.338319063 2.416138411 -1.737754107 -1.379115939 -0.645428836 -0.496584058 -0.461060464 0.352490067
1403637226.888319016 1.959672570 -1.836148024 -1.425243497 -0.652393579 -0.510514081 -0.444714218 0.340569109
1403637227.738319159 1.769826889 -1.737962604 -1.432967663 -0.662722766 -0.490524650 -0.439676970 0.356185824
1403637228.238319159 1.759448886 -1.660719872 -1.500333190 -0.641995728 -0.488826692 -0.466987520 0.361680299
1403637228.738319159 1.722277045 -1.654741406 -1.476115823 -0.638534844 -0.496472239 -0.468584061 0.355271250
1403637229.238319159 1.636624455 -1.698991299 -1.463487148 -0.638984919 -0.497166365 -0.470020115 0.351575017
1403637230.788318872 1.575498581 -1.798830986 -1.608672976 -0.766824961 -0.259633482 -0.551959157 0.199777484
1403637231.088319063 1.582604647 -1.808951855 -1.562463045 -0.810894430 -0.185152277 -0.533872247 0.152148932
1403637231.338319063 1.619196057 -1.833714962 -1.600329638 -0.827697277 -0.094351843 -0.544027865 0.100242421
1403637231.588319063 1.680365205 -1.877972484 -1.735459208 0.833162069 -0.013325328 0.551066935 -0.044592969
1403637232.088319063 1.872520804 -2.080361366 -2.012827873 0.808717966 -0.177397922 0.557073295 0.064611875
1403637232.538319111 2.051652908 -2.407164574 -2.078158855 0.765288353 -0.277866155 0.563194692 0.141194582
1403637233.038319111 2.117242098 -2.924273252 -2.021461964 0.759778798 -0.383351415 0.493974149 0.178234369
1403637233.288318872 2.142140388 -3.289751768 -1.964924574 0.772972941 -0.384762079 0.468028426 0.188203499
1403637235.738319159 5.459787846 -4.566064358 -2.820419312 0.810060918 -0.141780272 0.555934846 0.120980158
1403637235.888319016 5.689964294 -4.439935684 -2.809284925 0.802276015 -0.101883695 0.573850095 0.129108503
1403637237.538319111 7.139890194 -1.315776944 -2.024614096 -0.741459429 -0.095232129 -0.659669757 0.077489592
1403637239.088319063 4.910672188 -0.052410357 -1.150228024 0.858428597 -0.219048768 0.461881369 -0.042232208
1403637239.388319016 4.629716396 -0.568134069 -1.037273169 0.840432107 -0.211172923 0.497966021 0.033314046
1403637239.688318968 4.452571869 -1.227658868 -1.027795434 0.811812818 -0.267699361 0.511216640 0.089187920
1403637239.788318872 4.406400681 -1.470809460 -1.056365013 0.794983923 -0.283629090 0.522987485 0.118487589
1403637239.888319016 4.363303661 -1.719764590 -1.098735094 0.775855720 -0.296106398 0.535485744 0.153701439
1403637240.188318968 4.226576805 -2.461890459 -1.270048618 0.730367303 -0.355896384 0.536340415 0.228561580
1403637240.438319206 4.099072456 -3.052177668 -1.435861707 0.728398323 -0.404131353 0.490151256 0.256642878
1403637240.738319159 3.982948065 -3.758201361 -1.578817010 0.731434286 -0.414603531 0.467510760 0.273022950
1403637240.938319206 3.943906069 -4.231670856 -1.627806664 0.719188988 -0.396092027 0.488857806 0.294781923
1403637241.338319063 3.932328463 -5.110587120 -1.746200085 0.725637496 -0.380496204 0.491215736 0.295600951
1403637241.488318920 3.948627472 -5.409843922 -1.805589199 0.729598045 -0.367854089 0.488466471 0.306219935
1403637241.888319016 4.091443062 -6.078533173 -1.901184916 0.713307977 -0.346822292 0.517265022 0.321470112
1403637242.288318872 4.296590805 -6.485941410 -1.904223800 0.706147790 -0.349333823 0.524904251 0.322174996
1403637242.688318968 4.532381058 -6.622025490 -1.904643893 0.709699929 -0.324809015 0.527440906 0.335605860
1403637243.088319063 4.814944267 -6.448362827 -1.852521777 0.718931139 -0.296043873 0.556827188 0.292300642
1403637243.538319111 5.103345871 -5.987478256 -1.850832224 0.736312151 -0.306677312 0.541533470 0.265584320
1403637243.988318920 5.376169205 -5.389337063 -1.779812217 0.743887126 -0.349743485 0.526863158 0.216163471
1403637244.388319016 5.571509838 -4.918650627 -1.568941712 0.743366659 -0.356164187 0.522194564 0.218783036
1403637244.788318872 5.745966434 -4.529416561 -1.318246722 0.773787975 -0.306847692 0.510203183 0.216308460
1403637245.188318968 5.978191853 -4.199212551 -1.162215352 0.789736390 -0.308467776 0.502181292 0.170229435
1403637245.638319016 6.335072994 -3.964740753 -1.073107958 0.794762790 -0.271914870 0.509479523 0.186668739
1403637245.938319206 6.639177322 -3.840850115 -1.069614649 0.795933008 -0.210977599 0.546038985 0.154339164
1403637246.338319063 7.057310581 -3.649677992 -1.136713862 0.809381306 -0.064332262 0.580644488 0.060126550
1403637246.688318968 7.380167007 -3.435739279 -1.248623490 -0.792727411 -0.084996432 -0.603347778 0.018171515
1403637246.938319206 7.538506985 -3.238645554 -1.325100183 -0.779119432 -0.165706769 -0.599974036 0.074467406
1403637247.388319016 7.670729637 -2.824237823 -1.423777819 -0.782615960 -0.204795182 -0.574603379 0.124105848
1403637247.838319063 7.668229580 -2.376409531 -1.572175026 -0.755127490 -0.237072363 -0.597918212 0.126779363
1403637247.988318920 7.614450932 -2.217649698 -1.601827025 -0.747209370 -0.250226706 -0.596931458 0.150789812
1403637248.338319063 7.392319202 -1.850462675 -1.650275707 -0.757510245 -0.288884908 -0.555518746 0.184723035
1403637248.488318920 7.279011726 -1.693575263 -1.683366895 -0.754646242 -0.292220980 -0.554891586 0.192902595
1403637248.938319206 6.880020618 -1.238292933 -1.730557442 -0.762471259 -0.288393319 -0.548834920 0.185060054
1403637249.388319016 6.423197746 -0.770934999 -1.632975817 -0.765173733 -0.277722478 -0.552348077 0.179697365
1403637249.738319159 6.048588276 -0.391413271 -1.657175660 -0.761154234 -0.274918497 -0.557750165 0.184333235
1403637250.038319111 5.703428745 -0.067734376 -1.693903089 -0.752821028 -0.289821208 -0.553860605 0.206161544
1403637252.538319111 3.998532057 1.231293201 -1.324061990 -0.704720259 -0.398146600 -0.500667453 0.306889057
1403637254.538319111 3.590214252 0.863216877 -1.250450611 -0.693293214 -0.435331345 -0.490528882 0.298684806
1403637255.488318920 3.227700233 0.583555937 -1.214415193 -0.663440883 -0.463250667 -0.479761839 0.339225143
1403637256.538319111 2.693576574 0.200345397 -1.134402156 -0.594208956 -0.550082207 -0.441745400 0.386246443
1403637256.788318872 2.540293932 0.100660130 -1.157116652 -0.613642573 -0.544791162 -0.421198994 0.386311948
1403637257.088319063 2.366863012 -0.012837049 -1.189994454 -0.602465749 -0.549870968 -0.423016608 0.394631326
1403637257.438319206 2.173928022 -0.143716469 -1.161619067 -0.585903883 -0.570393741 -0.417866319 0.395923644
1403637257.888319016 1.913359046 -0.289381862 -1.161635280 -0.585841835 -0.587879539 -0.394619197 0.394287586
1403637258.138319016 1.762439132 -0.339033604 -1.192516923 -0.566088974 -0.607411623 -0.375179440 0.412110060
1403637258.538319111 1.524201632 -0.368075430 -1.213612437 -0.526231587 -0.629087090 -0.357853860 0.446397096
1403637259.038319111 1.269835591 -0.384641141 -1.295510411 -0.522650838 -0.623422146 -0.355755806 0.460020423
1403637259.538319111 1.095428586 -0.398520947 -1.243393540 -0.531605601 -0.612348795 -0.351136923 0.468110293
1403637260.038319111 1.041624784 -0.424214929 -1.250844240 -0.529327750 -0.615434170 -0.357114047 0.462084919
1403637260.388319016 1.053256869 -0.450857073 -1.309029222 -0.515952945 -0.629475951 -0.374418586 0.444255918
1403637260.838319063 1.038038492 -0.487454653 -1.410372376 -0.519846678 -0.634264112 -0.366532564 0.439456999
1403637261.188318968 0.996313870 -0.506789923 -1.490094304 -0.521363676 -0.635394514 -0.362576336 0.439308882
1403637261.588319063 0.934180498 -0.514810443 -1.536355972 -0.526425242 -0.633324742 -0.356089115 0.441561729
1403637262.038319111 0.864512146 -0.474599123 -1.526856780 -0.520423114 -0.625298560 -0.368251681 0.450057983
1403637262.488318920 0.842945158 -0.463660568 -1.575077057 -0.547019124 -0.594063878 -0.375793785 0.454573631
1403637262.788318872 0.847246289 -0.468984306 -1.578903317 -0.546587169 -0.580298662 -0.381368816 0.468031943
1403637263.288318872 0.846791625 -0.467818618 -1.579643130 -0.546511769 -0.581495047 -0.380802214 0.467095494
1403637263.788318872 0.846487224 -0.468073845 -1.579202652 -0.546823919 -0.581196547 -0.380377769 0.467447340
1403637264.288318872 0.846760809 -0.468715847 -1.579100609 -0.546859086 -0.581257224 -0.380375981 0.467332244
1403637264.788318872 0.846617460 -0.468303233 -1.579286098 -0.547013283 -0.581221521 -0.380164295 0.467368215
1403637265.288318872 0.846793532 -0.468529612 -1.579081535 -0.547138512 -0.581309199 -0.380067408 0.467191488
