1403637130.538319 0.000000000 0.000000000 0.000000000 0.000000000 0.000000000 0.000000000 1.000000000
1403637131.588319063 -0.000145701 -0.000026144 0.000004499 0.000057355 0.000017985 0.000477234 0.999999884
1403637132.638319016 0.000242296 0.000073790 0.000128067 0.000042069 0.000349473 -0.001045204 0.999999392
1403637133.488318920 0.003141775 -0.019957331 -0.011575076 -0.008871616 0.010580082 -0.003131826 0.999899769
1403637133.738319159 0.011901868 -0.040987111 -0.020143667 -0.023795154 0.022346299 -0.001427776 0.999466055
1403637133.888319016 0.014862434 -0.088890042 -0.035266314 -0.027883593 0.035774358 0.000121207 0.998970813
1403637134.038319111 0.010849291 -0.174570635 -0.052875719 -0.031353488 0.045989927 0.001101988 0.998449133
1403637134.188318968 0.006307680 -0.267838278 -0.075390387 -0.026935995 0.061737826 -0.010533799 0.997673259
1403637134.338319063 0.000676546 -0.353221652 -0.095818562 -0.004930364 0.070617086 -0.016768480 0.997350358
1403637134.538319111 0.000263906 -0.393527193 -0.101909097 0.014946448 0.074487011 -0.006141854 0.997091052
1403637134.738319159 0.014759576 -0.303356420 -0.071109281 -0.011457788 0.075665943 -0.008802137 0.997028538
1403637135.038319111 0.029551326 -0.102891174 -0.028002301 -0.070281634 0.062422728 0.008348819 0.995537138
1403637135.188318968 0.032495814 -0.058923974 -0.023155274 -0.080225363 0.061356653 0.007124693 0.994861041
1403637135.338319063 0.032984817 -0.087597868 -0.032628031 -0.096592913 0.064078140 0.004150389 0.993250510
1403637135.488318920 0.031107494 -0.191404938 -0.054609594 -0.071079646 0.071772333 -0.006018222 0.994866924
1403637135.638319016 0.025787480 -0.318204741 -0.077523622 -0.036998242 0.081744901 -0.014770389 0.995856785
1403637135.788318872 0.019252648 -0.424697681 -0.098608499 -0.007925665 0.084351071 -0.008476124 0.996368524
1403637136.138319016 0.023673838 -0.373676850 -0.074674458 -0.016733900 0.083585840 -0.003939606 0.996352279
1403637136.288318872 0.027254454 -0.252555572 -0.040509842 -0.047520851 0.084665404 -0.005822380 0.995258578
1403637136.438319206 0.031489551 -0.141960848 -0.022899015 -0.085764552 0.080832086 0.001055250 0.993030464
1403637136.588319063 0.032212982 -0.087397557 -0.018649782 -0.107379137 0.074259487 0.012203570 0.991365887
1403637136.738319159 0.031109270 -0.118036098 -0.029668001 -0.111258137 0.073877603 0.009050928 0.991000407
1403637136.988318920 0.025124383 -0.332863500 -0.081377189 -0.065914204 0.083695226 0.001049907 0.994308465
1403637137.138319016 0.021672133 -0.456872614 -0.109644193 -0.028420839 0.094625106 0.007833590 0.995076369
1403637137.488318920 0.027013978 -0.413198936 -0.085324019 -0.005372807 0.088812746 0.006311827 0.996013850
1403637137.638319016 0.033350283 -0.288369562 -0.054986967 -0.039826379 0.092551526 -0.005376700 0.994896560
1403637137.788318872 0.034654559 -0.164964035 -0.028976894 -0.078392905 0.090039671 -0.000679775 0.992847898
1403637137.938319206 0.034276476 -0.086341195 -0.023185945 -0.102395662 0.080968558 0.002150514 0.991440667
1403637138.088319063 0.037504732 -0.101075552 -0.032681403 -0.122260931 0.078390568 0.003907637 0.989389667
1403637138.238319159 0.040226450 -0.212785242 -0.056621643 -0.101904992 0.077251780 -0.011811976 0.991719725
1403637138.488318920 0.033729819 -0.433551930 -0.098631717 -0.019243328 0.099745406 -0.020756004 0.994610344
1403637138.838319063 0.038382473 -0.402645637 -0.079132929 -0.009558755 0.101791307 -0.009205745 0.994717253
1403637138.988318920 0.045569713 -0.279138273 -0.040371314 -0.033304986 0.094798956 -0.002968159 0.994934734
1403637139.138319016 0.046224990 -0.163319069 -0.008071073 -0.047867359 0.078751580 0.009766513 0.995696500
1403637139.288318872 0.043764513 -0.078235891 0.019330558 -0.056001988 0.069017287 0.012399432 0.995965183
1403637139.438319206 0.043012479 -0.043925695 0.033218917 -0.057795125 0.061079954 0.005388920 0.996443637
1403637139.688318968 0.039593651 -0.025006817 0.042415468 -0.044849325 0.047459152 0.000106703 0.997865800
1403637140.038319111 0.044541616 -0.013742661 0.043595251 -0.018164712 0.052319649 0.010713660 0.998407690
1403637141.088319063 0.049176830 -0.013075155 0.039346971 -0.003326677 0.062418766 0.018286832 0.997876958
1403637145.288318872 0.049067802 -0.013003471 0.039219311 -0.003299855 0.062584958 0.018379167 0.997864941
1403637146.338319063 0.049191873 -0.013016859 0.039211905 -0.003157154 0.062626445 0.017922900 0.997871099
1403637147.388319016 0.049093808 -0.013040425 0.039223473 -0.003211873 0.062542384 0.018269990 0.997869902
1403637149.488318920 0.049016476 -0.012548155 0.037050960 -0.006352664 0.055261490 0.015581777 0.998330116
1403637149.888319016 0.054225597 -0.010154299 0.031133129 -0.037227851 0.036636090 0.006989808 0.998610548
1403637150.038319111 0.069621187 -0.014059130 0.026769199 -0.066595644 0.041743145 -0.007238094 0.996880203
1403637150.138319016 0.085400060 -0.027075793 0.025832688 -0.080936570 0.048645012 -0.017655535 0.995374913
1403637150.288318872 0.111318627 -0.065271687 0.035374206 -0.077322640 0.057847168 -0.022598377 0.995069961
1403637150.438319206 0.135154691 -0.115799547 0.058889548 -0.057195682 0.063087605 -0.018207529 0.996201332
1403637150.638319016 0.170753570 -0.188535422 0.092840878 -0.047213530 0.070014685 -0.016484440 0.996291669
1403637150.888319016 0.215373134 -0.266833335 0.150020636 -0.040447003 0.074716440 -0.019034471 0.996202380
1403637151.138319016 0.251423778 -0.328683439 0.212383280 -0.021154854 0.073922963 -0.021659494 0.996804261
1403637151.438319206 0.282254060 -0.403467761 0.257977245 -0.037205090 0.064415890 -0.005825893 0.997212331
1403637151.638319016 0.306538681 -0.472500909 0.271363928 -0.040976261 0.064489044 -0.012525778 0.996998101
1403637152.038319111 0.365000917 -0.563326933 0.313544586 -0.042070464 0.063921420 -0.018471557 0.996896649
1403637152.738319159 0.485829312 -0.656216969 0.429693486 -0.043941710 0.061621283 -0.014342656 0.997028702
1403637153.388319016 0.630770753 -0.737114375 0.547913393 -0.039602059 0.063363271 -0.020879357 0.996985870
1403637154.238319159 0.785657683 -0.855383921 0.694195556 -0.054425677 0.057599849 0.001703156 0.996853651
1403637154.638319016 0.901471104 -0.821696643 0.809186040 -0.047948856 0.066738339 -0.013258852 0.996529530
1403637154.938319206 1.003699106 -0.816391259 0.916412095 -0.067010714 0.096458398 -0.015418441 0.992959019
1403637155.288318872 1.111785215 -0.898996227 1.071873434 -0.045174588 0.133127740 0.001711688 0.990067337
1403637155.588319063 1.198162605 -0.980799718 1.209182735 -0.028464678 0.167213522 0.019605489 0.985314683
1403637155.988318920 1.337483504 -0.997265567 1.382223713 -0.031422840 0.226866525 0.058296356 0.971671611
1403637156.188318968 1.430320090 -0.989891467 1.456652783 -0.021858767 0.271665619 0.079392352 0.958862264
1403637156.488318920 1.603312424 -0.969968266 1.530897987 -0.015094041 0.347251590 0.109362978 0.931250902
1403637156.788318872 1.805336698 -0.921359245 1.562674370 -0.012858650 0.420789941 0.122553500 0.898749754
1403637157.088319063 2.018345068 -0.807639396 1.581039040 -0.033964154 0.450592593 0.122896929 0.883577442
1403637157.738319159 2.563010151 -0.727161639 1.544398599 -0.022976455 0.430499541 0.147034023 0.890237734
1403637158.038319111 2.872694464 -0.737479298 1.457959428 -0.014033690 0.436019216 0.121370655 0.891604993
1403637158.338319063 3.193573214 -0.735877983 1.334010751 -0.012977751 0.444199552 0.113254337 0.888646044
1403637158.488318920 3.354166465 -0.749235805 1.255567480 -0.008543038 0.460626347 0.122895527 0.879003455
1403637158.688318968 3.557491429 -0.736719887 1.157524449 0.001631796 0.492599871 0.146951905 0.857757450
1403637158.838319063 3.709695223 -0.703012193 1.073631453 -0.001607981 0.518858498 0.156825303 0.840350580
1403637158.988318920 3.860957465 -0.672326343 0.976965425 -0.011907034 0.535315354 0.156825177 0.829880448
1403637159.238319159 4.113797155 -0.637273499 0.802784851 -0.010888648 0.541168907 0.163688602 0.824756748
1403637159.488318920 4.367059631 -0.573101380 0.623755670 -0.007344448 0.535600310 0.167742424 0.827611531
1403637159.638319016 4.523591748 -0.522646700 0.507837555 -0.018803504 0.535851633 0.157690478 0.829242527
1403637159.838319063 4.737090294 -0.467083102 0.348095676 -0.023635117 0.537454763 0.147179963 0.830013143
1403637160.038319111 4.957125063 -0.436470153 0.188810716 -0.023344122 0.558515415 0.154363286 0.814670215
1403637160.138319016 5.070317372 -0.408098221 0.107196688 -0.012593671 0.574889535 0.160603824 0.802215578
1403637160.238319159 5.182836587 -0.381401669 0.030916693 -0.007686529 0.595645005 0.165724762 0.785928272
1403637160.388319016 5.352054404 -0.333751573 -0.088785366 -0.004393535 0.629399382 0.177231437 0.756588483
1403637160.538319111 5.520032358 -0.284387138 -0.199184655 -0.011452727 0.667526759 0.187179412 0.720583603
1403637160.688318968 5.668876036 -0.197307675 -0.322302697 -0.015929611 0.700058702 0.196113893 0.686442570
1403637160.838319063 5.823983743 -0.134390031 -0.437338340 -0.022831382 0.717354757 0.205226093 0.665404487
1403637161.038319111 6.031159191 -0.095754910 -0.576601815 -0.022284175 0.724074757 0.219844759 0.653366240
1403637161.288318872 6.304349325 -0.117412334 -0.765658361 0.014478293 0.719230299 0.239185598 0.652141400
1403637161.538319111 6.573000159 -0.154921631 -1.015341370 0.010669062 0.725113417 0.234597528 0.647348981
1403637161.688318968 6.732978823 -0.176396046 -1.178270864 0.009511502 0.738046271 0.232237047 0.633453381
1403637161.838319063 6.885907380 -0.179523796 -1.345499191 0.018475818 0.754268373 0.211352485 0.621343699
1403637161.988318920 7.035139312 -0.182781395 -1.512498655 0.031265321 0.768703266 0.187921592 0.610576157
1403637162.138319016 7.150835481 -0.165791977 -1.673031637 0.040685792 0.774616292 0.179287441 0.605120054
1403637162.388319016 7.288604121 -0.101138415 -1.919501231 0.049658266 0.766015083 0.207077612 0.606526019
1403637162.538319111 7.336021090 -0.045419136 -2.064975684 0.036166325 0.759684375 0.225731413 0.608783193
1403637162.688318968 7.370816695 0.002178910 -2.230670087 0.033393016 0.763237163 0.213881986 0.608776179
1403637162.788318872 7.387219658 0.021540937 -2.349135542 0.050834926 0.770763198 0.202916494 0.601801296
1403637162.938319206 7.392413343 0.072855168 -2.524479352 0.053070816 0.790705017 0.198272363 0.576764367
1403637163.088319063 7.372837214 0.137892545 -2.699192549 0.044772293 0.817063112 0.199953061 0.538908236
1403637163.188318968 7.349664364 0.189266271 -2.815884379 0.039675314 0.836677623 0.202470693 0.507348050
1403637163.288318872 7.315655269 0.237493157 -2.924304737 0.037216038 0.855485542 0.205261393 0.473948535
1403637163.388319016 7.270491650 0.299359536 -3.022514091 0.041004944 0.870194557 0.211744870 0.442994512
1403637163.488318920 7.216018696 0.356085130 -3.114791935 0.047337105 0.880029992 0.224541731 0.415797334
1403637163.588319063 7.153601477 0.408156843 -3.202442620 0.051002250 0.884319660 0.242787143 0.395514743
1403637163.688318968 7.079144851 0.448918440 -3.294260961 0.051992840 0.884231086 0.263509528 0.382092738
1403637163.838319063 6.957836955 0.501426058 -3.422963276 0.057030743 0.882718626 0.283455065 0.370416720
1403637163.988318920 6.817033808 0.533981344 -3.579036992 0.069564471 0.882270089 0.287270850 0.366381949
1403637164.138319016 6.658397668 0.549377092 -3.753210739 0.069381216 0.884460213 0.279901051 0.366840266
1403637164.288318872 6.479795914 0.564353222 -3.940107212 0.058141979 0.887222885 0.268996883 0.370264418
1403637164.438319206 6.288832471 0.583521710 -4.130157821 0.043721510 0.886182647 0.268197010 0.375285372
1403637164.588319063 6.087982751 0.617084664 -4.319614435 0.052712627 0.880209122 0.276540527 0.382071483
1403637164.738319159 5.876644135 0.669463947 -4.514638852 0.047699531 0.878771127 0.274860936 0.387217674
1403637164.838319063 5.736832063 0.703830604 -4.650739925 0.036402073 0.883818417 0.263845202 0.384610979
1403637164.938319206 5.592687598 0.758207340 -4.784776062 0.028967655 0.889774945 0.256396112 0.376460430
1403637165.038319111 5.445098390 0.814243125 -4.915215840 0.026336358 0.895631242 0.254379254 0.363926188
1403637165.138319016 5.296020672 0.861655827 -5.051808748 0.028422288 0.903484995 0.250511897 0.346627792
1403637165.188318968 5.222142793 0.895485253 -5.111960329 0.027491915 0.908175874 0.248487269 0.335730328
1403637165.238319159 5.148324956 0.924476749 -5.172724808 0.027575914 0.912364070 0.248547382 0.324122773
1403637165.288318872 5.078323088 0.944010826 -5.237536061 0.024259535 0.915752333 0.252148451 0.311817732
1403637165.388319016 4.920634405 0.994674619 -5.358559511 0.020815527 0.919265562 0.264963008 0.290365538
1403637165.488318920 4.772124688 1.031352721 -5.473493492 0.018393931 0.921020675 0.276974740 0.273253677
1403637165.588319063 4.623476439 1.059484385 -5.589250682 0.012950946 0.923376524 0.282118888 0.260032692
1403637165.688318968 4.475111760 1.090025069 -5.703861266 -0.000875992 0.926895539 0.280199905 0.249703638
1403637165.788318872 4.328388371 1.113776611 -5.817787645 -0.015940896 0.929173873 0.277831571 0.243292871
1403637165.888319016 4.194342208 1.148088695 -5.925555466 -0.029370820 0.930607090 0.274305301 0.240550203
1403637165.988318920 4.072540982 1.180190722 -6.027940511 -0.041725406 0.929862162 0.270316169 0.246057958
1403637166.138319016 3.914459707 1.245591208 -6.161942940 -0.054168770 0.927103556 0.265131255 0.259326354
1403637166.238319159 3.822704598 1.303692174 -6.237880304 -0.054770156 0.926025144 0.260650694 0.267467528
1403637166.338319063 3.748307892 1.362764093 -6.306702932 -0.044017398 0.928466348 0.244895644 0.275751397
1403637166.438319206 3.683888504 1.408872641 -6.369949689 -0.025663484 0.932699401 0.216626546 0.287204027
1403637166.638319016 3.564980820 1.473119711 -6.448344366 -0.024325658 0.926911174 0.219193808 0.303641256
1403637166.788318872 3.484656789 1.508605580 -6.468724705 -0.047611246 0.916819962 0.246986651 0.310115978
1403637166.938319206 3.427840504 1.547859402 -6.470753858 -0.074478079 0.915647981 0.239444887 0.314178193
1403637167.188318968 3.409711489 1.570863984 -6.419039839 -0.101569087 0.921433501 0.198286039 0.318318505
1403637167.388319016 3.469372261 1.526582300 -6.293889173 -0.101554558 0.921852576 0.198583333 0.316921379
1403637167.488318920 3.525764648 1.494943341 -6.198691080 -0.078365790 0.918412924 0.221461155 0.318326028
1403637167.588319063 3.591831633 1.464472765 -6.093839497 -0.044838603 0.913662972 0.245136823 0.321118998
1403637167.688318968 3.664316139 1.436449322 -5.981404818 -0.017266119 0.909347225 0.259142666 0.325014744
1403637167.788318872 3.735314915 1.417823362 -5.864860369 -0.008377952 0.903914404 0.268222509 0.333054420
1403637167.888319016 3.817000934 1.403325149 -5.744651841 -0.010313686 0.897109766 0.276169045 0.344700383
1403637167.988318920 3.893452648 1.387342065 -5.633477652 -0.019675038 0.892715223 0.276977212 0.354902870
1403637168.088319063 3.972375839 1.360255247 -5.525572519 -0.026480504 0.890229871 0.273121389 0.363585295
1403637168.188318968 4.065500386 1.337073642 -5.419310310 -0.020879637 0.886824757 0.276279428 0.369831813
1403637168.338319063 4.206944899 1.334176033 -5.255256063 -0.016702767 0.888616571 0.263486608 0.375041884
1403637168.438319206 4.304938544 1.340887854 -5.146900889 -0.014472443 0.892373749 0.248104287 0.376701345
1403637168.538319111 4.402905799 1.363137437 -5.036804326 -0.005300760 0.894024227 0.239831362 0.378382744
1403637168.688318968 4.544731742 1.385540498 -4.860811318 -0.005033478 0.891148841 0.249009435 0.379239645
1403637168.788318872 4.637862903 1.392649712 -4.745447140 -0.007004106 0.889837685 0.254130561 0.378889819
1403637168.888319016 4.735814703 1.385566713 -4.633620061 -0.013795752 0.889994719 0.255133162 0.377658770
1403637169.038319111 4.879668981 1.382632160 -4.461982468 -0.024066266 0.891394148 0.253454503 0.374964135
1403637169.188318968 5.030611124 1.377547257 -4.289602039 -0.032153273 0.890881898 0.245323125 0.380935920
1403637169.288318872 5.137118245 1.359026258 -4.167402589 -0.031189863 0.886629894 0.238334235 0.395109373
1403637169.388319016 5.245813532 1.332757490 -4.045184154 -0.027494645 0.879178610 0.231435417 0.415603974
1403637169.488318920 5.359059956 1.295425633 -3.913006328 -0.026577998 0.869158871 0.223172074 0.440511853
1403637169.588319063 5.465856402 1.251970950 -3.785374054 -0.027653299 0.856757675 0.210711321 0.469896075
1403637169.688318968 5.570929202 1.205064732 -3.647079578 -0.029884440 0.842446659 0.195582628 0.501136691
1403637169.788318872 5.678002552 1.160546253 -3.496839528 -0.029970131 0.825761816 0.186902485 0.531306574
1403637169.888319016 5.782021436 1.110970931 -3.351946199 -0.033536162 0.809236996 0.177821080 0.558919023
1403637169.988318920 5.882679873 1.073095729 -3.187857380 -0.036381702 0.794979526 0.166010587 0.582343893
1403637170.088319063 5.977573133 1.035002044 -3.019548937 -0.039259205 0.779666349 0.158890599 0.604427727
1403637170.188318968 6.073366624 1.000390407 -2.838968873 -0.038545111 0.764135894 0.150468938 0.626074843
1403637170.288318872 6.156816604 0.976551826 -2.642724432 -0.039458575 0.748748361 0.139804847 0.646740688
1403637170.388319016 6.246809140 0.954352199 -2.439366750 -0.029413969 0.729676423 0.134204742 0.669847911
1403637170.488318920 6.318183562 0.924998950 -2.231880575 -0.006792703 0.706311023 0.132138170 0.695426561
1403637170.588319063 6.385864810 0.916598088 -2.019716189 0.016680835 0.682304298 0.122902478 0.720470385
1403637170.688318968 6.444416065 0.906003456 -1.814916119 0.035235637 0.656862141 0.112079875 0.744801100
1403637170.788318872 6.479126845 0.870827076 -1.572050115 0.042363987 0.632309872 0.104295644 0.766493273
1403637170.888319016 6.499991167 0.861019016 -1.368028705 0.037585846 0.603092803 0.101159243 0.790337385
1403637170.988318920 6.503632721 0.843965396 -1.173332584 0.028772783 0.571903350 0.098041658 0.813932748
1403637171.088319063 6.497154451 0.809230417 -0.985937481 0.024370200 0.540097390 0.098666200 0.835443525
1403637171.188318968 6.468694461 0.775815223 -0.795915820 0.019111041 0.515770639 0.095995710 0.851117054
1403637171.288318872 6.440371914 0.738747255 -0.627757976 0.022218675 0.497770436 0.091788782 0.862151809
1403637171.388319016 6.407670713 0.699376594 -0.483025398 0.021617480 0.487033253 0.080330558 0.869412616
1403637171.538319111 6.330391829 0.634584970 -0.258460981 0.015783064 0.482290740 0.065487248 0.873417402
1403637171.688318968 6.230201061 0.568299466 -0.054052904 0.010806354 0.483750637 0.057529642 0.873246176
1403637171.838319063 6.107067068 0.521722453 0.147669838 0.011079215 0.490472986 0.051577829 0.869858166
1403637171.938319206 6.010454365 0.497372510 0.278886070 0.012070975 0.494985733 0.050046378 0.867374646
1403637172.038319111 5.900565123 0.476495715 0.409429421 0.013690040 0.499460497 0.049009967 0.864840921
1403637172.138319016 5.775863026 0.462878460 0.539697490 0.016018000 0.502067083 0.052855046 0.863063388
1403637172.238319159 5.638267320 0.446308275 0.659516429 0.015284291 0.498371481 0.074374768 0.863632243
1403637172.338319063 5.488480788 0.427456066 0.777849375 0.012723680 0.493045084 0.100947442 0.864033719
1403637172.438319206 5.334695551 0.402125167 0.885846324 0.012716998 0.489284213 0.121866222 0.863474296
1403637172.588319063 5.100612570 0.354195508 1.026593577 0.015402248 0.486996201 0.142241509 0.861605956
1403637172.738319159 4.876903854 0.301341893 1.138535037 0.015053008 0.487259328 0.153660352 0.859500000
1403637172.888319016 4.660008535 0.244774596 1.219684911 -0.005321674 0.493801998 0.174922952 0.851782383
1403637172.988318920 4.529176793 0.222847768 1.264743329 -0.026655671 0.500004967 0.192667001 0.843898059
1403637173.138319016 4.356766387 0.217059064 1.328350641 -0.044421424 0.511560138 0.213956904 0.830996634
1403637173.288318872 4.224889356 0.235304615 1.384811326 -0.038482670 0.537654000 0.226335825 0.811307189
1403637173.438319206 4.133360925 0.260539856 1.421690403 -0.021940814 0.570897183 0.228135591 0.788383891
1403637173.588319063 4.067770197 0.292293900 1.443534112 -0.008280248 0.600642947 0.236292096 0.763757509
1403637173.788318872 4.020390843 0.359157223 1.437468085 0.004727188 0.626843711 0.269577517 0.731007920
1403637173.938319206 4.015298969 0.426465514 1.400371702 -0.009202327 0.642225187 0.291888397 0.708705362
1403637174.088319063 4.046037246 0.474430632 1.320794115 -0.023271196 0.668798412 0.256894549 0.697260587
1403637174.188318968 4.083753804 0.482253134 1.251148835 -0.010359928 0.684942155 0.222405297 0.693745487
1403637174.338319063 4.144763781 0.485510479 1.134218290 0.015104895 0.692866609 0.200254266 0.692535872
1403637174.538319111 4.212083913 0.468708129 0.959850638 0.044333487 0.690118312 0.215703516 0.689378887
1403637174.688318968 4.248877980 0.455162574 0.800093250 0.044519024 0.707298182 0.213025320 0.672582746
1403637174.788318872 4.270074652 0.456823980 0.684627705 0.040245020 0.727957651 0.203062602 0.653623421
1403637174.888319016 4.283855303 0.468424085 0.566330402 0.034137654 0.744937821 0.211279882 0.631872673
1403637175.038319111 4.295298591 0.497471217 0.385619768 0.029044789 0.766742849 0.229420898 0.598855454
1403637175.188318968 4.298064022 0.530411473 0.205115430 0.041656385 0.785445193 0.225957564 0.574703205
1403637175.338319063 4.286276765 0.572946148 0.021550674 0.060227366 0.799893601 0.211223416 0.558504754
1403637175.438319206 4.265615958 0.609031315 -0.101913845 0.066340213 0.803833077 0.208378976 0.553199388
1403637175.588319063 4.210311706 0.672417874 -0.283002014 0.065954905 0.799533698 0.228140481 0.551677204
1403637175.688318968 4.160114793 0.718220352 -0.408548378 0.059218505 0.795271986 0.241777741 0.552792150
1403637175.788318872 4.098393963 0.758105885 -0.543478482 0.054204620 0.792889212 0.247205786 0.554326489
1403637175.938319206 3.999090004 0.808797793 -0.763290017 0.038668251 0.796440914 0.234239329 0.556164160
1403637176.038319111 3.925765607 0.827942110 -0.915639275 0.039585677 0.798873617 0.222291679 0.557512626
1403637176.138319016 3.844211254 0.847756916 -1.069538980 0.043154925 0.800739776 0.209869223 0.559382135
1403637176.238319159 3.756056625 0.865575124 -1.221659812 0.045365407 0.802044902 0.201127304 0.560547734
1403637176.438319206 3.557499395 0.929420657 -1.520289225 0.043406066 0.805471124 0.201689180 0.555566068
1403637176.588319063 3.391125806 0.987336511 -1.734923817 0.033743955 0.811544070 0.211736537 0.543530317
1403637176.688318968 3.272529013 1.035846113 -1.872213631 0.030724577 0.815749954 0.222530570 0.532999211
1403637176.838319063 3.085855475 1.102644024 -2.082814293 0.025471567 0.819675420 0.236673239 0.521027046
1403637176.988318920 2.905271675 1.181124647 -2.277704609 0.013403123 0.820192657 0.251824343 0.513506438
1403637177.138319016 2.720446937 1.270279685 -2.483408902 -0.004508743 0.813399071 0.279854925 0.509943961
1403637177.288318872 2.555496215 1.368456550 -2.684512569 -0.016660877 0.808106870 0.298963461 0.507253931
1403637177.438319206 2.413221980 1.477978726 -2.902553208 -0.028441030 0.807132758 0.302683638 0.506073546
1403637177.588319063 2.304774442 1.597567299 -3.130283369 -0.049670594 0.813586184 0.292437761 0.500090500
1403637177.738319159 2.233324810 1.699510759 -3.363739709 -0.063772688 0.823346593 0.269140967 0.495577010
1403637177.888319016 2.198237258 1.781616658 -3.597273717 -0.054300282 0.832196688 0.265222740 0.483897769
1403637178.038319111 2.192402955 1.863057540 -3.814303258 -0.060624971 0.847254245 0.263209242 0.457390153
1403637178.138319016 2.197562446 1.930716559 -3.960552527 -0.073354375 0.859373136 0.255596566 0.436769212
1403637178.238319159 2.220398892 1.986193682 -4.090150894 -0.082147679 0.869103727 0.249921673 0.418867076
1403637178.388319016 2.286225367 2.054269689 -4.268293696 -0.092532686 0.881425501 0.230741574 0.401603179
1403637178.588319063 2.432479258 2.082950241 -4.450536155 -0.093528876 0.887634490 0.225463024 0.390542937
1403637178.738319159 2.580131909 2.085991951 -4.549601795 -0.062248984 0.889188661 0.227935547 0.391808597
1403637178.888319016 2.746423187 2.099056787 -4.620874100 -0.028017788 0.890451616 0.225023138 0.394557359
1403637179.138319016 3.023196010 2.136794222 -4.678244328 -0.005061529 0.887963209 0.229575953 0.398485384
1403637179.338319063 3.230035840 2.156805783 -4.692064144 -0.015702480 0.884536277 0.237103568 0.401411141
1403637179.588319063 3.488103288 2.097858714 -4.693082407 -0.019253322 0.883235014 0.238300977 0.403407813
1403637179.838319063 3.751940103 2.103917532 -4.642369603 -0.034503087 0.888189323 0.225436933 0.398882755
1403637180.038319111 3.972958726 2.179509400 -4.549814287 -0.043001466 0.891479525 0.215000806 0.396471668
1403637180.188318968 4.147457108 2.223778264 -4.446288414 -0.023036208 0.887159721 0.229600101 0.399625770
1403637180.338319063 4.320733738 2.242575380 -4.335299495 -0.009132239 0.882915400 0.240960465 0.402883424
1403637180.488318920 4.490712114 2.245436574 -4.215636414 -0.013102784 0.874580164 0.267625565 0.404121778
1403637180.588319063 4.604825542 2.238697619 -4.141810197 -0.019201104 0.871598785 0.277555178 0.403621107
1403637180.738319159 4.784412912 2.208299996 -4.038088602 -0.025874055 0.879124372 0.256073924 0.401119704
1403637180.888319016 4.971101124 2.158776431 -3.935268587 -0.034654884 0.886053485 0.238480671 0.396024280
1403637180.988318920 5.095877392 2.119446998 -3.859620440 -0.044664531 0.889542046 0.230914180 0.391661423
1403637181.088319063 5.226350423 2.069164488 -3.777379860 -0.050742235 0.891811911 0.227778116 0.387574342
1403637181.188318968 5.361332582 2.004737028 -3.686672728 -0.035923878 0.891604960 0.233854082 0.386085922
1403637181.288318872 5.493715280 1.927244991 -3.600675592 -0.016273756 0.891255680 0.237736962 0.385849212
1403637181.388319016 5.632262500 1.850105568 -3.498868378 -0.008273531 0.894072769 0.231518045 0.383359917
1403637181.488318920 5.763699294 1.764022398 -3.399477014 -0.010546443 0.895384912 0.229732703 0.381310264
1403637181.588319063 5.888108287 1.676833325 -3.293297994 -0.013167058 0.894880465 0.234935373 0.379237329
1403637181.688318968 6.018961113 1.575894393 -3.184604813 -0.014513844 0.894608385 0.240656957 0.376230535
1403637181.788318872 6.144622761 1.477325477 -3.070231318 -0.006886961 0.894903752 0.243611241 0.373836071
1403637181.888319016 6.269753795 1.380531784 -2.956351905 -0.000211791 0.895370040 0.243817118 0.372646830
1403637181.988318920 6.394260749 1.289413003 -2.839420127 0.002027732 0.895431590 0.244305560 0.372173279
1403637182.088319063 6.516373205 1.202944511 -2.721118342 0.005276345 0.896937015 0.238230148 0.372454760
1403637182.188318968 6.630615670 1.119587316 -2.598955242 0.015511989 0.897075723 0.233926894 0.374556716
1403637182.288318872 6.741290254 1.036724518 -2.474031505 0.028504524 0.896069446 0.231088505 0.377948598
1403637182.388319016 6.845484130 0.961441440 -2.344495594 0.037282036 0.895721588 0.226574551 0.380732005
1403637182.488318920 6.935873681 0.880774658 -2.213627504 0.041417720 0.897059349 0.216657141 0.382921377
1403637182.638319016 7.054085258 0.758406508 -2.011261167 0.032722674 0.899159656 0.206997889 0.384178362
1403637182.788318872 7.141897616 0.617460904 -1.802271153 0.037586133 0.897342301 0.211149519 0.385720052
1403637182.938319206 7.208529788 0.495763165 -1.578900320 0.049557200 0.896000001 0.215612151 0.385018808
1403637183.138319016 7.260289746 0.369345587 -1.263405303 0.070874792 0.892782036 0.223945389 0.384402736
1403637183.338319063 7.259399045 0.299161771 -0.940264938 0.080564517 0.889873021 0.231875369 0.384537616
1403637183.588319063 7.170166681 0.250788554 -0.546167540 0.087629806 0.888122356 0.236933792 0.383955826
1403637183.838319063 6.983015277 0.230338805 -0.169622662 0.099668796 0.881577456 0.254991312 0.384534461
1403637184.138319016 6.607630151 0.176091660 0.194077615 0.106477543 0.873471281 0.280672047 0.383319261
1403637184.388319016 6.197778769 0.168204477 0.414538757 0.059443009 0.881941099 0.272642541 0.379884814
1403637184.538319111 5.934022671 0.188480257 0.536992207 0.033756946 0.880709360 0.281008956 0.379796601
1403637184.688318968 5.668468644 0.226451959 0.647979921 0.019170291 0.875890653 0.295770580 0.380746409
1403637184.838319063 5.409775220 0.267569030 0.736247256 0.012095782 0.871781772 0.306642124 0.381864953
1403637184.988318920 5.165468729 0.283600627 0.795271903 0.008284740 0.869637991 0.312407732 0.382181288
1403637185.238319159 4.792519753 0.284557306 0.834436464 0.001351542 0.868040443 0.317853208 0.381409624
1403637185.438319206 4.527172689 0.266092366 0.809597005 -0.015917839 0.865565800 0.325756503 0.380033117
1403637185.638319016 4.310176610 0.223165129 0.733110108 -0.015714557 0.870749335 0.313709584 0.378331793
1403637185.788318872 4.174635370 0.191469053 0.652458732 -0.007334844 0.879828982 0.289176934 0.377125792
1403637186.038319111 3.980315256 0.172522437 0.518042580 -0.003524115 0.886689585 0.269179608 0.375914218
1403637186.388319016 3.745239018 0.117788345 0.331224116 0.000957087 0.889093671 0.261203259 0.375878153
1403637186.688318968 3.557299402 0.011253999 0.169300121 0.017464660 0.888623162 0.264275484 0.374436016
1403637187.038319111 3.335115231 -0.039886514 -0.010853637 0.053776196 0.878349807 0.292737761 0.374051253
1403637187.288318872 3.151080534 -0.011222963 -0.169134754 0.039355051 0.883499188 0.289470629 0.366179082
1403637187.538319111 2.950708784 0.059675625 -0.355280248 0.006913992 0.884951373 0.303512525 0.353119544
1403637187.838319063 2.745310745 0.166864242 -0.617196318 0.007301636 0.883676772 0.314557506 0.346577010
1403637188.138319016 2.590944236 0.308561227 -0.932155378 -0.004677626 0.888387557 0.303556666 0.344382081
1403637188.288318872 2.536898051 0.392991745 -1.092718305 -0.014816972 0.896402938 0.280665948 0.342737297
1403637188.588319063 2.465169800 0.563088921 -1.414927977 0.006010601 0.904426134 0.264490896 0.334696589
1403637188.888319016 2.394091627 0.759816064 -1.714261938 0.045624004 0.913107674 0.279254565 0.293546783
1403637189.088319063 2.320696302 0.885078318 -1.911775854 0.030154095 0.916800306 0.290577043 0.272273596
1403637189.288318872 2.240701860 1.005608804 -2.121654570 0.021658306 0.912993983 0.310810076 0.263381856
1403637189.488318920 2.169197193 1.153905083 -2.330150549 0.033912166 0.919594037 0.290712431 0.262074519
1403637189.688318968 2.078909441 1.285574558 -2.563654355 0.023879616 0.923857168 0.275256070 0.264861839
1403637189.888319016 1.985673517 1.375073466 -2.790210914 0.016534025 0.922475059 0.277999412 0.267362522
1403637190.088319063 1.891104910 1.430805310 -3.020481112 0.015582741 0.925055467 0.269984856 0.266716589
1403637190.238319159 1.820961734 1.454739722 -3.189604419 0.018137849 0.926223064 0.267138606 0.265365444
1403637190.388319016 1.740874341 1.467914403 -3.352719164 0.020586184 0.926758264 0.266851219 0.263601510
1403637190.588319063 1.637342451 1.458640103 -3.558221536 0.018257489 0.928008247 0.264993478 0.261238999
1403637190.838319063 1.517128435 1.473093086 -3.777928197 0.011372858 0.922351826 0.262286639 0.283449267
1403637191.088319063 1.392569998 1.521153880 -3.965663047 0.022258548 0.915925119 0.259383211 0.305460446
1403637191.388319016 1.237149166 1.611502720 -4.153594466 0.017716942 0.915149538 0.254092303 0.312449252
1403637191.638319016 1.094684408 1.670628965 -4.287140004 0.004535374 0.916022173 0.255076599 0.309546020
1403637191.838319063 0.984367732 1.682030618 -4.378255981 -0.009772287 0.913019127 0.270283432 0.305364443
1403637192.088319063 0.875821757 1.652681107 -4.483371671 -0.030593784 0.912787923 0.275081085 0.300354167
1403637192.388319016 0.822162434 1.551867882 -4.601711084 -0.046894812 0.912011500 0.278994509 0.296981420
1403637192.688318968 0.864037804 1.467830546 -4.699010295 -0.018261905 0.904817764 0.304216138 0.297361495
1403637192.988318920 0.968482599 1.421550817 -4.812367731 -0.011699719 0.908540773 0.290897717 0.299658635
1403637193.238319159 1.087700851 1.346501588 -4.938522757 0.023545900 0.899241012 0.315329541 0.302288726
1403637193.538319111 1.233585859 1.323560170 -5.120182289 -0.002080752 0.908150422 0.291749353 0.300234569
1403637193.838319063 1.401357479 1.292884095 -5.329727273 -0.018981481 0.909943691 0.284489939 0.301177119
1403637194.088319063 1.573868163 1.263279913 -5.500862875 -0.011605660 0.913891770 0.272150036 0.301000831
1403637194.338319063 1.770493155 1.291977374 -5.643409300 -0.010040072 0.912924245 0.276491658 0.300034802
1403637194.688318968 2.076677287 1.278879195 -5.834284989 -0.012561487 0.910777566 0.284780009 0.298708523
1403637194.888319016 2.268201698 1.251755114 -5.951420387 -0.013742652 0.908253192 0.294483335 0.296929022
1403637195.038319111 2.423583464 1.243335553 -6.035670090 -0.006820985 0.912164093 0.283278131 0.296080464
1403637195.188318968 2.584879677 1.243704356 -6.119258384 -0.002179209 0.916536000 0.269868989 0.295174085
1403637195.338319063 2.745167493 1.259248526 -6.189916403 0.001476830 0.918975297 0.261664539 0.294981172
1403637195.538319111 2.961753017 1.276455011 -6.269239655 0.002860616 0.916064825 0.261292105 0.304209614
1403637195.688318968 3.117503548 1.268760493 -6.326193587 0.002907826 0.912965093 0.258807087 0.315444410
1403637195.838319063 3.274604561 1.246973230 -6.376990326 -0.005219324 0.912347663 0.253131685 0.321743455
1403637195.988318920 3.423251264 1.220886476 -6.419105036 -0.024420651 0.913269622 0.245034635 0.324500011
1403637196.138319016 3.580632962 1.202363502 -6.442770366 -0.041964289 0.917783616 0.225485663 0.324142637
1403637196.288318872 3.751771958 1.186459143 -6.437388827 -0.049128828 0.924195013 0.198705211 0.322437864
1403637196.438319206 3.926567852 1.170403343 -6.395132422 -0.052881028 0.927965937 0.183604392 0.319956629
1403637196.588319063 4.113135338 1.151277853 -6.306688459 -0.045987168 0.928343135 0.185783362 0.318667141
1403637196.738319159 4.310039830 1.134464450 -6.173798615 -0.035562688 0.927687127 0.193687366 0.317201976
1403637196.838319063 4.436534261 1.122707725 -6.068005822 -0.031364385 0.927121378 0.198046367 0.316606795
1403637196.938319206 4.563509385 1.112503320 -5.944468252 -0.028796940 0.928141599 0.195715824 0.315308144
1403637197.038319111 4.699089496 1.097122505 -5.806403420 -0.013698623 0.926076237 0.202451940 0.318132620
1403637197.138319016 4.823928838 1.073701367 -5.656170127 -0.004096560 0.920950948 0.209966049 0.328248120
1403637197.238319159 4.940937776 1.037543322 -5.499408825 0.000852195 0.912662552 0.217018727 0.346336848
1403637197.288318872 5.004013963 1.016080116 -5.417335527 0.001745499 0.906992816 0.221917702 0.357929488
1403637197.338319063 5.058165921 0.996357997 -5.334677558 0.002906991 0.900612115 0.225588232 0.371482592
1403637197.438319206 5.163583872 0.945276318 -5.167767647 0.004178978 0.885830570 0.228506556 0.403821114
1403637197.488318920 5.214721919 0.914096635 -5.080820651 -0.000444642 0.877470208 0.228481899 0.421713004
1403637197.538319111 5.267884158 0.883407948 -4.995774439 -0.004242486 0.868423417 0.227138998 0.440716060
1403637197.588319063 5.317474256 0.850155201 -4.905516431 -0.010952678 0.858357952 0.225020612 0.460941850
1403637197.638319016 5.367130874 0.815137928 -4.814694234 -0.014558309 0.848137433 0.221516486 0.481021203
1403637197.688318968 5.412839006 0.781298092 -4.729169181 -0.016244915 0.837296272 0.216815821 0.501659202
1403637197.788318872 5.506229868 0.707996662 -4.563996988 -0.022541206 0.816415687 0.203354229 0.540004054
1403637197.888319016 5.594316508 0.627548337 -4.394234404 -0.029960228 0.796355508 0.185318570 0.574958535
1403637197.988318920 5.681505124 0.534685918 -4.217919027 -0.034254175 0.776553849 0.172089292 0.605124818
1403637198.088319063 5.756331887 0.436469709 -4.031628111 -0.034328443 0.757570897 0.161356421 0.631563140
1403637198.188318968 5.840845957 0.325942419 -3.848878243 -0.035098470 0.738153700 0.154108151 0.655856608
1403637198.288318872 5.904815541 0.213674400 -3.657127575 -0.036436352 0.719895597 0.143152082 0.678181542
1403637198.388319016 5.971324451 0.093853526 -3.464027399 -0.038650058 0.703426460 0.129286106 0.697841308
1403637198.488318920 6.029427629 -0.017933602 -3.262082913 -0.039206394 0.693017117 0.114956296 0.710616060
1403637198.588319063 6.083616678 -0.118684040 -3.044945797 -0.040887018 0.688070952 0.101984728 0.717276607
1403637198.688318968 6.131441102 -0.207405587 -2.822674205 -0.041473820 0.685131512 0.095630529 0.720922697
1403637198.788318872 6.175699055 -0.280097258 -2.578124803 -0.038161506 0.683712754 0.094252785 0.722631982
1403637198.938319206 6.221490425 -0.372252877 -2.187791964 -0.015713826 0.683904105 0.092777444 0.723478124
1403637199.038319111 6.239361703 -0.429921674 -1.921475059 0.003847618 0.678999231 0.098152596 0.727537840
1403637199.138319016 6.240068106 -0.492097722 -1.645457904 0.010599655 0.669241298 0.108337794 0.735028336
1403637199.238319159 6.227028746 -0.559005449 -1.372494027 0.010855389 0.655970546 0.113839310 0.746073331
1403637199.338319063 6.203003229 -0.632076996 -1.101956418 0.010434222 0.641227560 0.108939276 0.759506799
1403637199.438319206 6.164831150 -0.705582167 -0.836190423 0.010109558 0.623091590 0.100293930 0.775626066
1403637199.538319111 6.116038274 -0.783117185 -0.576317849 0.009507150 0.602014867 0.091977541 0.793112757
1403637199.638319016 6.055429262 -0.853287537 -0.313059723 0.014590563 0.579400723 0.086486857 0.810309781
1403637199.738319159 5.983311128 -0.911223535 -0.055506871 0.024750906 0.553212569 0.084775601 0.828345546
1403637199.838319063 5.902170160 -0.958005367 0.207517062 0.039629293 0.521434052 0.087992440 0.847816831
1403637199.938319206 5.812540154 -0.980725564 0.464341150 0.059503710 0.485152345 0.091449017 0.867596443
1403637200.038319111 5.719681712 -0.986582034 0.707231172 0.082648541 0.445982507 0.088611638 0.886801443
1403637200.138319016 5.610288829 -0.976069993 0.926207364 0.097225191 0.408093172 0.076023832 0.904559342
1403637200.238319159 5.492916473 -0.959153483 1.123485118 0.089528437 0.374235373 0.063559907 0.920810883
1403637200.388319016 5.304863202 -0.914886194 1.378450960 0.043688461 0.343940101 0.039252440 0.937153014
1403637200.488318920 5.167665315 -0.890548693 1.521773970 0.012412989 0.330383614 0.037248106 0.943029779
1403637200.588319063 5.026956580 -0.871324413 1.656123577 0.002589277 0.317808563 0.048584560 0.946905778
1403637200.738319159 4.810715875 -0.852807675 1.839247748 -0.001882976 0.311504462 0.061058229 0.948279135
1403637200.938319206 4.528881061 -0.849034999 2.038989381 0.007283061 0.321402102 0.077355680 0.943749832
1403637201.188318968 4.196336875 -0.872505148 2.225235399 0.004905812 0.344035058 0.082981876 0.935269918
1403637201.438319206 3.874933410 -0.907152823 2.347111331 0.008028564 0.356755904 0.133242260 0.924611955
1403637201.838319063 3.501695061 -0.880608026 2.402754631 0.015448869 0.388833111 0.166022886 0.906094115
1403637202.338319063 3.306640425 -0.826196858 2.161630110 -0.039407503 0.392238918 0.149420504 0.906790600
1403637202.888319016 3.400454546 -0.782810104 1.778498158 -0.030629110 0.405322307 0.094291619 0.908782029
1403637203.338319063 3.524343254 -0.739334738 1.506546258 -0.032324451 0.411000381 0.081457635 0.907413065
1403637203.888319016 3.625094864 -0.601618777 1.287243876 -0.029637944 0.416011078 0.078186968 0.905507136
1403637204.438319206 3.649801505 -0.489565341 1.143623934 -0.025413874 0.418177566 0.082635723 0.904241669
1403637205.488318920 3.538354680 -0.482612580 0.940180749 -0.036883108 0.409698320 0.082934366 0.907694229
1403637206.538319111 3.346466650 -0.482461100 0.943258127 -0.021780237 0.391649821 0.089990651 0.915444003
1403637207.588319063 3.089880756 -0.486901284 0.868002297 -0.021097231 0.401093835 0.093095923 0.911049829
1403637208.638319016 2.875426239 -0.572904509 0.671328543 -0.023084511 0.408706810 0.093811335 0.907538034
1403637209.438319206 2.707694394 -0.470009560 0.586479482 -0.045943789 0.374770116 0.075457568 0.922899065
1403637209.738319159 2.624953979 -0.500794233 0.593783361 -0.088821575 0.351047885 0.083622540 0.928376745
1403637210.138319016 2.607027514 -0.565383836 0.735477106 -0.122287394 0.344905428 0.096488812 0.925621925
1403637210.588319063 2.796272268 -0.571575437 1.175750568 -0.119717219 0.344215812 0.095645059 0.926301941
1403637210.938319206 3.072245697 -0.611997720 1.705547594 -0.076761673 0.338516284 0.106457942 0.931762350
1403637211.188318968 3.336233507 -0.636253548 2.117793053 -0.046061711 0.341669437 0.104385312 0.932868705
1403637211.488318920 3.683890072 -0.631939912 2.599600389 -0.026087290 0.355169477 0.083285660 0.930718859
1403637211.688318968 3.917510730 -0.630361114 2.902280986 -0.034133299 0.353399572 0.091951739 0.930316364
1403637211.938319206 4.207056600 -0.659535796 3.256607666 -0.049655791 0.347493769 0.112201300 0.929619950
1403637212.088319063 4.398520249 -0.707257263 3.456103544 -0.040061839 0.353465026 0.096841563 0.929558624
1403637212.238319159 4.593567595 -0.767893244 3.647567827 -0.022005947 0.358516098 0.083700538 0.929503182
1403637212.488318920 4.911841172 -0.889300733 3.935959327 -0.017064972 0.362714895 0.078916304 0.928395879
1403637212.688318968 5.146967417 -0.996318107 4.144599987 -0.035124217 0.364051750 0.085054798 0.926821608
1403637212.888319016 5.383027290 -1.114481949 4.342949604 -0.045308319 0.365715552 0.081792370 0.926017980
1403637213.088319063 5.610725545 -1.235589111 4.546948406 -0.046735731 0.364490278 0.078376011 0.926725315
1403637213.288318872 5.837658814 -1.343871886 4.757908768 -0.045842145 0.359615165 0.083419351 0.928233076
1403637213.488318920 6.065483968 -1.433979480 4.971409254 -0.039497973 0.360256798 0.079422732 0.928626394
1403637213.788318872 6.400718484 -1.526962156 5.305743493 -0.048300038 0.367682932 0.052622726 0.927203978
1403637214.138319016 6.736795726 -1.617238289 5.731817371 -0.036673729 0.355184589 0.049204489 0.932779644
1403637214.438319206 6.942907597 -1.737589564 6.099351395 -0.017346826 0.307683996 0.024123788 0.951024547
1403637214.588319063 7.016201780 -1.820397798 6.264496853 -0.016889827 0.276982195 -0.007390833 0.960698170
1403637214.888319016 7.064745585 -1.988339975 6.579737460 -0.011279737 0.242984334 -0.049479265 0.968701803
1403637215.188318968 6.972528223 -2.133391274 6.871730078 0.000762525 0.235560191 -0.049681366 0.970588778
1403637215.438319206 6.784570419 -2.205927936 7.100290266 0.020994853 0.212784393 -0.032616533 0.976328930
1403637215.588319063 6.629544186 -2.242172720 7.203171174 0.035147637 0.181956305 -0.030081342 0.982217725
1403637215.738319159 6.455624208 -2.277642278 7.272948182 0.025494942 0.142564198 -0.035973627 0.988802991
1403637215.888319016 6.260681646 -2.306925471 7.306212325 0.003148156 0.100159952 -0.040524433 0.994140756
1403637216.038319111 6.057767253 -2.354314307 7.318773803 -0.009324213 0.064334074 -0.038090586 0.997157607
1403637216.188318968 5.836137807 -2.390213173 7.314327964 -0.012767822 0.033956393 -0.036950074 0.998658419
1403637216.388319016 5.567584137 -2.422356507 7.295127502 -0.006350452 0.012853371 -0.032806769 0.999358884
1403637216.638319016 5.249172307 -2.423687859 7.244468973 0.012487861 0.007525274 -0.028319456 0.999492587
1403637216.938319206 4.899792642 -2.393634902 7.112093448 0.036982993 0.015249518 -0.026876645 0.998838003
1403637217.238319159 4.595704579 -2.353220758 6.847338459 0.015102164 0.014457204 0.005202592 0.999767897
1403637217.738319159 4.260392844 -2.136476695 6.257353047 0.023965278 0.003393180 -0.018270177 0.999540070
1403637217.938319206 4.169835656 -2.029967037 5.953274436 0.023418387 -0.035668543 -0.059762699 0.997300233
1403637218.138319016 4.075377888 -1.926458237 5.603498045 0.010882180 -0.069508188 -0.069783676 0.995078102
1403637218.288318872 4.011323918 -1.856066822 5.324459579 0.004248828 -0.082468389 -0.073410327 0.993877174
1403637218.488318920 3.924391218 -1.718554666 4.946980125 0.005660079 -0.087161440 -0.076161117 0.993262468
1403637218.938319206 3.743802545 -1.405824599 4.019079462 -0.008857759 -0.076013474 -0.087481304 0.993222288
1403637219.138319016 3.643785981 -1.229543004 3.593185056 -0.010787396 -0.070178014 -0.097835974 0.992666510
1403637219.338319063 3.528471374 -1.036118156 3.164160017 -0.013656862 -0.069715658 -0.092670347 0.993159315
1403637219.488318920 3.428127426 -0.910837609 2.834464223 -0.026882094 -0.069445397 -0.088110770 0.993323302
1403637219.638319016 3.320959889 -0.802929023 2.495071775 -0.049469127 -0.068570038 -0.083834914 0.992886027
1403637219.838319063 3.165972578 -0.684761828 2.058130072 -0.063123541 -0.066757229 -0.082060024 0.992383516
1403637220.088319063 2.942689251 -0.589151864 1.554217371 -0.068166191 -0.066734785 -0.079340792 0.992272582
1403637220.388319016 2.661770637 -0.554333341 0.999329509 -0.062855043 -0.071529107 -0.060767230 0.993599605
1403637220.688318968 2.403571256 -0.539684872 0.505151401 -0.054241183 -0.074096256 -0.045784239 0.994721791
1403637220.988318920 2.171399164 -0.491284381 0.078318227 -0.059774963 -0.070228884 -0.048272834 0.994567540
1403637221.238319159 2.008033078 -0.429867020 -0.232196186 -0.070636564 -0.042710282 -0.045376959 0.995553735
1403637221.588319063 1.831990372 -0.293380179 -0.583835501 -0.071331467 -0.003916410 -0.030454336 0.996979948
1403637221.888319016 1.705268148 -0.157337728 -0.797860277 -0.074334803 0.012745065 -0.021450467 0.996921149
1403637222.138319016 1.629779697 -0.032967918 -0.919764355 -0.075305746 0.056987389 -0.005982865 0.995512776
1403637222.638319016 1.548411249 0.192962194 -1.055044145 -0.036950787 0.128606981 0.010631556 0.990949975
1403637222.888319016 1.520096134 0.249464069 -1.120891845 -0.052451703 0.132477598 0.012161828 0.989722484
1403637223.488318920 1.497680911 0.141460245 -1.213364477 -0.048514944 0.121706537 0.001179185 0.991379054
1403637224.538319111 1.506713112 0.023956866 -1.160559547 -0.033359946 0.122450343 -0.011211623 0.991850456
1403637225.488318920 1.449334411 0.173051558 -1.126159069 -0.025374705 0.119661967 -0.012595735 0.992410442
1403637226.138319016 1.305659073 0.113211096 -1.208992458 -0.028284496 0.116815925 -0.013778319 0.992655119
1403637226.538319111 1.181021709 0.076786157 -1.270559090 -0.052570849 0.118061089 -0.014939852 0.991501228
1403637227.088319063 0.984563882 0.110786179 -1.266769948 -0.050078743 0.110677397 0.013514590 0.992501884
1403637227.588319063 0.879989821 0.085474991 -1.217496403 -0.049366511 0.119135095 0.006873483 0.991626206
1403637228.338319063 0.850962180 0.140012772 -1.091017896 -0.019380021 0.120075982 -0.004975003 0.992563057
1403637228.888319016 0.790725428 0.103978031 -1.119206967 -0.037267815 0.118246959 -0.003092356 0.992279801
1403637229.438319206 0.691253013 0.152331430 -1.172392847 -0.036932815 0.137208326 -0.002713217 0.989849726
1403637229.638319016 0.655866936 0.195799091 -1.189785471 -0.055060998 0.170315825 0.047618034 0.982696967
1403637229.788318872 0.649358856 0.231689465 -1.197150925 -0.056520002 0.214334544 0.063346982 0.973063899
1403637229.988318920 0.665571041 0.282364164 -1.196837511 -0.039054258 0.285514625 0.051196878 0.956208682
1403637230.188318968 0.681289590 0.326354608 -1.194478773 -0.045335885 0.339071550 0.072886350 0.936836550
1403637230.488318920 0.702942240 0.326166768 -1.186277205 -0.035574255 0.378809166 0.076509194 0.921620546
1403637230.838319063 0.711735065 0.258363452 -1.184182705 -0.019238184 0.420508380 0.102021232 0.901329165
1403637231.038319111 0.717332797 0.224262767 -1.198196864 -0.036947199 0.467075112 0.138083853 0.872587299
1403637231.238319159 0.745975403 0.229952600 -1.206298126 -0.034016205 0.529243519 0.167398832 0.831096761
1403637231.388319016 0.788291988 0.269566903 -1.206281241 -0.023650575 0.581074027 0.187070913 0.791705816
1403637231.538319111 0.840600647 0.350369793 -1.204110620 -0.011659439 0.631623698 0.212072634 0.745614350
1403637231.688318968 0.909001998 0.458711310 -1.210215465 -0.009241530 0.680109802 0.232275022 0.695279487
1403637231.838319063 0.981571322 0.546828720 -1.239044546 -0.003995403 0.721339859 0.245366759 0.647648052
1403637231.988318920 1.059443511 0.621355413 -1.289566899 -0.000931493 0.751421864 0.260121412 0.606383678
1403637232.138319016 1.145920380 0.690215293 -1.357112530 0.024227266 0.782131748 0.256027787 0.567567389
1403637232.338319063 1.250969607 0.759293462 -1.472468830 0.035488415 0.816119759 0.252151895 0.518756718
1403637232.538319111 1.330860270 0.808484616 -1.632379736 0.040952466 0.842712404 0.259763304 0.469767735
1403637232.738319159 1.384290212 0.838789912 -1.804304299 0.050016048 0.857101855 0.298512184 0.416851630
1403637232.888319016 1.411572303 0.859293905 -1.964598453 0.044528945 0.864481086 0.321683187 0.383678971
1403637233.088319063 1.437964565 0.883824249 -2.212446098 0.021657590 0.869887679 0.335533342 0.360892990
1403637233.288318872 1.474663657 0.918223072 -2.512649697 0.002548168 0.867131532 0.347940164 0.356390313
1403637233.488318920 1.541669032 0.985133458 -2.847406104 -0.017225328 0.863305314 0.352964567 0.360309918
1403637233.588319063 1.585473207 1.048628324 -3.026346457 -0.043268592 0.871337438 0.326043478 0.364135345
1403637233.688318968 1.652295029 1.120639117 -3.208397221 -0.069832254 0.882708166 0.285126635 0.366950340
1403637233.838319063 1.771235826 1.235580898 -3.478967053 -0.095491751 0.893243371 0.238415772 0.368992583
1403637233.938319206 1.867694049 1.308859879 -3.637653815 -0.104889249 0.895987161 0.223656966 0.369029558
1403637234.088319063 2.051087706 1.412070567 -3.834654476 -0.118072950 0.898880000 0.206947235 0.367758570
1403637234.288318872 2.352347404 1.542480435 -4.019652696 -0.124017006 0.903826802 0.187027804 0.364331572
1403637234.438319206 2.619926276 1.621086243 -4.090435902 -0.096882012 0.904909713 0.189326255 0.368656828
1403637234.588319063 2.916169447 1.682697839 -4.106099738 -0.063664901 0.900506837 0.191719334 0.385068713
1403637234.738319159 3.217545782 1.754609481 -4.083908747 -0.035643238 0.890936120 0.191754833 0.410112757
1403637234.838319063 3.418827904 1.795854613 -4.046331008 -0.017908703 0.881496431 0.195476455 0.429455791
1403637234.938319206 3.614582004 1.825792867 -3.999009770 -0.000348162 0.869467219 0.201200589 0.451159569
1403637235.038319111 3.796583557 1.861174657 -3.941934548 0.005146185 0.858648045 0.199531197 0.472106294
1403637235.138319016 3.972957669 1.879023220 -3.880558443 0.003470595 0.847749246 0.195624371 0.492991153
1403637235.288318872 4.215539205 1.891289800 -3.779953772 -0.001749268 0.831631436 0.191386135 0.521303600
1403637235.438319206 4.441411241 1.894446805 -3.665899363 -0.015827735 0.816245341 0.207984162 0.538735199
1403637235.588319063 4.655251030 1.885120373 -3.541712431 -0.027880806 0.800620283 0.222291777 0.555712326
1403637235.738319159 4.874851048 1.850208901 -3.420490914 -0.029679313 0.789264373 0.213066559 0.575137835
1403637235.888319016 5.094219291 1.795074015 -3.292680919 -0.036991114 0.783228706 0.174036635 0.595731232
1403637235.988318920 5.236070305 1.752041155 -3.195240386 -0.047482422 0.775614503 0.153229162 0.610482093
1403637236.088319063 5.372786273 1.697417533 -3.085171179 -0.055460554 0.765091873 0.139402988 0.626199138
1403637236.238319159 5.571415485 1.592557375 -2.894230629 -0.063705366 0.746277629 0.126163710 0.650456797
1403637236.338319063 5.694889810 1.511454854 -2.751077241 -0.062286038 0.731492436 0.121332087 0.668070198
1403637236.438319206 5.811469189 1.410765728 -2.592486199 -0.057504342 0.716037175 0.120822007 0.685117550
1403637236.538319111 5.924650804 1.300694079 -2.419461711 -0.049386132 0.703513128 0.121953791 0.698396422
1403637236.638319016 6.032475645 1.200837286 -2.236743966 -0.041069153 0.696129664 0.118507003 0.706875453
1403637236.738319159 6.131899338 1.105241326 -2.051265556 -0.031069261 0.689876995 0.111481412 0.714616210
1403637236.838319063 6.226420447 1.006853924 -1.852762289 -0.018213402 0.681017136 0.103249950 0.724722968
1403637236.938319206 6.304304238 0.887580335 -1.642269089 0.001278625 0.670047652 0.093266847 0.736434522
1403637236.988318920 6.339273795 0.818069420 -1.525357546 0.010791909 0.666302037 0.086838450 0.740529684
1403637237.038319111 6.366298343 0.761578637 -1.417195854 0.023021657 0.662403300 0.079685203 0.744541564
1403637237.138319016 6.401504310 0.639384181 -1.200267887 0.046053290 0.652948747 0.068929418 0.752851754
1403637237.238319159 6.413334009 0.512839030 -0.992600252 0.060154317 0.638587462 0.067625340 0.764208300
1403637237.338319063 6.398332162 0.393081161 -0.781836378 0.062766996 0.623854171 0.070006446 0.775864276
1403637237.438319206 6.358234952 0.261543304 -0.585692961 0.064103438 0.611091869 0.073967060 0.785484787
1403637237.538319111 6.295260390 0.121348315 -0.392959028 0.063297500 0.601989629 0.076964869 0.792261524
1403637237.638319016 6.211069416 -0.013288564 -0.222394510 0.066707620 0.593419361 0.082280556 0.797893142
1403637237.738319159 6.102115215 -0.138941541 -0.048608018 0.073770438 0.586619277 0.090722568 0.801377041
1403637237.838319063 5.976533448 -0.264196184 0.108873923 0.075853462 0.582412867 0.103580694 0.802690815
1403637237.938319206 5.838045748 -0.377915346 0.249421328 0.072729933 0.583579528 0.120877045 0.799708716
1403637238.038319111 5.688680298 -0.478939750 0.382971853 0.067023743 0.590015049 0.142538762 0.791879259
1403637238.138319016 5.530452179 -0.569775228 0.503238295 0.064842016 0.598780699 0.172301816 0.779467300
1403637238.288318872 5.283967527 -0.684486940 0.650725924 0.071833956 0.619274170 0.216431432 0.751330035
1403637238.438319206 5.035594946 -0.784112724 0.756002248 0.084537748 0.648685768 0.254361301 0.712292407
1403637238.588319063 4.778283282 -0.841924241 0.797773578 0.094976338 0.681195308 0.280851425 0.669383989
1403637238.738319159 4.519438797 -0.874654716 0.787692587 0.083692261 0.695434322 0.323697805 0.636071097
1403637238.888319016 4.272321511 -0.894428563 0.722337485 0.055837040 0.695907319 0.370406449 0.612694288
1403637239.038319111 4.057862483 -0.898053082 0.588802938 0.023419312 0.695851355 0.397986365 0.597368631
1403637239.138319016 3.939120813 -0.893378677 0.446437039 0.004071057 0.706993040 0.386440042 0.592290774
1403637239.238319159 3.843077072 -0.877936571 0.270783933 -0.004209956 0.726224976 0.357904236 0.586927694
1403637239.388319016 3.737468843 -0.847858408 -0.018705275 -0.001953690 0.750683308 0.334100516 0.569954033
1403637239.538319111 3.661410117 -0.782646950 -0.333938842 0.006025687 0.774394069 0.328575007 0.540662540
1403637239.638319016 3.621366252 -0.715898955 -0.552140619 0.010362304 0.792104222 0.325482085 0.516260531
1403637239.738319159 3.591783345 -0.631867658 -0.775007812 0.015317586 0.812584090 0.315330135 0.489938133
1403637239.838319063 3.568065498 -0.531210538 -1.002493311 0.019692616 0.836807372 0.293238594 0.461927212
1403637239.938319206 3.543573642 -0.423207971 -1.230687834 0.023492776 0.858358006 0.274727919 0.432659444
1403637240.038319111 3.520055946 -0.294900633 -1.469633937 0.024314615 0.876780491 0.262123909 0.402437357
1403637240.138319016 3.482560239 -0.173795467 -1.700640600 0.026603672 0.890758843 0.260395234 0.371530955
1403637240.238319159 3.446726470 -0.050793054 -1.923918083 0.026557182 0.901403953 0.265091907 0.341309112
1403637240.338319063 3.425800581 0.076173437 -2.135256121 0.019888052 0.906385408 0.280426836 0.315326415
1403637240.438319206 3.393570689 0.208348534 -2.349103927 0.006099564 0.907501993 0.297252152 0.296722236
1403637240.538319111 3.361873436 0.323083335 -2.566654518 -0.006364950 0.907510333 0.308661287 0.284802901
1403637240.638319016 3.333248839 0.439999720 -2.783468282 -0.009877873 0.908717956 0.310543933 0.278741044
1403637240.788318872 3.315997563 0.580043897 -3.119640945 -0.013349362 0.911849224 0.303604204 0.276002308
1403637240.888319016 3.309173730 0.667396529 -3.346336722 -0.013956138 0.918452417 0.281684035 0.277316585
1403637240.988318920 3.306259912 0.748507436 -3.573656087 -0.013595009 0.922394681 0.265790021 0.279926586
1403637241.138319016 3.316997258 0.869715349 -3.885563444 -0.011272351 0.920160218 0.268424998 0.284826488
1403637241.288318872 3.336620855 1.006001378 -4.182373574 -0.019395686 0.919004586 0.266819772 0.289588653
1403637241.388319016 3.354626935 1.093634051 -4.373259912 -0.027442352 0.919368746 0.261832184 0.292321628
1403637241.488318920 3.380122768 1.178029777 -4.555580752 -0.036977528 0.919961242 0.256273262 0.294326333
1403637241.638319016 3.427751884 1.300486512 -4.813715939 -0.045305425 0.922504899 0.241492365 0.297680312
1403637241.738319159 3.473151891 1.363878915 -4.968584891 -0.043536875 0.925096299 0.229406583 0.299456169
1403637241.888319016 3.557586542 1.431969298 -5.176904402 -0.029829139 0.928139987 0.216244671 0.301503946
1403637242.038319111 3.644984366 1.483815740 -5.349540432 -0.001577149 0.929831168 0.207519130 0.303887024
1403637242.188318968 3.722478303 1.515474986 -5.489782155 -0.011332160 0.930237714 0.209275087 0.301219713
1403637242.338319063 3.800312552 1.529232155 -5.595120221 -0.028097703 0.931311946 0.207742557 0.297844940
1403637242.538319111 3.914451314 1.545731151 -5.676298796 -0.045082807 0.934787383 0.193291163 0.294582101
1403637242.688318968 4.015013952 1.545002004 -5.685140742 -0.039190324 0.930852093 0.190564846 0.309295230
1403637242.838319063 4.120752575 1.516735764 -5.652695636 -0.019663938 0.921895705 0.192002519 0.335941471
1403637242.988318920 4.225311896 1.462626709 -5.584308852 -0.009169854 0.916413664 0.185214820 0.354679266
1403637243.138319016 4.320245565 1.409099917 -5.480948652 -0.019644441 0.912669769 0.185203753 0.363796041
1403637243.238319159 4.377526839 1.374294529 -5.393721151 -0.021652842 0.908480152 0.197106233 0.367891426
1403637243.388319016 4.465308153 1.332324386 -5.237898487 -0.017465546 0.904054016 0.211057161 0.371262934
1403637243.538319111 4.554818954 1.288460306 -5.058704812 -0.012804742 0.902542914 0.217497354 0.371412477
1403637243.688318968 4.637863228 1.222120105 -4.867236645 -0.006736428 0.897374710 0.237717218 0.371703880
1403637243.838319063 4.717695641 1.143018537 -4.675921568 0.009127438 0.891288882 0.260009012 0.371370613
1403637243.988318920 4.792644750 1.039328052 -4.493238242 0.019574008 0.887420967 0.274922486 0.369484117
1403637244.138319016 4.858724923 0.923891751 -4.331819413 0.019241005 0.888398378 0.275941895 0.366379826
1403637244.288318872 4.917383047 0.797321497 -4.182926900 0.019334307 0.890074996 0.274424776 0.363433251
1403637244.488318920 4.984606428 0.616831502 -4.004129569 0.013009434 0.886040098 0.281702990 0.367977070
1403637244.638319016 5.035986332 0.479451900 -3.884785904 -0.008438858 0.881230526 0.276243061 0.383472707
1403637244.838319063 5.117002262 0.318874408 -3.727630330 -0.024142644 0.871215293 0.271564020 0.408232813
1403637245.088319063 5.241300904 0.157488223 -3.544532662 -0.014668084 0.857196094 0.288559528 0.426301656
1403637245.238319159 5.330950386 0.081819849 -3.449034185 -0.010025436 0.850272929 0.303821196 0.429683742
1403637245.488318920 5.510649185 -0.013022734 -3.325765692 -0.026180884 0.856684184 0.279296285 0.432897627
1403637245.738319159 5.719814480 -0.075056106 -3.216570596 -0.030353790 0.843708969 0.269894571 0.463023481
1403637245.888319016 5.866182440 -0.105782319 -3.154565625 -0.020854856 0.832155350 0.244805795 0.497144517
1403637246.038319111 6.020581005 -0.119545813 -3.083233153 -0.015823296 0.810116083 0.222177048 0.542308875
1403637246.188318968 6.170834699 -0.125530009 -2.996426541 -0.014505221 0.776784429 0.202313914 0.596208545
1403637246.338319063 6.312901228 -0.125748306 -2.908263164 -0.015545009 0.734127374 0.182688217 0.653789237
1403637246.488318920 6.442929875 -0.114737070 -2.814923118 -0.023816601 0.689016836 0.151592642 0.708313659
1403637246.638319016 6.561360453 -0.097959960 -2.696108725 -0.021076734 0.645444486 0.119533587 0.754101391
1403637246.788318872 6.658292750 -0.087058520 -2.564008775 -0.014401761 0.602073111 0.092668205 0.792914347
1403637246.938319206 6.728258974 -0.079740023 -2.433793377 -0.017907475 0.557397708 0.079560037 0.826230790
1403637247.088319063 6.771334081 -0.092518974 -2.295553771 -0.034800286 0.523295689 0.084850348 0.847201854
1403637247.238319159 6.801237621 -0.095480758 -2.152658891 -0.043357154 0.504330977 0.097130980 0.856934067
1403637247.438319206 6.839672769 -0.102557100 -1.948231516 -0.011899268 0.501998364 0.083687957 0.860727818
1403637247.638319016 6.848162281 -0.094837150 -1.740881473 -0.004139354 0.499440839 0.075347051 0.863055349
1403637247.788318872 6.827260165 -0.075695891 -1.582565983 -0.011026796 0.490638511 0.054747717 0.869571704
1403637247.938319206 6.774825339 -0.067036160 -1.424028751 -0.006144223 0.471250694 0.045285263 0.880814553
1403637248.088319063 6.691269494 -0.079681071 -1.267749004 -0.006731118 0.444065530 0.052283308 0.894442258
1403637248.188318968 6.617253119 -0.085212711 -1.162473989 -0.017152270 0.426837673 0.057298745 0.902348189
1403637248.338319063 6.508793649 -0.096590546 -1.017614952 -0.028439703 0.408415337 0.061476083 0.910279510
1403637248.488318920 6.387440249 -0.100464337 -0.861236707 -0.025327737 0.400853440 0.061767719 0.913706613
1403637248.638319016 6.257877832 -0.106969591 -0.711133530 -0.016925949 0.400506876 0.056554912 0.914390123
1403637248.788318872 6.122086482 -0.118514810 -0.568300394 -0.029843165 0.402814868 0.060356502 0.912801545
1403637248.938319206 5.972858307 -0.144142164 -0.429352896 -0.035635542 0.406113694 0.067576330 0.910623531
1403637249.088319063 5.820195808 -0.193418016 -0.291455627 -0.037025759 0.410283511 0.070252094 0.908493906
1403637249.238319159 5.660263644 -0.258407679 -0.153320978 -0.036212123 0.413610186 0.071178926 0.906944793
1403637249.388319016 5.494177729 -0.331651001 -0.015115407 -0.033826640 0.416278360 0.071365431 0.905800784
1403637249.538319111 5.324501920 -0.370511113 0.135029841 -0.032711686 0.416963937 0.072904773 0.905403730
1403637249.688318968 5.158295179 -0.376838561 0.295489779 -0.029904081 0.416537955 0.072163807 0.905756183
1403637249.838319063 4.990343767 -0.370059396 0.451634239 -0.016204802 0.413464943 0.065549478 0.908012892
1403637249.988318920 4.805517937 -0.375997696 0.599830902 -0.015140792 0.397919250 0.064091634 0.915053708
1403637250.138319016 4.612682351 -0.403532306 0.743205551 -0.021045638 0.377103091 0.075464892 0.922851770
1403637250.288318872 4.417657489 -0.430154280 0.877648082 -0.021466260 0.356285041 0.080254294 0.930676860
1403637250.488318920 4.176029723 -0.446605932 1.051343097 -0.020287462 0.336405017 0.091681655 0.937024310
1403637250.688318968 3.950687714 -0.448479539 1.206436370 -0.027986364 0.325833954 0.094558471 0.940270011
1403637250.938319206 3.710086798 -0.491148525 1.365014604 -0.028255662 0.318967900 0.090996511 0.942963802
1403637251.288318872 3.449042467 -0.624238354 1.523329150 -0.031543261 0.295698204 0.100884114 0.949415605
1403637251.738319159 3.221470684 -0.828945892 1.649877038 -0.025122238 0.252775414 0.058058028 0.965454675
1403637252.338319063 3.016600985 -0.942962365 1.739524680 -0.004683507 0.237682023 0.036071970 0.970661699
1403637253.088319063 2.809096600 -0.851470907 1.707865528 -0.028887039 0.239933318 0.044703526 0.969329220
1403637254.138319016 2.664225677 -0.802666109 1.491450771 -0.020701098 0.245958389 0.026310683 0.968702061
1403637255.188318968 2.326204302 -0.827631840 1.162314266 -0.022869009 0.191663973 0.012922378 0.981109037
1403637255.938319206 1.985733508 -0.748358712 0.885730193 -0.039816978 0.082569013 -0.026584457 0.995434695
1403637256.488318920 1.700399732 -0.744507498 0.649591043 -0.028717039 0.045401123 -0.043901519 0.997590460
1403637256.988318920 1.411280324 -0.630112287 0.460855050 -0.042739202 0.041157874 -0.017776193 0.998079855
1403637257.388319016 1.193627258 -0.595509907 0.311052618 -0.041287024 0.017224184 -0.043064575 0.998070214
1403637257.688318968 1.030899892 -0.575799875 0.197696928 -0.052246771 0.008832477 -0.046709646 0.997502116
1403637257.888319016 0.915029495 -0.544579450 0.140070499 -0.064224888 -0.003786898 -0.045977723 0.996868533
1403637258.038319111 0.826894666 -0.508553015 0.108403199 -0.067289438 -0.023346452 -0.047718239 0.996318245
1403637258.388319016 0.621567162 -0.463031504 0.067561713 -0.044571102 -0.081066704 -0.071076692 0.993171541
1403637258.538319111 0.535288496 -0.437522746 0.060418622 -0.049048794 -0.097697803 -0.063337464 0.991986754
1403637258.838319063 0.376142713 -0.370806216 0.055199825 -0.040205841 -0.105516752 -0.061465557 0.991701412
1403637259.088319063 0.263912606 -0.335149159 0.055043970 -0.039289418 -0.104424390 -0.056438989 0.992152473
1403637259.438319206 0.139412132 -0.367215694 0.029313222 -0.037298725 -0.102741299 -0.047227163 0.992886008
1403637260.188318968 0.065679424 -0.332250312 -0.007849498 -0.036470849 -0.097596258 -0.056524227 0.992950079
1403637260.438319206 0.082246943 -0.280262676 -0.014680028 -0.035118237 -0.091199210 -0.082160586 0.991816037
1403637260.638319016 0.083922532 -0.230991006 -0.023484378 -0.054510537 -0.091628742 -0.081691710 0.990938565
1403637260.888319016 0.068014538 -0.173512968 -0.025260351 -0.043954712 -0.095170242 -0.075287027 0.991636260
1403637261.088319063 0.047990734 -0.126136487 -0.025010356 -0.039145021 -0.096772474 -0.073469818 0.991819006
1403637261.238319159 0.030721925 -0.089921559 -0.027555731 -0.057617175 -0.095886027 -0.075151658 0.990877570
1403637261.388319016 0.009649616 -0.067510587 -0.027516797 -0.054827670 -0.095941886 -0.074557131 0.991075333
1403637261.638319016 -0.029548989 -0.050943562 -0.024502318 -0.061980070 -0.096951213 -0.069090084 0.990951812
1403637261.888319016 -0.070010685 -0.065083435 -0.007757606 -0.049146563 -0.095705994 -0.070800781 0.991671431
1403637262.138319016 -0.109541392 -0.055034364 0.023143260 -0.035204117 -0.095682383 -0.062260583 0.992838945
1403637262.238319159 -0.122174242 -0.036179319 0.036514929 -0.034108375 -0.096025033 -0.057799986 0.993113777
1403637262.388319016 -0.126128424 -0.031618855 0.036371558 -0.012216826 -0.095530664 -0.055990555 0.993775477
1403637262.538319111 -0.062827830 -0.026621596 -0.029388213 -0.012460066 -0.073532252 -0.024912858 0.996903759
1403637262.688318968 -0.058611637 -0.026140764 -0.027730164 -0.018068408 -0.069448650 -0.029477111 0.996986217
1403637263.738319159 -0.058526250 -0.027163503 -0.028622841 -0.016063166 -0.069207486 -0.027924011 0.997082017
1403637264.788318872 -0.058703406 -0.026808814 -0.028460235 -0.016183837 -0.069315493 -0.027678537 0.997079407
