1403636579.813555479 -1.399637718471995044e-13 1.993805117034704556e-14 2.655337711018225956e-13 -4.216860057275555879e-02 -8.094465530956443944e-01 -6.967808521815001613e-03 5.856360102074659180e-01
1403636579.863555670 -4.215003094714639170e-04 -3.609170420690582391e-04 -2.015018273979189006e-02 -4.213600284028530540e-02 -8.108089599117722646e-01 -9.645290425294451506e-03 5.837125629657504700e-01
1403636579.913555384 -3.643254145736307746e-04 -1.088464325559955655e-03 -4.318278300963505900e-02 -4.240332796816068117e-02 -8.138148089266892260e-01 -1.043328536271265379e-02 5.794812862426026445e-01
1403636579.963555574 8.680285814008050676e-05 -2.107279280991828426e-03 -6.813141218694851453e-02 -4.264086872826738928e-02 -8.173555024754651788e-01 -1.004993738035371044e-02 5.744656104988614675e-01
1403636580.013555527 7.332906773372205398e-04 -3.324642322423606959e-03 -9.473593259728343985e-02 -4.421056107007209635e-02 -8.200746404814684976e-01 -8.681189715280942729e-03 5.704801900804156167e-01
1403636580.063555479 1.601340939109602507e-03 -4.608798292124179768e-03 -1.221609489079869271e-01 -4.511504588530659832e-02 -8.220642622491456386e-01 -8.248648426910858145e-03 5.675446600635619676e-01
1403636580.113555431 2.309592513503388751e-03 -5.689305701564575067e-03 -1.489152461011485906e-01 -4.681409847104203020e-02 -8.233301682891057682e-01 -6.387697337968147732e-03 5.655926727708687762e-01
1403636580.163555622 3.727055050535083448e-03 -6.932510621935969973e-03 -1.747150967198801697e-01 -4.773230590225848585e-02 -8.243417642691198699e-01 -5.235478052214062074e-03 5.640521894510233114e-01
1403636580.213555574 4.927152736983110570e-03 -7.917708420997739138e-03 -1.990722801086212135e-01 -4.763321404141285242e-02 -8.255236111668577959e-01 -4.729957632718510309e-03 5.623339504484041740e-01
1403636580.263555527 8.628280716344659262e-03 -1.028218601744764968e-02 -2.190961818029070751e-01 -4.690135903569991882e-02 -8.272801735197885531e-01 -5.131821527137982522e-03 5.598048244071200941e-01
1403636580.313555479 1.056431972737012157e-02 -1.155074538093388628e-02 -2.391767450646513082e-01 -4.514950661192426024e-02 -8.295995903147465045e-01 -6.461863400935273678e-03 5.564928446293738729e-01
1403636580.363555670 1.298687075878079793e-02 -1.310454998689236823e-02 -2.574791674538262631e-01 -4.439948235318023906e-02 -8.327175891926343887e-01 -5.541981593466903736e-03 5.518871162257682483e-01
1403636580.413555384 1.528864842829140425e-02 -1.433417079757230705e-02 -2.732232096099388996e-01 -4.356547114533475262e-02 -8.369247570902642597e-01 -6.083338967064939179e-03 5.455474256930363808e-01
1403636580.463555574 1.726964513037760815e-02 -1.557590291525689716e-02 -2.852926532263567738e-01 -4.320219092232538416e-02 -8.416780425346539474e-01 -5.390217032481052668e-03 5.382216912898319938e-01
1403636580.513555527 1.855542355125644471e-02 -1.672870882902960724e-02 -2.918334906793018657e-01 -4.316755178176123059e-02 -8.462863961647759670e-01 -5.073872637561338897e-03 5.309521202105355053e-01
1403636580.563555479 1.946727482473679591e-02 -1.796912291288329036e-02 -2.904566114665618204e-01 -4.327146937955963363e-02 -8.498218566452956368e-01 -3.463902813520972849e-03 5.252793478550009665e-01
1403636580.613555431 1.934264644070898820e-02 -1.852154147120051164e-02 -2.797579142501519511e-01 -4.303177767301325646e-02 -8.511296500844808266e-01 -1.774947695127646226e-03 5.231858507433561067e-01
1403636580.663555622 1.813281317287885122e-02 -1.868871519113680241e-02 -2.600560020453460131e-01 -4.291039723805947781e-02 -8.504940981712250103e-01 -1.902697103393251061e-03 5.242278765274881458e-01
1403636580.713555574 1.598980726497699345e-02 -1.873086843041287669e-02 -2.334146958927618143e-01 -4.197820345583377910e-02 -8.485564431167681443e-01 -4.386931326342512205e-03 5.274187597281476680e-01
1403636580.763555527 1.285745352381073223e-02 -1.840621582340075738e-02 -2.014619568871679200e-01 -4.065533955909590713e-02 -8.458617863758325361e-01 -8.295123246477752871e-03 5.317858334374334639e-01
1403636580.813555479 9.360732129567193860e-03 -1.787388224929597341e-02 -1.644698385578746702e-01 -3.976608511388576156e-02 -8.424954131579327488e-01 -1.339665285682253501e-02 5.370667248813625338e-01
1403636580.863555670 5.600672102088595505e-03 -1.728778447308963392e-02 -1.255177788796568716e-01 -3.975117112486453719e-02 -8.385395223417020372e-01 -1.981345501450679572e-02 5.430273850051582363e-01
1403636580.913555384 -3.844256740088162409e-04 -1.605470859863637745e-02 -8.613309304595892502e-02 -3.957563435875111058e-02 -8.342397742393123927e-01 -2.670100146986784800e-02 5.493312523084316057e-01
1403636580.963555574 -3.845413245221873406e-03 -1.663393553277233566e-02 -4.728217647228127873e-02 -3.908314015648819278e-02 -8.299950486945847361e-01 -2.990106623351960341e-02 5.555957645051669003e-01
1403636581.013555527 -6.662697417484098918e-03 -1.725573762672467579e-02 -1.056866096579012204e-02 -3.782209706578994884e-02 -8.261365519715447858e-01 -3.111172788707161976e-02 5.613376406922965245e-01
1403636581.063555479 -9.977212525909530394e-03 -1.772514884574881780e-02 2.360942484350835036e-02 -3.773661197955327506e-02 -8.222604851168836548e-01 -3.033992058232760219e-02 5.670477333970306288e-01
1403636581.113555431 -1.268218185796892578e-02 -1.766381977064512485e-02 5.576800877716744237e-02 -3.855841918217155218e-02 -8.184490703197183636e-01 -3.041355435677688471e-02 5.724765351648469780e-01
1403636581.163555622 -1.486865116953050778e-02 -1.701603007519704447e-02 8.493496023436145070e-02 -4.105351546594376844e-02 -8.138069495587550994e-01 -2.941026661550807247e-02 5.789368652412507643e-01
1403636581.213555574 -1.619329088746445169e-02 -1.581667214602163266e-02 1.103769157147131974e-01 -4.257578963107434139e-02 -8.089721088479006061e-01 -2.899182553652295685e-02 5.855859486834795735e-01
1403636581.263555527 -1.768774066521862712e-02 -1.431804197255126185e-02 1.326808864956723621e-01 -4.444972501991979047e-02 -8.036315916760298217e-01 -2.773453439744728855e-02 5.928163985650711787e-01
1403636581.313555479 -1.763321466926226141e-02 -1.358875619246134765e-02 1.495120456862935321e-01 -4.328846416475268938e-02 -7.991997098813874434e-01 -2.835654593834811832e-02 5.988337322648161765e-01
1403636581.363555670 -1.545404768509451091e-02 -1.353042004612341545e-02 1.586790214419905587e-01 -4.348816259406330931e-02 -7.960356915145159196e-01 -2.910594610636766527e-02 6.029832513846900000e-01
1403636581.413555384 -1.366299605252439472e-02 -1.287182216526526826e-02 1.596203454062174731e-01 -4.264830086672003612e-02 -7.954011176948878603e-01 -3.240636184553365162e-02 6.037118618304938567e-01
1403636581.463555574 -1.129636281011591262e-02 -1.212141212587361690e-02 1.513937049754020547e-01 -4.113438377532531443e-02 -7.968636874820329563e-01 -3.510661591394191594e-02 6.017339541383984747e-01
1403636581.513555527 -9.217732360418808696e-03 -1.125668952264220930e-02 1.341945471411333801e-01 -3.988065147938524291e-02 -8.001270693315187810e-01 -3.751823214469739848e-02 5.973261996742412760e-01
1403636581.563555479 -8.361459004282634916e-03 -1.018184926576990758e-02 1.109159041021885173e-01 -4.138744914942806691e-02 -8.038068648699561169e-01 -3.708353092591558375e-02 5.922891310626108297e-01
1403636581.613555431 -7.181122867555542882e-03 -9.405990707311070315e-03 8.274364056222840991e-02 -4.202306248133872574e-02 -8.076360415743132348e-01 -3.530757741330017158e-02 5.871213346039025893e-01
1403636581.663555622 -6.288318438277408495e-03 -8.184635570624340314e-03 5.131367981835730646e-02 -4.368005394950803810e-02 -8.105014511958933410e-01 -3.324243368877495552e-02 5.831589758365778309e-01
1403636581.713555574 -5.267705802675005586e-03 -6.283108362216470281e-03 1.941466488362623977e-02 -4.204349135999113640e-02 -8.126424270537204730e-01 -3.353942885364639276e-02 5.802755701377340092e-01
1403636581.763555527 -4.304615784338363706e-03 -4.763205070844035022e-03 -1.432875787834036324e-02 -4.271049304552013842e-02 -8.136125670197589255e-01 -3.136634042227627595e-02 5.789875277239060480e-01
1403636581.813555479 -1.402014376349065448e-03 -3.940864117677527097e-03 -4.810966521177993671e-02 -4.102066278910164454e-02 -8.145977170834185488e-01 -2.872127625607686849e-02 5.778606690518466316e-01
1403636581.863555670 1.258762408452211582e-03 -3.235412233041873135e-03 -8.235647693959732840e-02 -4.100568337101476168e-02 -8.158934583629620096e-01 -2.728169776785839551e-02 5.761007789429771764e-01
1403636581.913555384 3.838811884673068876e-03 -3.781317403832298515e-03 -1.159698993987021837e-01 -4.199043053381210089e-02 -8.185969627495296441e-01 -2.448898591227875385e-02 5.723077021059727043e-01
1403636581.963555574 8.682392589589114223e-03 -4.925656189672774493e-03 -1.481084053021141100e-01 -4.440614372096746143e-02 -8.225293826939732433e-01 -2.498651587859746642e-02 5.664355065046262627e-01
1403636582.013555527 1.089040530151365663e-02 -5.424160004145134675e-03 -1.784479489237787153e-01 -4.698512556482424551e-02 -8.268889083211450330e-01 -2.531106261829359216e-02 5.598271888540745644e-01
1403636582.063555479 1.342438081399225519e-02 -6.446910077719878417e-03 -2.053873072891665430e-01 -4.793198253631227035e-02 -8.316279534643375992e-01 -2.652519339035624285e-02 5.526245435939852735e-01
1403636582.113555431 1.531664316362498293e-02 -7.396383494301708370e-03 -2.274641673431193889e-01 -4.733700327842466082e-02 -8.363893382488423178e-01 -2.625745784548699779e-02 5.454563492084167908e-01
1403636582.163555622 1.734412128346303483e-02 -9.221734961116242676e-03 -2.430597951533589873e-01 -4.702194844737019735e-02 -8.403673547694699986e-01 -2.420800017371169469e-02 5.394308279377129089e-01
1403636582.213555574 1.839866550913106524e-02 -1.104937995790830456e-02 -2.511376838505268161e-01 -4.575673248171041596e-02 -8.435520834202636653e-01 -2.295441911900694687e-02 5.346020002140271510e-01
1403636582.263555527 1.800627715415182434e-02 -1.240508880160125574e-02 -2.506722938950536328e-01 -4.506362141115511505e-02 -8.454618751045887004e-01 -2.210372303096881305e-02 5.316718096703222374e-01
1403636582.313555479 1.682004080948147628e-02 -1.382137061970194376e-02 -2.407531015206947900e-01 -4.435345365618483665e-02 -8.460670362171935910e-01 -2.092302221847175403e-02 5.308159459894437049e-01
1403636582.363555670 1.507246032518533632e-02 -1.530762837971152285e-02 -2.222186745165022903e-01 -4.429057022011571865e-02 -8.447424677430139806e-01 -1.963656908959992425e-02 5.329755282706792885e-01
1403636582.413555384 1.344786562036287200e-02 -1.688167712323875372e-02 -1.973852827760237405e-01 -4.383824583045066448e-02 -8.413448298655532565e-01 -1.957259703959593825e-02 5.383623305044087370e-01
1403636582.463555574 1.146170572302676258e-02 -1.800950769488544878e-02 -1.688209784010448189e-01 -4.400349398636599352e-02 -8.371287235322368847e-01 -1.976643446678367014e-02 5.448747386535277570e-01
1403636582.513555527 9.274919736181785196e-03 -1.850384329488135443e-02 -1.376441375307503046e-01 -4.311994604762978828e-02 -8.335865628429447449e-01 -2.221587082623414922e-02 5.502550023252557043e-01
1403636582.563555479 4.874531258132988598e-03 -1.793933068700710731e-02 -1.047725468692677075e-01 -4.353203871445842504e-02 -8.306523298129391275e-01 -2.432833980161389076e-02 5.545536948431561974e-01
1403636582.613555431 3.119819449452592135e-03 -1.757970956347011324e-02 -7.099579330348033956e-02 -4.332726574385353802e-02 -8.289839080475970290e-01 -2.811471159001167550e-02 5.568823854581013144e-01
1403636582.663555622 1.436958203429073615e-03 -1.699878598135149202e-02 -3.742790582209881700e-02 -4.465634302346998402e-02 -8.275409474534762833e-01 -3.055339808080784203e-02 5.587918048623197187e-01
1403636582.713555574 1.871179170183578867e-04 -1.603105137712639364e-02 -4.397662441034275171e-03 -4.576132076680920063e-02 -8.261544285014863487e-01 -3.136714691003324867e-02 5.607056838340273019e-01
1403636582.763555527 -2.702044806784298023e-03 -1.379658965554966463e-02 2.876407261334194138e-02 -4.843433185869658320e-02 -8.240413959034993407e-01 -3.212742884588516007e-02 5.635403460716601476e-01
1403636582.813555479 -4.751623352377495196e-03 -1.118382252557973376e-02 6.141910428938008454e-02 -5.218497898070960372e-02 -8.210633892995586880e-01 -3.333139630214852073e-02 5.674686394341572626e-01
1403636582.863555670 -7.303517686708883155e-03 -8.090971049887001401e-03 9.396420304475475160e-02 -5.656128950596046867e-02 -8.169607489059718120e-01 -3.588834639015669320e-02 5.727896488849959500e-01
1403636582.913555384 -8.670156423242873084e-03 -5.846176165973594047e-03 1.243664075877079223e-01 -6.028855416997676991e-02 -8.120129989674534920e-01 -3.728629288136823400e-02 5.793184893537759450e-01
1403636582.963555574 -9.689821410053821998e-03 -3.497187861152169230e-03 1.512496884807472963e-01 -6.119904420140312440e-02 -8.069595795614545874e-01 -3.894753983840916478e-02 5.861347994133865313e-01
1403636583.013555527 -9.666298084854970524e-03 -2.177525254440025506e-03 1.720732987849621365e-01 -6.223108740756429225e-02 -8.019788711987682062e-01 -4.071262156149855344e-02 5.927053773641771661e-01
1403636583.063555479 -9.841919143341610471e-03 -8.541426821645941355e-04 1.857099725923869182e-01 -6.092183986963328746e-02 -7.988219400580022223e-01 -4.164957338473266463e-02 5.970237437034964234e-01
1403636583.113555431 -9.388481174633828835e-03 5.986322284679571016e-05 1.916381924378408874e-01 -6.055400315824694540e-02 -7.974198845967587213e-01 -4.313444170564149915e-02 5.988273209281167464e-01
1403636583.163555622 -8.109789314136525012e-03 7.911338005787990710e-04 1.883472807123476866e-01 -5.992946871795049035e-02 -7.973410351943249763e-01 -4.597567156987795306e-02 5.987837422627014794e-01
1403636583.213555574 -7.783981922915138990e-03 1.364816989388255601e-03 1.775924834631904814e-01 -5.871092260626589038e-02 -7.981068462407567843e-01 -4.756143693360023739e-02 5.977594827915032605e-01
1403636583.263555527 -6.811724237445044433e-03 1.231342472464093092e-03 1.601129545562318957e-01 -5.766263303001324669e-02 -7.993117723766998139e-01 -4.729123460791573308e-02 5.962711215724975089e-01
1403636583.313555479 -7.108338608324719227e-03 2.037924526585161312e-03 1.369486889669544183e-01 -5.712919877073023567e-02 -8.006084195280984694e-01 -4.641036951410908162e-02 5.946498892878888665e-01
1403636583.363555670 -8.104980057243724861e-03 3.544475253243307891e-03 1.088009136592219678e-01 -5.632067043991516309e-02 -8.020365473673812806e-01 -4.596225930733891657e-02 5.928345717715641783e-01
1403636583.413555384 -8.003704565092691764e-03 5.176870211888482537e-03 7.841904867015606073e-02 -5.578134972360981186e-02 -8.035393994272942431e-01 -4.343317230956513647e-02 5.910384371038515106e-01
1403636583.463555574 -6.649952314804160811e-03 6.505975627478121324e-03 4.469344736227687243e-02 -5.303175139267713584e-02 -8.056365292161478120e-01 -4.256913513690867290e-02 5.884940822731183907e-01
1403636583.513555527 -4.823541836879800468e-03 7.487962362876568988e-03 1.062751322798291889e-02 -5.165796474632877722e-02 -8.076422631356633408e-01 -4.155068649951918630e-02 5.859342709952967132e-01
1403636583.563555479 -3.529444705198738017e-03 8.762342461002190636e-03 -2.464007201222159424e-02 -5.021041269836704762e-02 -8.103447543371752326e-01 -4.221371228497922123e-02 5.822699511996165533e-01
1403636583.613555431 -2.457830585405339479e-03 9.578393010461924012e-03 -6.026468032882265069e-02 -5.050993771138859167e-02 -8.136640322120683999e-01 -4.478885988275345398e-02 5.774024133195088115e-01
1403636583.663555622 -1.207759539594739423e-03 9.405175776583674097e-03 -9.569492380567708179e-02 -5.044067075801406813e-02 -8.184712114498456925e-01 -4.105642280245992704e-02 5.708546092552542195e-01
1403636583.713555574 5.806792764468627580e-04 9.161143271815996858e-03 -1.284927020523234098e-01 -5.299761821383552202e-02 -8.243718604193123189e-01 -3.684896552879276393e-02 5.623561522308797578e-01
1403636583.763555527 5.224173113172834310e-03 8.510144232052326008e-03 -1.587390155706220884e-01 -5.533668208654801690e-02 -8.308193141948649885e-01 -3.228087794607467642e-02 5.528427115332688047e-01
1403636583.813555479 7.403238499802042988e-03 8.328880089479025195e-03 -1.873447932762632995e-01 -5.760691706862419714e-02 -8.362576402841896961e-01 -2.982440262150224189e-02 5.444860945703184907e-01
1403636583.863555670 9.484112616853499975e-03 8.149784375930533425e-03 -2.129139027106076443e-01 -5.808900681540854483e-02 -8.403160870508370461e-01 -2.924860433924234698e-02 5.381812522514846098e-01
1403636583.913555384 1.175942194750405866e-02 8.107668477474495872e-03 -2.347772214703785498e-01 -5.604198955591379455e-02 -8.432569415881111530e-01 -3.118402251587857471e-02 5.336708560618698138e-01
1403636583.963555574 1.435286311819594825e-02 7.310830475976737991e-03 -2.515707749607627997e-01 -5.276644147170309052e-02 -8.451505696957383185e-01 -3.165156149537012159e-02 5.309749484225101401e-01
1403636584.013555527 1.730959780246170421e-02 5.237284118432498220e-03 -2.622692996663638643e-01 -4.970123329052274913e-02 -8.461605735352966118e-01 -3.024923843437442306e-02 5.297424419262243278e-01
1403636584.063555479 1.891647718634111366e-02 3.378811873189030424e-03 -2.668706585119105523e-01 -4.673717025136808756e-02 -8.463641459634547726e-01 -2.782771054018665438e-02 5.298197692334047915e-01
1403636584.113555431 1.897391207972313684e-02 2.115937642037653971e-03 -2.640085893324898847e-01 -4.525864194904213184e-02 -8.463953587181223259e-01 -2.526296339449946027e-02 5.300267302220497134e-01
1403636584.163555622 1.753947579932604167e-02 1.321140557937213952e-03 -2.541255988060552307e-01 -4.393696239339208581e-02 -8.464222911848371389e-01 -2.380095973430166115e-02 5.301625813246145791e-01
1403636584.213555574 1.565831874405464175e-02 7.742635625615154615e-04 -2.366086876989750565e-01 -4.291306950096696049e-02 -8.463874175765302432e-01 -2.363359903330446155e-02 5.303095896086271743e-01
1403636584.263555527 1.316063471596869323e-02 3.191465266065320050e-04 -2.139313929049242169e-01 -4.281360066759803962e-02 -8.455751329600634802e-01 -2.349568752062377447e-02 5.316179481407486973e-01
1403636584.313555479 1.044570502061208453e-02 -3.320795927301990053e-04 -1.869928556350564652e-01 -4.258706792803970687e-02 -8.444934034142248525e-01 -2.405375307514543912e-02 5.333279011997704711e-01
1403636584.363555670 7.214010758879046276e-03 -3.890183452417289578e-04 -1.565720852684801545e-01 -4.202897651703187826e-02 -8.436463572711567771e-01 -2.604672108538770917e-02 5.346175804411399390e-01
1403636584.413555384 3.068480125733311081e-03 6.053688349376452893e-04 -1.226547048133390938e-01 -4.129413769463713413e-02 -8.426760299734339377e-01 -3.121974662792059707e-02 5.359265155977607220e-01
1403636584.463555574 -4.231050508314652611e-03 2.740687297903436626e-03 -8.873882794730923729e-02 -4.097609020538452856e-02 -8.406772238155370003e-01 -3.561007739681729817e-02 5.388085817589346460e-01
1403636584.513555527 -8.549608799622406691e-03 3.435980442372841420e-03 -5.246012803181503148e-02 -4.111364435381503757e-02 -8.379081517117676903e-01 -3.795311595565256657e-02 5.429356854473410543e-01
1403636584.563555479 -1.332498382147264196e-02 3.957372418692600355e-03 -1.551096464021431767e-02 -4.242727056675228703e-02 -8.340999595237221786e-01 -3.932050493382410750e-02 5.485718568487903957e-01
1403636584.613555431 -1.750859909383136598e-02 4.441861296651809093e-03 2.217827630497246072e-02 -4.430209048846287662e-02 -8.291648422149683340e-01 -4.143507166164266814e-02 5.557032697846696623e-01
1403636584.663555622 -2.118078034132955118e-02 5.326595141801845380e-03 5.859449128076332086e-02 -4.725460849262516638e-02 -8.231317878584153425e-01 -4.413419240017562445e-02 5.641571012177385436e-01
1403636584.713555574 -2.288746878399732648e-02 5.111916420199641778e-03 9.383237418696069310e-02 -4.885745841372513693e-02 -8.167509506717404166e-01 -4.722032624892406882e-02 5.729756313518968858e-01
1403636584.763555527 -2.436455733728764075e-02 5.154552174960239617e-03 1.261019163917450336e-01 -5.133446313379896181e-02 -8.108149079973141493e-01 -5.032739315136679908e-02 5.808709937349768593e-01
1403636584.813555479 -2.527397318874469515e-02 4.932487926678694005e-03 1.542916610886470030e-01 -5.225441805854778854e-02 -8.057919365661975197e-01 -5.208127580332556211e-02 5.875852035823891928e-01
1403636584.863555670 -2.510339401338582480e-02 4.357209272893064825e-03 1.783582551839220931e-01 -5.453027709746770951e-02 -8.015905452290267297e-01 -5.176928774915891956e-02 5.931264515472649546e-01
1403636584.913555384 -2.473475028536624085e-02 2.804717896769897464e-03 1.967919300376473335e-01 -5.540412568435599400e-02 -7.987717808364157568e-01 -5.068256958679930729e-02 5.969298971710602641e-01
1403636584.963555574 -2.376325318971356584e-02 1.854816807735269963e-03 2.089939024541144219e-01 -5.836131658134636330e-02 -7.971585187781654591e-01 -4.969159991962420614e-02 5.988847949010904781e-01
1403636585.013555527 -2.298383250141882231e-02 1.547555533890640185e-03 2.131735539479554797e-01 -6.036069678081439072e-02 -7.971621666474226764e-01 -5.042527024855986834e-02 5.986203792642555976e-01
1403636585.063555479 -2.403018864108766653e-02 1.827371995639410053e-03 2.078890976752548747e-01 -6.244150359816007245e-02 -7.978928574708220589e-01 -5.101416500155091932e-02 5.973822909951733706e-01
1403636585.113555431 -2.495492810430771299e-02 1.936732529248010254e-03 1.972576933587420756e-01 -6.293514537038581713e-02 -7.991988878131000007e-01 -5.076143743869280384e-02 5.956035440330004205e-01
1403636585.163555622 -2.516278075366080655e-02 2.179473419469090019e-03 1.822118388403267397e-01 -6.504688143516872134e-02 -8.007729055837554677e-01 -5.233056461292329153e-02 5.931215464858797803e-01
1403636585.213555574 -2.586834658685438840e-02 3.399842948038706708e-03 1.609826280667450704e-01 -6.643604929102335521e-02 -8.024360031027288898e-01 -5.465411316728261554e-02 5.905045640746698909e-01
1403636585.263555527 -2.653764222947940787e-02 6.292804013978548286e-03 1.360245224457650171e-01 -6.574792086251440848e-02 -8.043986871976346320e-01 -5.886412068654137825e-02 5.874989176439210370e-01
1403636585.313555479 -2.718282430723809040e-02 8.950317041414418071e-03 1.098960892807350209e-01 -6.494582923686559317e-02 -8.061075103295021194e-01 -6.228189892464809641e-02 5.848877551474707115e-01
1403636585.363555670 -2.654409133559522752e-02 1.138546649640853961e-02 8.289669980226829771e-02 -6.205063737829504683e-02 -8.081022307302783148e-01 -6.581257381224406289e-02 5.820560181098579644e-01
1403636585.413555384 -2.656642649447498589e-02 1.370406629469615722e-02 5.553556574671780072e-02 -6.067923482380278843e-02 -8.102988678538347589e-01 -6.718254836601594837e-02 5.789821071596593649e-01
1403636585.463555574 -2.564981207356235512e-02 1.505906785203090133e-02 2.872207649530898049e-02 -5.754113545105930816e-02 -8.133250791048249884e-01 -6.544124198876188903e-02 5.752467099228828484e-01
1403636585.513555527 -2.345894950235294721e-02 1.593786808671972255e-02 2.412818328895355996e-03 -5.511084818795142226e-02 -8.166405605688881186e-01 -6.378328151168827231e-02 5.709576886647008687e-01
1403636585.563555479 -1.979296114981894672e-02 1.643301230018955408e-02 -2.212792572042027520e-02 -5.122464149238740300e-02 -8.203604477713166698e-01 -5.907324473155111527e-02 5.664760573875190497e-01
1403636585.613555431 -1.369361969349427999e-02 1.631922207356202928e-02 -4.393370337732942221e-02 -4.787300505810544032e-02 -8.242238262624040912e-01 -5.312427642910931558e-02 5.617304254372845751e-01
1403636585.663555622 -7.490330422784601504e-03 1.607741027439387599e-02 -6.116210155192455117e-02 -4.597800873635249364e-02 -8.282490682545292637e-01 -4.644918280341858718e-02 5.565356925346647277e-01
1403636585.713555574 -1.015545009701803022e-03 1.512288974679815851e-02 -7.481430919237488930e-02 -4.481394496173437408e-02 -8.324958556761254957e-01 -3.942328036428438542e-02 5.508068314612315497e-01
1403636585.763555527 4.925290810292828197e-03 1.466449538544566805e-02 -8.448090276878707228e-02 -4.511657626274164640e-02 -8.368255262714704434e-01 -3.411746849668141623e-02 5.445397427830064307e-01
1403636585.813555479 1.049570996434700913e-02 1.357282629177401778e-02 -9.114554581740559602e-02 -4.622450901364930781e-02 -8.411177899275501524e-01 -2.766445580645090010e-02 5.381624625694118036e-01
1403636585.863555670 1.556130138677308192e-02 1.287487492935794967e-02 -9.478866979305100582e-02 -4.730273964135105896e-02 -8.459781185512347257e-01 -2.216128768263071411e-02 5.306527594229426548e-01
1403636585.913555384 2.034713092663750431e-02 1.173116047879214918e-02 -9.599330925408361415e-02 -4.852002554058755524e-02 -8.507768378974612800e-01 -1.808606849471670885e-02 5.229698589260589614e-01
1403636585.963555574 2.468302529807329254e-02 1.111208838362788207e-02 -9.573502185872170833e-02 -5.094055773610507015e-02 -8.562225191462352614e-01 -1.650339697382964543e-02 5.138245762638584679e-01
1403636586.013555527 2.775331631480064398e-02 1.086017355317990887e-02 -9.507336694191807769e-02 -5.496867910349093750e-02 -8.621711996109376885e-01 -1.736510655727965813e-02 5.033266533309243007e-01
1403636586.063555479 3.036941677107272974e-02 1.052288968582218431e-02 -9.411517030024894870e-02 -5.970710453651992267e-02 -8.681183278384370094e-01 -2.211115051051616015e-02 4.922567699503609950e-01
1403636586.113555431 3.284769181840572344e-02 9.187198991983887980e-03 -9.218641053580775568e-02 -6.526988642921963124e-02 -8.731013933158233709e-01 -2.597017412883395604e-02 4.824513954495341372e-01
1403636586.163555622 3.524968745018555033e-02 6.937362137279720446e-03 -8.957462679852101761e-02 -7.033147689079445597e-02 -8.773300529025945815e-01 -2.871560105865196555e-02 4.738363387163659346e-01
1403636586.213555574 3.825596358933848473e-02 4.118877651489772675e-03 -8.517846336636060445e-02 -7.330482468354547476e-02 -8.814041658379097033e-01 -2.893805208133097551e-02 4.657420834146635547e-01
1403636586.263555527 4.211077748925099590e-02 1.908773781658447280e-03 -8.296870939946247858e-02 -7.514130339800133285e-02 -8.857391684085361705e-01 -2.821584571015905291e-02 4.571911811501453426e-01
1403636586.313555479 4.613973140908649712e-02 -1.892387546767091387e-05 -8.112979472375392298e-02 -7.815241592111343838e-02 -8.900459320375760930e-01 -2.698308772770748737e-02 4.483105527708830529e-01
1403636586.363555670 5.096397967304875515e-02 -1.262934198908730694e-03 -7.987242340321809575e-02 -8.073313376520493967e-02 -8.944905292656921691e-01 -2.592985730493383573e-02 4.389720909882283140e-01
1403636586.413555384 5.619792974066127600e-02 -2.221218100818868075e-03 -7.893239323956578735e-02 -8.377889831700452428e-02 -8.987273612246444721e-01 -2.424945315741450225e-02 4.297466583983438060e-01
1403636586.463555574 6.193354332054949729e-02 -2.357866420473405354e-03 -7.808203875104267888e-02 -8.413900508574309600e-02 -9.029075078877586424e-01 -2.373376218018078548e-02 4.208507675600381970e-01
1403636586.513555527 6.726651246905664128e-02 -1.371495637620855773e-03 -7.690840097414906873e-02 -8.360398891873101201e-02 -9.065615666946771345e-01 -2.349553020082129420e-02 4.130429262068913143e-01
1403636586.563555479 7.164885000989235087e-02 5.396440512430969363e-04 -7.513432280460372037e-02 -8.236982998954522905e-02 -9.094184906709092964e-01 -2.248718381454069964e-02 4.070227837571626095e-01
1403636586.613555431 7.461693723175916171e-02 3.477759710065972572e-03 -7.292426751302995280e-02 -8.134152861950404156e-02 -9.110373496336309218e-01 -2.127026646911874333e-02 4.036608465763116271e-01
1403636586.663555622 7.620563575382853505e-02 7.567723199568548477e-03 -7.038932494096662718e-02 -8.207962681457627030e-02 -9.112089520898529749e-01 -2.092006711001422048e-02 4.031420733257749522e-01
1403636586.713555574 7.694513154852315739e-02 1.224887960978191317e-02 -6.806190643932440165e-02 -8.141376825145364704e-02 -9.102245678767025838e-01 -2.027552381060295991e-02 4.055267408038270571e-01
1403636586.763555527 7.655222075686925198e-02 1.660140449367137130e-02 -6.655242347723581975e-02 -8.078378475229539002e-02 -9.087016449435444398e-01 -1.796457979261710525e-02 4.091608173699750051e-01
1403636586.813555479 7.535514103486308513e-02 2.151172339739722272e-02 -6.526845802248960882e-02 -7.972931791003529112e-02 -9.070449285834092379e-01 -1.650711623308927234e-02 4.130862482707286509e-01
1403636586.863555670 7.369972275441039056e-02 2.537227770808586289e-02 -6.515618711189399836e-02 -7.828337366513293816e-02 -9.056050301432111427e-01 -1.622577129332734153e-02 4.165188676793111777e-01
1403636586.913555384 7.177035607879955759e-02 2.728033829203698260e-02 -6.524746830504522810e-02 -7.565267434014734393e-02 -9.046390582872911867e-01 -1.625072474782516055e-02 4.190951694203085554e-01
1403636586.963555574 6.942451470703034366e-02 2.850293208941494585e-02 -6.564798259543805359e-02 -7.339480497624370492e-02 -9.038481032860232744e-01 -1.520015044922327918e-02 4.212371828496132009e-01
1403636587.013555527 6.660409284323293155e-02 2.975452754643218706e-02 -6.560133510521895528e-02 -6.956140890341865057e-02 -9.036748947972293999e-01 -1.494258299658032460e-02 4.222672306939979081e-01
1403636587.063555479 6.391067119998154744e-02 3.073865173986659038e-02 -6.554336657880951988e-02 -6.780037513540967953e-02 -9.040617269016762991e-01 -1.458508357322567742e-02 4.217378076722770319e-01
1403636587.113555431 6.113783129269741157e-02 3.249828675605861972e-02 -6.538793125978303866e-02 -6.556095387893125237e-02 -9.052092715853407023e-01 -1.463457826610366566e-02 4.196233609814813970e-01
1403636587.163555622 5.839012606686914270e-02 3.546019735325557642e-02 -6.572403953987991654e-02 -6.409533526250041358e-02 -9.062825673188515951e-01 -1.507182586348872026e-02 4.175123186645871010e-01
1403636587.213555574 5.570495105717526707e-02 3.980388456200734809e-02 -6.615030835922854069e-02 -6.327053028671487944e-02 -9.069391674050291119e-01 -1.448918930474908488e-02 4.162310055932906261e-01
1403636587.263555527 5.326824055354139470e-02 4.573294146669339144e-02 -6.640073657789738459e-02 -6.398677045208923941e-02 -9.073338683527721882e-01 -1.442669060754463509e-02 4.152623449642651177e-01
1403636587.313555479 5.103705684095049405e-02 5.346660795816186168e-02 -6.646008811812423311e-02 -6.508035989913153740e-02 -9.075111676804804572e-01 -1.444781029887468385e-02 4.147038558636488847e-01
1403636587.363555670 4.829320540289561842e-02 6.333555655540974716e-02 -6.671872700716231785e-02 -6.666146253460855653e-02 -9.077344575635465374e-01 -1.498390818205114390e-02 4.139443035725372533e-01
1403636587.413555384 4.598417220359849594e-02 7.480383162553379262e-02 -6.702891362019398891e-02 -6.831540716876084718e-02 -9.079774008124138485e-01 -1.487743069884764693e-02 4.131448980843169250e-01
1403636587.463555574 4.393744055331580411e-02 8.774488846220966642e-02 -6.754883079506680821e-02 -7.049191250608720372e-02 -9.082372902368213152e-01 -1.445722164085322912e-02 4.122219106706208613e-01
1403636587.513555527 4.261290390276847861e-02 1.023290712827699678e-01 -6.740679308662708702e-02 -7.265099141482268819e-02 -9.085719294970949766e-01 -1.377444415814777119e-02 4.111315447207902207e-01
1403636587.563555479 4.148646573303014368e-02 1.185707942682566601e-01 -6.748387238537305322e-02 -7.466117776652866911e-02 -9.086867421973470194e-01 -1.340606300041075755e-02 4.105294028009637275e-01
1403636587.613555431 4.095650376819733041e-02 1.358081921338751552e-01 -6.681760370662720439e-02 -7.727863175014063057e-02 -9.082699550614299344e-01 -1.383686589669508304e-02 4.109528475989567831e-01
1403636587.663555622 4.011648221626073346e-02 1.541272158319119678e-01 -6.581861440288652720e-02 -8.006245312006826653e-02 -9.071422598269434090e-01 -1.458102015890137652e-02 4.128805128455311224e-01
1403636587.713555574 3.925779528830858345e-02 1.731618934971463353e-01 -6.437198064218341287e-02 -8.351827711079887195e-02 -9.054744907807685816e-01 -1.571864558313839852e-02 4.158047235359203508e-01
1403636587.763555527 3.841759904626467631e-02 1.926340840437366086e-01 -6.376862881400104099e-02 -8.777519965500447940e-02 -9.035458483095635263e-01 -1.751435404037205920e-02 4.190389739995840079e-01
1403636587.813555479 3.811032349211120746e-02 2.116769580005191109e-01 -6.291400440428834839e-02 -9.124123813685497408e-02 -9.020020203390626268e-01 -1.958098415792212943e-02 4.215257724349842916e-01
1403636587.863555670 3.785050682822102552e-02 2.302888322420512390e-01 -6.285031211035123355e-02 -9.493209713923497772e-02 -9.012747411518787777e-01 -2.100412783946364187e-02 4.221973051880652528e-01
1403636587.913555384 3.804533943416589514e-02 2.482174724965555412e-01 -6.372596178194252226e-02 -9.795175030005781602e-02 -9.015017670924392323e-01 -2.292142708974624285e-02 4.209211644982157607e-01
1403636587.963555574 3.868821684114674003e-02 2.654854229123254084e-01 -6.529044027693534091e-02 -1.013257570279176289e-01 -9.026913100461240180e-01 -2.594717270580549143e-02 4.173825990125929475e-01
1403636588.013555527 3.963665039015167035e-02 2.817818962971864183e-01 -6.718152969615902304e-02 -1.045625650179728416e-01 -9.046576956188712160e-01 -2.987675245086571577e-02 4.120297360839455525e-01
1403636588.063555479 4.039263133401997663e-02 2.963341524695202178e-01 -6.958251725015245082e-02 -1.085763105877147056e-01 -9.062130673396368019e-01 -3.172777179272710107e-02 4.074093885259835734e-01
1403636588.113555431 4.106932981734320171e-02 3.089710391241036191e-01 -7.204789032137809413e-02 -1.102286088065531217e-01 -9.074113351811436967e-01 -3.160141685415259610e-02 4.042965162330191542e-01
1403636588.163555622 4.169454271037738996e-02 3.200562551894364782e-01 -7.428243391935110407e-02 -1.103124348909300667e-01 -9.081996088224634223e-01 -3.233516845289384489e-02 4.024413921607492006e-01
1403636588.213555574 4.222591706631196457e-02 3.292665837279304952e-01 -7.644388240966011605e-02 -1.099239259287699277e-01 -9.083457576657963939e-01 -3.191277538317056905e-02 4.022515255487540409e-01
1403636588.263555527 4.246808962220485067e-02 3.364379413744525427e-01 -7.843954885541934430e-02 -1.097480678041626440e-01 -9.079983864156627726e-01 -3.106465134466683889e-02 4.031492023018772297e-01
1403636588.313555479 4.251732203536474908e-02 3.411815807669390521e-01 -7.985610018217614847e-02 -1.097387463620415893e-01 -9.072953039549824794e-01 -2.954229362506136450e-02 4.048455160372835815e-01
1403636588.363555670 4.276994521560342072e-02 3.436396206971291667e-01 -8.100928493198539249e-02 -1.090682215832014385e-01 -9.066000960770392858e-01 -2.801097768883982486e-02 4.066887925216237099e-01
1403636588.413555384 4.317558465824598846e-02 3.440508807212404596e-01 -8.200067769228462644e-02 -1.096555520946961293e-01 -9.058697509891193711e-01 -2.688518291442381497e-02 4.082313572931118295e-01
1403636588.463555574 4.363301882826280120e-02 3.424076243784591744e-01 -8.259366871059653503e-02 -1.102154705073387780e-01 -9.056178538256671740e-01 -2.646397027421648965e-02 4.086667483052223160e-01
1403636588.513555527 4.440093092517996554e-02 3.388579901409600192e-01 -8.213982597153923759e-02 -1.103816404581838828e-01 -9.058067556636865136e-01 -2.839349332460694431e-02 4.080733076061361930e-01
1403636588.563555479 4.503224840631033649e-02 3.330995654936291794e-01 -8.064076638748243764e-02 -1.103484654600615372e-01 -9.057490636327538702e-01 -2.971344701011869455e-02 4.081163571406766222e-01
1403636588.613555431 4.574322303386105931e-02 3.247017564185812333e-01 -7.873176202552072123e-02 -1.102369131917786405e-01 -9.055781682168212443e-01 -2.971680661941451806e-02 4.085252937375594140e-01
1403636588.663555622 4.674191082683616660e-02 3.145757270489943913e-01 -7.678691547369742576e-02 -1.095074246720837141e-01 -9.054466532470522022e-01 -2.933961433060866195e-02 4.090399358208579583e-01
1403636588.713555574 4.799053776834348584e-02 3.026848898138573274e-01 -7.588883792468079093e-02 -1.087728695496995440e-01 -9.057276050832816505e-01 -2.734858112443723510e-02 4.087517869691915662e-01
1403636588.763555527 4.934452969872252237e-02 2.892333444661033814e-01 -7.547766699702765369e-02 -1.065399134848461216e-01 -9.066004775944255245e-01 -2.597621411582765744e-02 4.074924013529697686e-01
1403636588.813555479 5.023908093740755976e-02 2.744717110444332420e-01 -7.521496500474116054e-02 -1.048058796559302036e-01 -9.074645113490272808e-01 -2.447709547148791548e-02 4.061092956691554345e-01
1403636588.863555670 5.063239938270847063e-02 2.580902321592632997e-01 -7.527877727482366887e-02 -1.033985700532715768e-01 -9.079795853436528619e-01 -2.250417785792706293e-02 4.054323251654285976e-01
1403636588.913555384 5.121103526845858372e-02 2.395934193603735940e-01 -7.475506744968027362e-02 -1.016304445477954621e-01 -9.080986041398976250e-01 -2.042052466018095050e-02 4.057230336976075380e-01
1403636588.963555574 5.171660841246805695e-02 2.201671786909046302e-01 -7.399571756322723126e-02 -9.929520916242069728e-02 -9.080009257292815938e-01 -1.879450986127749815e-02 4.065975242315590932e-01
1403636589.013555527 5.241538074707171452e-02 1.994357983006321555e-01 -7.226741187257904042e-02 -9.669822513554632293e-02 -9.075163282785515539e-01 -1.716141735746863281e-02 4.083736682472733914e-01
1403636589.063555479 5.332809914803527535e-02 1.779460205740471535e-01 -7.013335367858829217e-02 -9.365132157284977721e-02 -9.067372025175413075e-01 -1.545422015918434047e-02 4.108749720019383433e-01
1403636589.113555431 5.383042529773715557e-02 1.559798089989745118e-01 -6.764177266706714042e-02 -9.021351219318501924e-02 -9.059391872871472851e-01 -1.423818611389931002e-02 4.134404252264881063e-01
1403636589.163555622 5.397012132400347273e-02 1.333981047682838150e-01 -6.497787807668867210e-02 -8.788666453086738106e-02 -9.051232184664936842e-01 -1.310934237924860774e-02 4.157595924724749592e-01
1403636589.213555574 5.411231073066195135e-02 1.099341754420745942e-01 -6.257425652287876283e-02 -8.594890226384375997e-02 -9.046838085101855942e-01 -1.201615693674244062e-02 4.171517766851983167e-01
1403636589.263555527 5.411141353980866014e-02 8.620569196702951298e-02 -6.084302666098391488e-02 -8.386793631564827545e-02 -9.048923881133756897e-01 -1.090484153790446768e-02 4.171534725058146931e-01
1403636589.313555479 5.410778009669650612e-02 6.193935125889662996e-02 -5.945223638361801788e-02 -8.064969637956215243e-02 -9.056919315330247411e-01 -9.860451211605680139e-03 4.160775446137016109e-01
1403636589.363555670 5.468238552470079672e-02 3.669319640253637660e-02 -5.825602395635805231e-02 -7.793517082662590467e-02 -9.067254190866586017e-01 -8.057697104285187206e-03 4.143792912872503176e-01
1403636589.413555384 5.415501672602269362e-02 1.259539079213265605e-02 -5.824344630880745610e-02 -7.493873187598192043e-02 -9.077234741738869905e-01 -7.436476743065766060e-03 4.127553509188685577e-01
1403636589.463555574 5.404849994099394928e-02 -1.119342225459954258e-02 -5.819799167208285218e-02 -7.245962732420525854e-02 -9.080674706208717861e-01 -7.546629901317956912e-03 4.124392313849183922e-01
1403636589.513555527 5.387856577460237162e-02 -3.524631092866354481e-02 -5.855790249763503930e-02 -7.123018717025418611e-02 -9.078159908262031230e-01 -6.920186808815136439e-03 4.132172530890507733e-01
1403636589.563555479 5.369452569834283484e-02 -5.933579602187116775e-02 -5.850563190932683150e-02 -6.986014350453921551e-02 -9.073389319393366792e-01 -5.397592988901534980e-03 4.145195881096999102e-01
1403636589.613555431 5.359271348072373181e-02 -8.319587909268158499e-02 -5.907105738438638010e-02 -6.822656255939692216e-02 -9.069014144754329321e-01 -5.101689118044887630e-03 4.157510473251156968e-01
1403636589.663555622 5.349069040145239262e-02 -1.068544831918621929e-01 -5.967680577661078206e-02 -6.644505337704705028e-02 -9.064958259737906365e-01 -4.434175758169765953e-03 4.169301026061348336e-01
