1403638518.077829 0.000000000 0.000000000 0.000000000 0.000000000 0.000000000 0.000000000 1.000000000
1403638519.127829552 0.000014873 -0.000014483 -0.000024751 -0.000049809 -0.000016765 0.000074678 0.999999996
1403638520.177829266 0.000006022 0.000025861 0.000015628 0.000072140 -0.000015177 -0.000019060 0.999999997
1403638521.227829456 0.000078042 0.000049273 0.000068850 0.000086602 0.000004959 -0.000167101 0.999999982
1403638522.277829409 -0.005563847 -0.036514100 -0.013133688 0.003461711 -0.012051306 0.000333043 0.999921333
1403638522.427829504 -0.016371415 -0.093417104 -0.031255566 0.012164152 -0.022804221 0.004171467 0.999657241
1403638522.577829361 -0.015982953 -0.159919535 -0.051192108 0.003527714 -0.035471339 0.014287497 0.999262331
1403638522.727829456 -0.017146758 -0.231145612 -0.073321738 0.012508861 -0.044199338 0.010859148 0.998885392
1403638522.927829504 -0.010020256 -0.325956289 -0.104342124 0.031103453 -0.061710923 0.024347801 0.997312149
1403638523.577829361 0.021668111 -0.265091881 -0.078126853 0.026940073 -0.045071828 0.009469992 0.998575526
1403638523.727829456 0.029609649 -0.194053238 -0.058001963 0.005348586 -0.040523560 0.000186727 0.999164250
1403638523.877829313 0.037473874 -0.128310761 -0.042577178 0.001268080 -0.039017318 -0.006347465 0.999217569
1403638524.027829409 0.042852514 -0.082565330 -0.035658051 -0.000655424 -0.033278431 -0.022161752 0.999200167
1403638524.227829456 0.043517231 -0.106145213 -0.051684681 -0.014882677 -0.039257063 -0.030353959 0.998657111
1403638524.727829456 0.043202926 -0.382733907 -0.126199606 0.032703029 -0.041502406 -0.011895141 0.998532207
1403638525.027829409 0.037241115 -0.434088522 -0.131056987 0.043107113 -0.036672183 -0.012888991 0.998313980
1403638525.377829313 0.028974902 -0.300745225 -0.079788283 0.026946999 -0.043304624 -0.027824912 0.998310745
1403638525.777829409 0.028534032 -0.136983218 -0.029497913 -0.014373321 -0.050065577 -0.015182442 0.998527085
1403638526.027829409 0.045925030 -0.101728357 -0.019742966 -0.005065399 -0.031719201 -0.020571943 0.999272250
1403638526.277829409 0.123046016 -0.117938955 -0.034490606 -0.009600265 -0.014491851 -0.007895007 0.999817728
1403638526.427829504 0.187910080 -0.133677802 -0.052320155 0.002382387 -0.003942343 0.002200561 0.999986970
1403638527.077829361 0.575397436 -0.132751414 -0.123357251 0.015126562 0.054774489 0.027611990 0.998002265
1403638527.427829504 0.694466008 -0.140386478 -0.132125921 0.022515875 0.111932179 0.038501593 0.992714385
1403638527.777829409 0.592850029 -0.160018324 -0.087371008 0.024114373 0.108130474 0.032031768 0.993327873
1403638528.227829456 0.340537997 -0.199927962 -0.022331189 0.023794695 0.054680103 0.032190061 0.997701207
1403638529.227829456 0.161595734 -0.272391127 0.095383885 0.019078645 0.067750596 0.032461969 0.996991516
1403638529.727829456 0.078771026 -0.122124204 0.001308387 -0.033681457 0.064791330 0.015368420 0.997211840
1403638529.877829313 0.065441988 -0.090552699 0.005484200 -0.016761588 0.064859981 0.016945012 0.997609692
1403638530.027829409 0.059847596 -0.074027730 0.018458766 -0.012652746 0.065590279 0.016700218 0.997626647
1403638530.277829409 0.062260517 -0.064378646 0.059904447 -0.017669505 0.074340046 0.023990862 0.996787733
1403638530.427829504 0.068036205 -0.059355692 0.084319679 -0.016829814 0.081498142 0.027830615 0.996142694
1403638530.677829266 0.077878436 -0.052947117 0.107153209 -0.023050183 0.085475584 0.034170719 0.995487306
1403638530.827829599 0.081071504 -0.046782085 0.114508686 -0.030686770 0.086206365 0.035639031 0.995166641
1403638531.327829599 0.078040705 -0.039944345 0.121267871 -0.009519697 0.084790110 0.030765808 0.995878244
1403638532.377829313 0.078067088 -0.039435323 0.120920024 -0.009530203 0.084553755 0.030100525 0.995918569
1403638533.427829504 0.078078288 -0.039436089 0.120951777 -0.009667751 0.084543680 0.029974356 0.995921904
1403638538.977829456 0.077862963 -0.044915346 0.124692974 0.002586886 0.083616414 0.029631653 0.996053999
1403638539.127829552 0.078617132 -0.054416208 0.132967349 0.017571409 0.085817828 0.030841004 0.995678351
1403638539.277829409 0.078647207 -0.077991065 0.140692712 0.028169876 0.085245611 0.030286251 0.995501073
1403638539.527829409 0.076983642 -0.152089713 0.137112535 0.022050754 0.083617981 0.028683213 0.995840886
1403638540.127829552 0.090967449 -0.274287511 0.177390808 -0.009818698 0.076802579 0.028404719 0.996593262
1403638540.327829599 0.096301590 -0.319262755 0.230431833 0.001225653 0.076565213 0.025555793 0.996736258
1403638540.477829456 0.100035519 -0.354962057 0.282647272 0.011226666 0.070252186 0.020831829 0.997248528
1403638540.827829599 0.090257756 -0.435694285 0.418912159 0.015768851 0.010467879 -0.019241513 0.999635699
1403638541.127829552 0.050642519 -0.499811846 0.549175774 0.019487788 -0.058712715 -0.053250197 0.996663163
1403638541.727829456 -0.154957753 -0.683922635 0.810736784 0.024287917 -0.089777975 -0.063033870 0.993668327
1403638542.077829361 -0.351328494 -0.847919094 0.918848486 0.020632277 -0.149775656 -0.074158219 0.985719088
1403638542.227829456 -0.435569314 -0.898514325 0.970817977 0.019295304 -0.186350853 -0.086939226 0.978438870
1403638542.377829313 -0.527572631 -0.936537591 1.024335734 0.023146872 -0.222300891 -0.103528759 0.969189523
1403638542.577829361 -0.649473161 -0.978853632 1.109942193 0.053497801 -0.245620066 -0.134227285 0.958536282
1403638542.877829313 -0.858999911 -1.057567561 1.170824336 0.038194193 -0.263443521 -0.129385951 0.955195263
1403638543.027829409 -0.982952033 -1.111228593 1.176084766 0.027464980 -0.265909779 -0.122416581 0.955799061
1403638543.427829504 -1.308684553 -1.218574002 1.197708209 0.022273715 -0.265400152 -0.116301104 0.956838907
1403638543.677829266 -1.514934698 -1.250101482 1.224918924 0.022054070 -0.294976039 -0.135152433 0.945640827
1403638543.827829599 -1.651404858 -1.270952287 1.235042948 0.025508129 -0.325667153 -0.154849010 0.932369039
1403638544.027829409 -1.839137505 -1.305048653 1.240304077 0.026424009 -0.369119520 -0.167440515 0.913792223
1403638544.277829409 -2.079513558 -1.385548714 1.241770948 0.020892665 -0.398026385 -0.166502337 0.901895485
1403638544.627829552 -2.422068010 -1.453616822 1.285064518 0.027685116 -0.403818827 -0.165493480 0.899319630
1403638545.027829409 -2.800503515 -1.533209515 1.337460386 0.025205897 -0.408173286 -0.167396319 0.897071738
1403638545.677829266 -3.394665628 -1.533675811 1.469553939 0.026114513 -0.432975641 -0.175783147 0.883713987
1403638546.027829409 -3.704839879 -1.582402842 1.505047328 0.026310205 -0.498595115 -0.213847683 0.839630784
1403638546.527829409 -4.158038145 -1.641631942 1.557253484 0.021168967 -0.538752879 -0.227491261 0.810891445
1403638547.077829361 -4.696973651 -1.720497361 1.598475879 0.029215437 -0.556559742 -0.247698224 0.792485521
1403638547.677829266 -5.338206340 -1.680912092 1.591511660 0.021022278 -0.557735084 -0.238905715 0.794615441
1403638548.177829266 -5.913910662 -1.581366529 1.568079572 0.023172976 -0.565255931 -0.246577800 0.786859666
1403638548.527829409 -6.343471040 -1.598883223 1.473108551 0.020238458 -0.606440648 -0.261645096 0.750574439
1403638548.877829313 -6.795149446 -1.605906361 1.385157335 0.020401810 -0.625630499 -0.268280896 0.732253785
1403638549.227829456 -7.269495078 -1.669298081 1.261604544 0.019214063 -0.628111850 -0.266590780 0.730777449
1403638549.577829361 -7.756218486 -1.768092076 1.129677648 0.016300955 -0.629380466 -0.257057950 0.733168274
1403638549.877829313 -8.174665710 -1.836708046 1.041798450 0.016076048 -0.628398219 -0.257012866 0.734031080
1403638550.127829552 -8.527745444 -1.935194619 0.952580570 0.012584528 -0.628748237 -0.255789043 0.734226975
1403638550.327829599 -8.808272418 -2.040295259 0.880026879 0.013718742 -0.629014423 -0.257390836 0.733418441
1403638550.577829361 -9.166101744 -2.166793387 0.805900381 0.011186151 -0.632643115 -0.250714543 0.732652562
1403638550.777829409 -9.446251072 -2.251435332 0.765803694 0.015658170 -0.636046934 -0.241796888 0.732620901
1403638550.927829504 -9.661736124 -2.307077144 0.743069580 0.026992964 -0.639059121 -0.232168008 0.732784304
1403638551.077829361 -9.863275950 -2.350828874 0.727553509 0.034388950 -0.641353346 -0.224221921 0.732944620
1403638551.277829409 -10.098794300 -2.438531912 0.722196277 0.030156183 -0.643650107 -0.218696590 0.732787108
1403638551.527829409 -10.364495849 -2.551149974 0.741721519 0.014862882 -0.619575732 -0.210374438 0.756073808
1403638551.727829456 -10.549005854 -2.630603273 0.795233681 0.006200964 -0.587252909 -0.187120604 0.787452506
1403638551.927829504 -10.716844280 -2.709343147 0.880518807 0.012118750 -0.552241534 -0.175441697 0.814924926
1403638552.127829552 -10.845304417 -2.821287690 0.994468545 0.024408304 -0.531380945 -0.177157977 0.828042014
1403638552.377829313 -10.986702075 -2.982636571 1.130699203 0.017997665 -0.524632691 -0.175107737 0.832930912
1403638552.577829361 -11.078286655 -3.112522570 1.258056619 0.029197841 -0.529781635 -0.160819083 0.832235621
1403638552.827829599 -11.148127684 -3.243787993 1.451953261 0.031757564 -0.531910458 -0.165394135 0.829884029
1403638553.177829266 -11.172381666 -3.391041458 1.760690472 0.040030348 -0.534817632 -0.178795111 0.824863613
1403638553.427829504 -11.138457402 -3.489911069 1.985547440 0.059878013 -0.539895645 -0.174341254 0.821299241
1403638553.677829266 -11.036788852 -3.620158305 2.190022270 0.071436887 -0.538216009 -0.183727173 0.819429451
1403638553.927829504 -10.882108974 -3.776077553 2.340074278 0.066361090 -0.535757770 -0.189996416 0.820037304
1403638554.177829266 -10.685043764 -3.905040934 2.478560759 0.052794266 -0.533254436 -0.196901927 0.821025032
1403638554.377829313 -10.508418984 -3.985343298 2.586717427 0.036689114 -0.527824294 -0.213581752 0.821241900
1403638554.627829552 -10.301221697 -4.062823676 2.710738513 0.029658679 -0.527990647 -0.214445878 0.821193768
1403638555.027829409 -9.979452349 -4.219605885 2.903939230 0.026543423 -0.532401022 -0.196214540 0.823009388
1403638555.327829599 -9.733923816 -4.312964294 3.073790580 0.024633790 -0.505407990 -0.189388349 0.841479645
1403638555.677829266 -9.441794604 -4.388838603 3.295320654 0.028191291 -0.489477143 -0.188684462 0.850891034
1403638556.077829361 -9.118670149 -4.554838845 3.509648170 0.026966484 -0.488069700 -0.195189263 0.850271679
1403638556.327829599 -8.929335752 -4.657010286 3.645685114 0.011510091 -0.486522379 -0.198509151 0.850739449
1403638556.627829552 -8.731652143 -4.764831661 3.842099256 -0.002561497 -0.486819114 -0.196322102 0.851151115
1403638556.977829456 -8.549789834 -4.963225638 4.090421366 0.006955382 -0.494833257 -0.173285222 0.851506842
1403638557.227829456 -8.414872012 -5.101010291 4.306087966 0.013414201 -0.493985855 -0.178591591 0.850824939
1403638557.527829409 -8.254918131 -5.250324780 4.596073737 0.022768188 -0.490016338 -0.191155178 0.850191329
1403638557.777829409 -8.132022687 -5.410344594 4.834069108 0.027404888 -0.487841014 -0.196248911 0.850144977
1403638558.027829409 -8.011448412 -5.542352830 5.065340326 0.023548507 -0.484669714 -0.202680925 0.850565212
1403638558.277829409 -7.908973053 -5.650669801 5.296343606 0.002642375 -0.480706083 -0.209359848 0.851518135
1403638558.477829456 -7.849929727 -5.758176217 5.473480091 -0.005260200 -0.474642007 -0.220897005 0.851992845
1403638558.727829456 -7.839600188 -5.952365341 5.695118774 -0.010171606 -0.480365269 -0.202991613 0.853194088
1403638558.877829313 -7.848574637 -6.068465416 5.836818518 -0.006751877 -0.482097449 -0.196703217 0.853723788
1403638559.027829409 -7.867117634 -6.169649310 5.994753524 0.006384467 -0.482855833 -0.195015936 0.853685110
1403638559.177829266 -7.891640304 -6.260004764 6.160080551 0.015799380 -0.483665826 -0.194526310 0.853215836
1403638559.327829599 -7.919378451 -6.336702092 6.331300232 0.021696074 -0.483091317 -0.199092865 0.852357959
1403638559.527829409 -7.957366884 -6.413191770 6.562199164 0.029235144 -0.481393458 -0.206372476 0.851361290
1403638559.727829456 -8.003812432 -6.479513251 6.783230190 0.032215961 -0.482473980 -0.207007806 0.850487365
1403638559.877829313 -8.044920508 -6.531076891 6.938851015 0.031249752 -0.483514474 -0.206003706 0.850176264
1403638560.027829409 -8.089504477 -6.582449763 7.091222037 0.029374522 -0.474298557 -0.197902432 0.857328784
1403638560.177829266 -8.134150207 -6.623567091 7.247404921 0.029494327 -0.448911915 -0.184076466 0.873913057
1403638560.327829599 -8.179788287 -6.651298216 7.407741083 0.033571714 -0.415097603 -0.165846923 0.893902521
1403638560.477829456 -8.222892276 -6.670617365 7.566271878 0.042488840 -0.378489566 -0.145046733 0.913182234
1403638560.627829552 -8.256149125 -6.676974288 7.721787828 0.044109749 -0.341641429 -0.119868897 0.931110580
1403638560.777829409 -8.276319190 -6.684039822 7.871446818 0.041074366 -0.309812196 -0.093283947 0.945318679
1403638560.927829504 -8.281681265 -6.703193186 8.009554602 0.043235482 -0.277202140 -0.073978351 0.956983213
1403638561.077829361 -8.269030615 -6.742928913 8.133043612 0.050572245 -0.244521556 -0.059334841 0.966504544
1403638561.227829456 -8.247200692 -6.792220799 8.243962205 0.057847718 -0.217260643 -0.047196946 0.973254285
1403638561.477829456 -8.157330781 -6.856767874 8.393234162 0.048304570 -0.191943585 -0.054310646 0.978710725
1403638561.827829599 -8.001983046 -6.886497774 8.584755942 0.040654008 -0.184559863 -0.071673333 0.979360935
1403638562.227829456 -7.811304509 -6.882521963 8.781719387 0.043051216 -0.148532485 -0.062921132 0.985964312
1403638562.577829361 -7.641478303 -6.925446014 8.890776898 0.045053322 -0.096805179 -0.034142538 0.993696756
1403638562.877829313 -7.480303128 -6.970751862 8.943681008 0.044958131 -0.029947600 0.011226559 0.998476776
1403638563.177829266 -7.285857833 -6.975951050 8.979356451 0.044043495 0.034860102 0.046695654 0.997328662
1403638563.477829456 -7.044366991 -6.927107450 9.004702661 0.069339004 0.066310447 0.061133638 0.993507778
1403638563.827829599 -6.725879678 -6.852346956 8.942235297 0.057544872 0.066144918 0.060566188 0.994306378
1403638564.127829552 -6.412871876 -6.808700988 8.809891775 0.059753943 0.054082461 0.060659603 0.994899475
1403638564.427829504 -6.062583661 -6.730814426 8.634461963 0.067265118 0.046945519 0.046969114 0.995522689
1403638564.677829266 -5.745498940 -6.671838835 8.426749046 0.062635761 0.040489018 0.051650315 0.995876321
1403638564.877829313 -5.463814099 -6.598073137 8.253903141 0.061802254 0.038139859 0.059690773 0.995571617
1403638565.077829361 -5.173535547 -6.467441391 8.085913821 0.061336548 0.037183456 0.063457971 0.995403589
1403638565.227829456 -4.937804931 -6.328802241 7.963419541 0.059158805 0.036996732 0.063507026 0.995539218
1403638565.377829313 -4.689887835 -6.174872754 7.835016884 0.056658246 0.039130615 0.059696135 0.995838847
1403638565.527829409 -4.436119282 -6.010108906 7.702273169 0.060872523 0.043408744 0.054058475 0.995734853
1403638565.627829552 -4.265196638 -5.912185593 7.601967371 0.063715735 0.048951619 0.046204903 0.995695310
1403638565.777829409 -3.994734192 -5.786329991 7.437841659 0.058372051 0.057423402 0.031366143 0.996148293
1403638565.927829504 -3.740246809 -5.662768638 7.262510911 0.051790654 0.063050381 0.024268845 0.996370112
1403638566.077829361 -3.486497973 -5.536718997 7.082487592 0.049051545 0.065522359 0.023241318 0.996373729
1403638566.227829456 -3.241947336 -5.399029065 6.906460867 0.048613536 0.064838873 0.024938448 0.996398875
1403638566.377829313 -3.014057705 -5.248769375 6.723575609 0.045708729 0.064316854 0.024401650 0.996583471
1403638566.527829409 -2.782780348 -5.085401873 6.550712135 0.044261192 0.061119536 0.025971311 0.996810333
1403638566.627829552 -2.642059464 -4.953407541 6.437338008 0.033323057 0.059136070 0.026055674 0.997353298
1403638566.727829456 -2.492958439 -4.813676904 6.330562573 0.012481743 0.056871567 0.026323505 0.997956364
1403638566.827829599 -2.352644583 -4.682287038 6.231697235 -0.005098434 0.055379522 0.023742651 0.998170026
1403638566.927829504 -2.207073553 -4.546824710 6.139207532 -0.016267709 0.053177857 0.021784817 0.998214856
1403638567.027829409 -2.064052456 -4.416558256 6.060005512 -0.015946169 0.051203283 0.021544370 0.998328495
1403638567.127829552 -1.934835673 -4.284217008 5.990232254 0.007283130 0.052439155 0.018247978 0.998430820
1403638567.277829409 -1.732465878 -4.093723572 5.892603770 0.033464569 0.053984833 0.014580816 0.997874321
1403638567.427829504 -1.541308834 -3.894102369 5.799681077 0.037257232 0.057343847 0.011561333 0.997592060
1403638567.577829361 -1.358498665 -3.706578418 5.702153208 0.028914353 0.059827301 0.012339720 0.997713579
1403638567.727829456 -1.179799496 -3.537165253 5.601896786 0.020357768 0.063206579 0.010776482 0.997734613
1403638567.927829504 -0.972854654 -3.352952136 5.460622118 0.010006286 0.064660431 0.013585919 0.997764664
1403638568.177829266 -0.729563108 -3.165771592 5.296503868 0.010802616 0.067993887 0.008385569 0.997592009
1403638568.427829504 -0.529544388 -3.013428060 5.142838756 0.009362530 0.070195877 0.008266241 0.997455037
1403638568.727829456 -0.316434000 -2.827370825 5.001926872 0.002658546 0.071274413 0.004596108 0.997442613
1403638569.127829552 -0.103290515 -2.664901670 4.858678743 0.004466188 0.071514072 0.003682429 0.997422794
1403638570.177829266 0.064650791 -2.530936088 4.750220686 0.014892003 0.071390346 0.006914069 0.997313312
1403638570.777829409 0.035315181 -2.410008362 4.827852125 0.037657767 0.119081450 0.108995444 0.986165044
1403638571.077829361 0.124197369 -2.296270845 4.843288189 0.055715558 0.192669399 0.138165495 0.969888950
1403638571.277829409 0.240971843 -2.207546737 4.807661696 0.037059142 0.236739138 0.130914886 0.961999217
1403638571.577829361 0.427705755 -2.101047831 4.700653129 0.038291611 0.266726094 0.128304035 0.954426015
1403638571.827829599 0.611515357 -2.004471919 4.577782536 0.025684754 0.298920528 0.144108392 0.942984402
1403638571.977829456 0.730434612 -1.940136986 4.500959593 0.024110501 0.324563833 0.162299324 0.931523447
1403638572.127829552 0.864813227 -1.896987993 4.407595596 0.024311455 0.352534067 0.176331719 0.918714215
1403638572.227829456 0.959171705 -1.861461652 4.342023629 0.021892405 0.374159839 0.179027664 0.909656107
1403638572.327829599 1.061197319 -1.830609211 4.263328112 0.015312990 0.394055075 0.186644393 0.899805524
1403638572.427829504 1.152903192 -1.796873377 4.199520558 0.009181066 0.415132820 0.192557524 0.889101822
1403638572.577829361 1.316131728 -1.736816518 4.088335277 0.003493722 0.437127747 0.194516375 0.878106204
1403638572.777829409 1.535754337 -1.671771877 3.942033785 -0.004630304 0.450832598 0.191432574 0.871826874
1403638572.977829456 1.762716021 -1.646398588 3.805718581 -0.013790614 0.453405858 0.187482523 0.871253838
1403638573.177829266 1.999913617 -1.616494261 3.687754546 -0.017939974 0.450057284 0.186434013 0.873137422
1403638573.377829313 2.246655438 -1.588284535 3.591692433 -0.018887027 0.446647777 0.185669341 0.875029108
1403638573.527829409 2.442372945 -1.582635490 3.529267440 -0.021605498 0.450300069 0.183205490 0.873612499
1403638573.677829266 2.643233881 -1.597681797 3.474215191 -0.024022844 0.453579109 0.181891356 0.872126384
1403638573.827829599 2.854836769 -1.623967941 3.429736668 -0.018783892 0.467802659 0.179267470 0.865257772
1403638573.977829456 3.070429084 -1.651622700 3.396352196 -0.001749661 0.492808836 0.182385898 0.850806543
1403638574.127829552 3.282492982 -1.670275951 3.378889351 0.024347767 0.518741504 0.204707220 0.829704401
1403638574.277829409 3.483828100 -1.679601388 3.354051963 0.041191247 0.547628282 0.227159427 0.804241967
1403638574.427829504 3.675409407 -1.666756831 3.321373929 0.037846879 0.579248899 0.239761112 0.778172819
1403638574.577829361 3.866695035 -1.647292025 3.277323284 0.033878049 0.605039044 0.250139010 0.755122844
1403638574.727829456 4.048123339 -1.638624807 3.223866818 0.025632977 0.624513957 0.246919439 0.740510674
1403638574.927829504 4.274336282 -1.634318122 3.135303369 0.007499103 0.631973709 0.250512315 0.733346150
1403638575.177829266 4.548094115 -1.614897806 3.040717129 0.011981466 0.626163073 0.266481542 0.732641685
1403638575.377829313 4.770428049 -1.571800980 2.962010200 0.012287829 0.621325696 0.270570413 0.735251685
1403638575.577829361 5.000400588 -1.512201553 2.875133000 0.000111036 0.616567375 0.269070163 0.739895876
1403638575.777829409 5.243225790 -1.470297273 2.778134555 -0.016967565 0.615738898 0.259529675 0.743788989
1403638575.927829504 5.438202254 -1.462904894 2.704464052 -0.022775351 0.614043315 0.258114221 0.745526083
1403638576.077829361 5.645487447 -1.473819442 2.626825704 -0.022280771 0.613754542 0.255799917 0.746575738
1403638576.227829456 5.863261482 -1.497524498 2.555146172 -0.020041774 0.615264556 0.253011074 0.746346602
1403638576.377829313 6.087298733 -1.515508336 2.493151646 -0.024119524 0.618683309 0.245059695 0.746052918
1403638576.527829409 6.315573229 -1.519815256 2.441396334 -0.032627840 0.621333806 0.238100762 0.745779962
1403638576.677829266 6.551852403 -1.526954371 2.411019171 -0.038962426 0.623551998 0.232536440 0.745380198
1403638576.827829599 6.792202010 -1.534891787 2.396935017 -0.029651107 0.626511669 0.224496029 0.745791843
1403638576.977829456 7.034382691 -1.534410866 2.406566230 -0.013386001 0.626843059 0.226230803 0.745458395
1403638577.127829552 7.269382161 -1.545829194 2.425213765 -0.004108635 0.624680171 0.233179618 0.745241618
1403638577.277829409 7.500911199 -1.568789492 2.443338288 -0.003055039 0.624158040 0.234648686 0.745223055
1403638577.427829504 7.727985370 -1.609323786 2.460973692 -0.013666574 0.627418015 0.224464546 0.745503539
1403638577.627829552 8.023695525 -1.676724969 2.504782850 -0.013373204 0.626297677 0.226857434 0.745726546
1403638577.777829409 8.237612209 -1.710474500 2.554669681 -0.010989088 0.624027492 0.231586997 0.746214710
1403638577.927829504 8.448775308 -1.736569307 2.617022052 -0.010841660 0.623338858 0.231187480 0.746915976
1403638578.077829361 8.658716038 -1.767948634 2.684524038 -0.008417583 0.622547287 0.230462414 0.747830927
1403638578.227829456 8.866341455 -1.825329883 2.755544509 0.002969802 0.618205671 0.239986427 0.748478085
1403638578.377829313 9.069803204 -1.881841681 2.822541858 0.010355905 0.615601934 0.246669567 0.748385689
1403638578.527829409 9.271595499 -1.926133269 2.889726570 0.010431688 0.615808679 0.247605060 0.747905465
1403638578.677829266 9.470394066 -1.957586181 2.960330816 0.010746393 0.617696247 0.245377015 0.747078297
1403638578.877829313 9.729275111 -1.986087577 3.044740621 0.001176043 0.621775268 0.234020510 0.747414567
1403638579.127829552 10.043490397 -2.035367473 3.167683417 -0.001527103 0.622624374 0.228542928 0.748401421
1403638579.277829409 10.224667480 -2.087498906 3.237158525 0.000892325 0.621249945 0.230391473 0.748977622
1403638579.427829504 10.400453166 -2.148595293 3.310490708 0.010680990 0.617473632 0.239941345 0.749026289
1403638579.577829361 10.572756563 -2.197636030 3.386337443 0.022241428 0.613944608 0.241676460 0.751112392
1403638579.727829456 10.728848310 -2.234321935 3.457194857 0.032238679 0.604812717 0.222357703 0.764015246
1403638579.877829313 10.875789232 -2.259903152 3.532582949 0.022683617 0.577523086 0.204164497 0.790107206
1403638580.027829409 11.010436179 -2.271219389 3.616164230 0.022184799 0.535596958 0.183474176 0.824003009
1403638580.177829266 11.120639091 -2.289944359 3.691088577 0.037338256 0.483629130 0.153454314 0.860906785
1403638580.327829599 11.232930773 -2.280477147 3.791831222 0.040154413 0.422957577 0.135092235 0.895122673
1403638580.477829456 11.307478762 -2.271692732 3.865640927 0.037337922 0.373555055 0.134817746 0.916998733
1403638580.627829552 11.377784206 -2.246842145 3.935494866 0.034753225 0.341338328 0.132064799 0.929967337
1403638580.777829409 11.444060704 -2.234899956 3.993921250 0.021901784 0.314450900 0.123174659 0.940993595
1403638580.927829504 11.512439116 -2.238912692 4.043279629 0.015142498 0.300727991 0.115620911 0.946554375
1403638581.077829361 11.580653090 -2.258279115 4.081816150 0.014779202 0.295794505 0.115983172 0.948069138
1403638581.227829456 11.656527963 -2.293298969 4.112829012 0.013877183 0.297558349 0.112382883 0.947964419
1403638581.377829313 11.728922352 -2.327668259 4.151553068 0.014984964 0.302499292 0.110229563 0.946635660
1403638581.527829409 11.799057964 -2.378233707 4.176961020 0.016190405 0.307008659 0.110780961 0.945098478
1403638581.677829266 11.862855333 -2.426446192 4.210906781 0.022523315 0.313011503 0.107144749 0.943417459
1403638581.827829599 11.922868565 -2.459933123 4.238490016 0.028330749 0.316307019 0.106869935 0.942192154
1403638581.977829456 11.966991788 -2.493503519 4.282396948 0.044041339 0.320497347 0.101983188 0.940713155
1403638582.177829266 12.012045412 -2.523928666 4.317984153 0.028315954 0.318208480 0.109105905 0.941295634
1403638582.727829456 12.050433295 -2.761748696 4.331807606 0.027015000 0.320624743 0.102652847 0.941239798
1403638582.877829313 12.041489999 -2.847509609 4.322796772 0.023817027 0.320949558 0.104311984 0.941033018
1403638583.027829409 12.026541142 -2.917427638 4.320187485 0.017522775 0.320776698 0.106935109 0.940935781
1403638583.327829599 11.977370815 -3.030913448 4.321007857 0.011383301 0.321134932 0.109635392 0.940597075
1403638583.477829456 11.952943582 -3.072184314 4.338550550 0.010391362 0.320679288 0.109981635 0.940723580
1403638583.627829552 11.923196153 -3.126390217 4.354806374 0.010102969 0.320836312 0.109430792 0.940737420
1403638583.777829409 11.888212245 -3.191107426 4.373121070 0.010349880 0.321254931 0.107798666 0.940780313
1403638583.927829504 11.852637843 -3.251112304 4.392291677 0.011668115 0.321337857 0.107200943 0.940804865
1403638584.077829361 11.813621430 -3.293495703 4.425524446 0.017968183 0.323015365 0.102843255 0.940617607
1403638584.477829456 11.666050775 -3.374640337 4.515112615 0.052344238 0.326449636 0.091184460 0.939348769
1403638584.627829552 11.582226948 -3.383937775 4.535922451 0.051524044 0.325445773 0.092840455 0.939580210
1403638584.777829409 11.479745621 -3.385668254 4.544672636 0.039539559 0.322828142 0.098366014 0.940501324
1403638584.927829504 11.361512080 -3.421804551 4.540420891 0.023069771 0.319974834 0.107370742 0.941039540
1403638585.077829361 11.248780862 -3.423963819 4.542667423 0.018829395 0.319572382 0.109362920 0.941041284
1403638585.227829456 11.134420903 -3.438833503 4.542804342 0.020084939 0.318892748 0.111153813 0.941036046
1403638585.577829361 10.863306006 -3.428416034 4.550044277 0.022490434 0.318367463 0.110631787 0.941220987
1403638585.727829456 10.749084681 -3.441674717 4.552403879 0.013753800 0.317529366 0.112144542 0.941493248
1403638585.877829313 10.628633432 -3.476238840 4.546268107 0.002312032 0.315532750 0.117617208 0.941594355
1403638586.027829409 10.517422994 -3.523806668 4.547107353 0.005909223 0.315776219 0.119672317 0.941238013
1403638586.177829266 10.411556847 -3.565046755 4.547480307 0.014092454 0.317962032 0.116706162 0.940787553
1403638586.327829599 10.310839672 -3.593239226 4.557626767 0.021891474 0.320305641 0.112513620 0.940354053
1403638586.477829456 10.204810146 -3.627442757 4.562774133 0.025502495 0.325896726 0.099804622 0.939776561
1403638586.777829409 9.975030227 -3.637594506 4.608396648 0.026154722 0.323869210 0.105238528 0.939866755
1403638586.927829504 9.854578188 -3.631179496 4.632083667 0.028350124 0.322827035 0.106716959 0.939994929
1403638587.077829361 9.727861368 -3.618454675 4.658210482 0.028113825 0.322266179 0.107640625 0.940089155
1403638587.227829456 9.600126923 -3.605624134 4.680844657 0.024493884 0.321413326 0.107865704 0.940456545
1403638587.377829313 9.468265733 -3.612324517 4.693077462 0.020699607 0.320817082 0.109135394 0.940604801
1403638587.527829409 9.334062962 -3.622921750 4.702719480 0.020738929 0.320119837 0.111603743 0.940551855
1403638587.677829266 9.202541749 -3.616700669 4.716139842 0.021141998 0.320027096 0.113533787 0.940343423
1403638587.827829599 9.070028195 -3.614493437 4.733183826 0.021619831 0.320151211 0.114927138 0.940121023
1403638587.977829456 8.936673788 -3.590935281 4.754155621 0.022472616 0.320167542 0.115590745 0.940014099
1403638588.127829552 8.802537144 -3.565379512 4.776136954 0.022490063 0.321566838 0.111931219 0.939978919
1403638588.277829409 8.673001276 -3.522691831 4.805074799 0.021094792 0.324578216 0.103038591 0.939993106
1403638588.427829504 8.535617898 -3.514958134 4.825823734 0.019884156 0.324298905 0.103348673 0.940081854
1403638588.577829361 8.393467959 -3.511532686 4.841524536 0.021467871 0.323004848 0.106636870 0.940125298
1403638588.727829456 8.249640942 -3.528995083 4.851892952 0.025080277 0.321227135 0.110746555 0.940169829
1403638588.927829504 8.053563493 -3.548811748 4.856439183 0.026454885 0.320734135 0.113694441 0.939948577
1403638589.077829361 7.910464817 -3.538474879 4.866772005 0.026645428 0.321057130 0.114121113 0.939781204
1403638589.227829456 7.764612216 -3.528918282 4.881756508 0.026444390 0.321904084 0.113080811 0.939622895
1403638589.427829504 7.568007858 -3.510070330 4.905054785 0.027190871 0.321982568 0.113719269 0.939497637
1403638589.577829361 7.423490072 -3.502157080 4.902933470 0.026700586 0.321680749 0.114117379 0.939566814
1403638589.777829409 7.229453920 -3.502237074 4.895426426 0.023509461 0.321637115 0.114560041 0.939613148
1403638589.977829456 7.035372423 -3.513310433 4.883589918 0.021782672 0.322584647 0.115913198 0.939163879
1403638590.177829266 6.843503639 -3.495975924 4.882209005 0.023296241 0.323430088 0.116383690 0.938778515
1403638590.427829504 6.605747005 -3.457089661 4.885018289 0.022519005 0.324332121 0.116692494 0.938447884
1403638590.627829552 6.418527186 -3.423880095 4.888870941 0.018915653 0.323594256 0.118930457 0.938501200
1403638590.827829599 6.230559671 -3.413542585 4.875557071 0.015580038 0.322595385 0.120826487 0.938664178
1403638591.027829409 6.056000206 -3.428639833 4.855213257 0.013188333 0.321853539 0.123461306 0.938612632
1403638591.227829456 5.890998227 -3.444598441 4.838710984 -0.000889812 0.320746170 0.127173371 0.938588321
1403638591.377829313 5.775284951 -3.447328702 4.844536004 -0.014292707 0.318756690 0.133212509 0.938319945
1403638591.627829552 5.612585370 -3.435565116 4.878508350 -0.026005889 0.316047314 0.141015896 0.937844500
1403638591.927829504 5.483600624 -3.430189071 4.971395967 -0.014159772 0.317528769 0.137839975 0.938069892
1403638592.277829409 5.401295150 -3.522939641 5.102767188 0.012251323 0.308736996 0.133932192 0.941590962
1403638592.427829504 5.380766447 -3.594889392 5.145036907 0.025637644 0.288384271 0.128899869 0.948452449
1403638592.577829361 5.367764720 -3.672442469 5.174991845 0.020641063 0.265255639 0.119086394 0.956572958
1403638592.777829409 5.368285071 -3.796925019 5.205695519 0.003119622 0.245076932 0.109993349 0.963238822
1403638593.177829266 5.421632168 -3.997983959 5.309713015 -0.004126550 0.234899991 0.104379080 0.966390177
1403638593.377829313 5.475795938 -4.111708442 5.374240061 0.007402351 0.242921083 0.087892409 0.966027679
1403638593.527829409 5.519556578 -4.199364869 5.419309094 0.017659137 0.248897906 0.077878376 0.965232068
1403638593.777829409 5.570564820 -4.317192015 5.520719654 0.026358373 0.253468187 0.074075900 0.964143078
1403638593.927829504 5.587411815 -4.386251411 5.577941678 0.051556609 0.247069319 0.076970217 0.964559098
1403638594.127829552 5.590897503 -4.482564994 5.629769300 0.041443909 0.232884295 0.079216470 0.968386317
1403638594.377829313 5.590202844 -4.592553303 5.669968083 0.036215903 0.227612522 0.068212783 0.970684276
1403638594.627829552 5.566746294 -4.715292339 5.680883887 0.038458411 0.221916700 0.069627021 0.971815830
1403638594.977829456 5.492130912 -4.877233191 5.681251282 0.032412582 0.221714134 0.077068110 0.971520856
1403638595.527829409 5.369754972 -4.941920617 5.682316080 0.027255504 0.222523594 0.080523604 0.971213847
1403638596.127829552 5.213911142 -4.905263543 5.680779331 0.022090699 0.232339872 0.054957577 0.970829465
1403638596.627829552 4.937716987 -4.917323083 5.705686928 0.011916704 0.248584837 0.003229817 0.968531434
1403638596.877829313 4.670552593 -4.997200387 5.723637234 0.012055467 0.252533301 -0.010871544 0.967452018
1403638597.027829409 4.459423981 -5.073638901 5.748145273 0.013809975 0.254252730 -0.013499625 0.966944980
1403638597.177829266 4.215792241 -5.129252137 5.785337115 0.017777079 0.256571733 -0.016611149 0.966218915
1403638597.277829409 4.029696721 -5.164458748 5.818122231 0.022909953 0.256382451 -0.012452125 0.966223637
1403638597.377829313 3.828943038 -5.195657217 5.859246564 0.026724174 0.255278760 -0.005628932 0.966481706
1403638597.477829456 3.613011203 -5.227740810 5.903831303 0.033655092 0.252229709 0.005083705 0.967068594
1403638597.577829361 3.387820987 -5.248212770 5.952684355 0.043744648 0.247170955 0.019987317 0.967777574
1403638597.677829266 3.155436725 -5.270210499 6.000582830 0.047727344 0.245813771 0.025735997 0.967799230
1403638597.777829409 2.916251904 -5.287186577 6.042742337 0.044360335 0.246023707 0.019508760 0.968051602
1403638597.927829504 2.539591209 -5.306781616 6.109201763 0.038742286 0.241584328 0.002245863 0.969603529
1403638598.027829409 2.271894030 -5.320506735 6.157794155 0.038263809 0.236174689 -0.002177889 0.970954507
1403638598.127829552 1.996950548 -5.332581585 6.194481190 0.041386274 0.225309202 0.009564241 0.973360912
1403638598.227829456 1.712047563 -5.353020179 6.234120679 0.043216072 0.213188228 0.029376806 0.975612707
1403638598.327829599 1.418189214 -5.371881499 6.267142961 0.040609578 0.205290050 0.043637691 0.976884133
1403638598.427829504 1.132104281 -5.384225531 6.296948415 0.037991883 0.200958538 0.050467108 0.977560921
1403638598.577829361 0.698723337 -5.390022458 6.347516999 0.033605327 0.194655178 0.052904410 0.978867288
1403638598.677829266 0.421616376 -5.390930929 6.382164123 0.031546571 0.185832861 0.048172492 0.980892641
1403638598.777829409 0.134828477 -5.386702496 6.415130346 0.031316624 0.173022293 0.044000059 0.983436094
1403638598.877829313 -0.149684900 -5.391232208 6.446574226 0.032730790 0.157763648 0.036977883 0.986241331
1403638598.977829456 -0.428028907 -5.401108903 6.464964148 0.031598883 0.140251998 0.029087302 0.989183914
1403638599.077829361 -0.714925273 -5.411613527 6.484527248 0.032303674 0.121715416 0.021654780 0.991802854
1403638599.177829266 -0.985086443 -5.420312743 6.499931700 0.033148717 0.101708283 0.013874711 0.994165017
1403638599.277829409 -1.259648936 -5.434652514 6.513555865 0.032061222 0.082280059 0.004012525 0.996085322
1403638599.377829313 -1.535718784 -5.450909218 6.519255918 0.028411953 0.062641237 -0.003480447 0.997625542
1403638599.477829456 -1.799777258 -5.466155432 6.528806037 0.025945323 0.047518889 -0.009625795 0.998486925
1403638599.577829361 -2.073529739 -5.485019899 6.539434661 0.022454306 0.038671013 -0.013589643 0.998907242
1403638599.677829266 -2.342454038 -5.496428065 6.552196165 0.020196385 0.033227451 -0.015615184 0.999121719
1403638599.777829409 -2.607190978 -5.505919102 6.570346401 0.020148339 0.031690306 -0.015893421 0.999168238
1403638599.877829313 -2.864093010 -5.512607742 6.587036819 0.017765179 0.031048914 -0.013083100 0.999274335
1403638600.027829409 -3.241799266 -5.522640734 6.620218159 0.017608976 0.029721629 -0.001317265 0.999402228
1403638600.127829552 -3.500580625 -5.515561801 6.646802821 0.014391987 0.028234153 0.011112309 0.999435951
1403638600.227829456 -3.739011125 -5.511626420 6.677215841 0.009292390 0.024188005 0.027421306 0.999288079
1403638600.327829599 -3.977173770 -5.510015676 6.709853331 0.005360070 0.021790907 0.040364038 0.998933016
1403638600.427829504 -4.199240869 -5.508238910 6.742985207 0.002748601 0.019467912 0.051723200 0.998467904
1403638600.527829409 -4.412877956 -5.512042463 6.779981179 0.001325041 0.020070352 0.054518539 0.998310149
1403638600.627829552 -4.608644883 -5.525753546 6.819003513 -0.001269872 0.021022856 0.055358622 0.998244384
1403638600.727829456 -4.788185788 -5.546263080 6.859253957 -0.005079748 0.020947738 0.056983692 0.998142398
1403638600.877829313 -5.032024099 -5.596004643 6.921669787 -0.014957634 0.024552531 0.044316066 0.998603790
1403638601.027829409 -5.250450558 -5.645471777 7.001977248 -0.018550265 0.033218382 0.016674916 0.999136814
1403638601.177829266 -5.456073384 -5.695499284 7.097467205 -0.015908467 0.037412452 0.002352682 0.999170503
1403638601.327829599 -5.660974895 -5.744658094 7.212112939 0.001854298 0.041017391 -0.012161969 0.999082690
1403638601.477829456 -5.866216240 -5.802281820 7.334850903 0.012967201 0.023778969 -0.008026704 0.999600913
1403638601.627829552 -6.075828013 -5.872175189 7.451524139 0.023032124 -0.002294951 -0.018419334 0.999562396
1403638601.777829409 -6.280864595 -5.951089849 7.554590559 0.027967718 -0.037634410 -0.039041111 0.998136889
1403638601.927829504 -6.483731465 -6.036929013 7.654936977 0.033298469 -0.079094673 -0.061822214 0.994390898
1403638602.077829361 -6.690872608 -6.101151895 7.751226286 0.033854237 -0.109839658 -0.074756985 0.990555669
1403638602.227829456 -6.902118192 -6.168750459 7.845502619 0.042083890 -0.130503625 -0.090760481 0.986387492
1403638602.377829313 -7.128475168 -6.227261221 7.935142241 0.058182505 -0.164886609 -0.093547441 0.980140846
1403638602.527829409 -7.361914295 -6.294619056 8.008058996 0.101145677 -0.213464899 -0.072030551 0.969027290
1403638602.677829266 -7.551842844 -6.359397409 8.028265392 0.120370374 -0.254347591 -0.065410408 0.957360828
1403638602.827829599 -7.724491999 -6.413283965 8.017564967 0.117490749 -0.283777204 -0.081442897 0.948173759
1403638602.977829456 -7.856500126 -6.476399050 7.963486828 0.102972514 -0.319637188 -0.088084886 0.937800502
1403638603.127829552 -7.951077147 -6.521034181 7.893243511 0.099862038 -0.354504043 -0.091035220 0.925238913
1403638603.277829409 -8.016785736 -6.542886352 7.814736950 0.080345816 -0.370531742 -0.110876037 0.918671477
1403638603.427829504 -8.055053729 -6.537051540 7.740794262 0.045009681 -0.374395585 -0.131319665 0.916819077
1403638603.677829266 -8.106572629 -6.506451767 7.621099952 0.050496522 -0.381567418 -0.138405341 0.912524174
1403638603.927829504 -8.127051811 -6.431025379 7.515580176 0.081754425 -0.375948057 -0.158276088 0.909355790
1403638604.177829266 -8.129339479 -6.316700749 7.371492778 0.095097031 -0.371208005 -0.167151782 0.908417004
1403638604.377829313 -8.114629594 -6.230906499 7.194592877 0.075762666 -0.377245931 -0.154830015 0.909930323
1403638604.527829409 -8.092873781 -6.170737546 7.040289438 0.057222687 -0.376254176 -0.157544872 0.911228825
1403638604.727829456 -8.061617532 -6.087583438 6.822842917 0.046951813 -0.377493520 -0.154127185 0.911887592
1403638604.927829504 -8.024572286 -5.992846435 6.610774708 0.035907105 -0.378171358 -0.151926709 0.912477605
1403638605.127829552 -7.988396773 -5.918270723 6.397105155 0.013537459 -0.375754055 -0.158327949 0.912993914
1403638605.327829599 -7.956405503 -5.875751459 6.194910246 0.011311554 -0.372441212 -0.167361961 0.912770270
1403638605.677829266 -7.945052831 -5.762398023 5.881253974 0.057610239 -0.363304332 -0.192038509 0.909841873
1403638605.927829504 -7.969653418 -5.679853526 5.620651908 0.059059961 -0.360609074 -0.197987175 0.909546093
1403638606.177829266 -8.039147393 -5.592501866 5.320979812 0.061096553 -0.355371547 -0.205421060 0.909824413
1403638606.377829313 -8.112770074 -5.483745892 5.062522934 0.046360747 -0.356266145 -0.199564991 0.911646274
1403638606.527829409 -8.199213333 -5.382023628 4.860780162 0.021476062 -0.360516758 -0.184682393 0.914034386
1403638606.677829266 -8.286999763 -5.273210942 4.672215650 0.005327920 -0.368128731 -0.180449425 0.912080509
1403638606.777829409 -8.352974923 -5.194348714 4.553223374 -0.002128453 -0.377517701 -0.185406934 0.907248656
1403638606.877829313 -8.424932056 -5.116977138 4.443812175 -0.007099893 -0.392191561 -0.191143301 0.899777533
1403638606.977829456 -8.505677380 -5.047937656 4.335280065 -0.009031153 -0.410085276 -0.198377455 0.890165653
1403638607.077829361 -8.598206356 -4.988000079 4.230848271 -0.009584891 -0.429665795 -0.202416594 0.879956225
1403638607.177829266 -8.691514530 -4.935577867 4.128963484 -0.004271509 -0.447217325 -0.199132013 0.871966089
1403638607.327829599 -8.839489303 -4.868980906 3.993422451 0.014705613 -0.467191153 -0.191395135 0.863066668
1403638607.477829456 -8.995459962 -4.792098809 3.870313917 0.020103864 -0.477302939 -0.186144516 0.858561563
1403638607.727829456 -9.234300749 -4.643448115 3.706895552 0.024233849 -0.480657219 -0.185756335 0.856665596
1403638608.027829409 -9.501623229 -4.449036441 3.554050961 0.016259417 -0.479972626 -0.177188526 0.859049554
1403638608.277829409 -9.709468821 -4.270854657 3.471692171 0.035469137 -0.474491046 -0.179775239 0.860976800
1403638608.527829409 -9.891898331 -4.073814941 3.417845477 0.044284134 -0.473762004 -0.179364995 0.861055560
1403638608.777829409 -10.039605282 -3.866023038 3.363358852 0.048511591 -0.476157663 -0.173115011 0.860785512
1403638608.977829456 -10.131152159 -3.720139858 3.301597038 0.035358117 -0.475440802 -0.176061423 0.861224838
1403638609.227829456 -10.222665622 -3.579849689 3.219910736 0.029714313 -0.477956816 -0.169038276 0.861452496
1403638609.527829409 -10.299704703 -3.400198112 3.170284464 0.029954537 -0.476578586 -0.171521969 0.861716770
1403638609.777829409 -10.338017883 -3.220649262 3.155831673 0.032053340 -0.474173485 -0.176836274 0.861893857
1403638610.227829456 -10.361112572 -2.990146585 3.132285027 0.043292420 -0.477232178 -0.168205669 0.861441854
1403638610.627829552 -10.309105528 -2.764225614 3.130340695 0.062515164 -0.479210514 -0.158570827 0.860990377
1403638610.827829599 -10.238961327 -2.645095879 3.131641458 0.048153420 -0.479290992 -0.162987063 0.861043908
1403638611.177829266 -10.060812452 -2.482270186 3.118703379 0.047381703 -0.482717902 -0.161866977 0.859382036
1403638611.477829456 -9.852503861 -2.345051275 3.117407978 0.059900162 -0.474468281 -0.183649160 0.858815933
1403638611.777829409 -9.617804756 -2.244206131 3.073413597 0.048093365 -0.471848258 -0.187565625 0.860154280
1403638612.127829552 -9.339154892 -2.080822538 2.996859448 0.029454388 -0.474538523 -0.173887486 0.862385512
1403638612.727829456 -8.846498140 -1.904386581 2.909513472 0.044780529 -0.464799829 -0.184391982 0.864844160
1403638613.277829409 -8.392382937 -1.720793258 2.790200604 0.041319205 -0.460257181 -0.179799169 0.868405613
1403638613.877829313 -7.885099602 -1.564473523 2.617834952 0.053686974 -0.448055269 -0.155367762 0.878763360
1403638614.127829552 -7.647766232 -1.436998647 2.560763465 0.050966461 -0.409118813 -0.146420057 0.899213759
1403638614.327829599 -7.444269054 -1.343970030 2.502053095 0.043603952 -0.375091488 -0.138562353 0.915535660
1403638614.577829361 -7.182900960 -1.271971538 2.410462028 0.036971409 -0.353742297 -0.126245936 0.926046147
1403638614.827829599 -6.909619246 -1.243563352 2.307667594 0.021999588 -0.326082030 -0.099736035 0.939808093
1403638614.977829456 -6.732168754 -1.253226112 2.248435939 0.012282790 -0.296205961 -0.085863674 0.951177476
1403638615.127829552 -6.551190254 -1.281084786 2.201006803 0.014314196 -0.254506046 -0.074972203 0.964054430
1403638615.277829409 -6.363356720 -1.324029321 2.161457382 0.028203737 -0.205948376 -0.068109729 0.975782189
1403638615.427829504 -6.176668391 -1.359895595 2.119673180 0.034385600 -0.157650116 -0.053376305 0.985451694
1403638615.527829409 -6.052615080 -1.378057872 2.100699435 0.035714213 -0.126911236 -0.043279764 0.990325651
1403638615.677829266 -5.861231670 -1.391489713 2.073927376 0.037125064 -0.093694570 -0.030264478 0.994448148
1403638615.827829599 -5.673361563 -1.412395431 2.031579511 0.036942926 -0.074979226 -0.021487272 0.996268856
1403638615.977829456 -5.494220425 -1.440137769 1.986343265 0.035354033 -0.057024495 -0.011311880 0.997682485
1403638616.127829552 -5.309198240 -1.452022462 1.941479243 0.035556020 -0.035097524 -0.003273328 0.998745823
1403638616.277829409 -5.127183967 -1.439031967 1.916239639 0.033935865 -0.008001534 0.009708625 0.999344823
1403638616.427829504 -4.941849264 -1.385686977 1.894669071 0.032808625 0.023985696 0.022734135 0.998915131
1403638616.627829552 -4.692594623 -1.305033056 1.876267698 0.024414386 0.052605613 0.035324850 0.997691707
1403638616.777829409 -4.515865058 -1.231778275 1.869331011 0.003368853 0.060166907 0.048381101 0.997009460
1403638616.927829504 -4.328036142 -1.162609331 1.869201730 -0.007139584 0.061182142 0.055899067 0.996534528
1403638617.127829552 -4.066382749 -1.107978146 1.876419602 0.006550535 0.066690433 0.038080112 0.997025266
1403638617.327829599 -3.801906969 -1.088477707 1.891903952 0.001633556 0.064152019 0.029376233 0.997506334
1403638617.527829409 -3.546680869 -1.106429257 1.912429781 -0.008671921 0.060878667 0.023087647 0.997840441
1403638617.727829456 -3.292976960 -1.168824952 1.944672454 -0.004742394 0.058295452 0.016406422 0.998153284
1403638617.927829504 -3.054038191 -1.265789395 1.990459732 -0.002086301 0.055111660 0.013684076 0.998384244
1403638618.177829266 -2.775262857 -1.392877819 2.072984760 -0.000895722 0.051054272 0.014111038 0.998595783
1403638618.477829456 -2.461595567 -1.516086583 2.222841890 0.000738909 0.048805681 0.010859469 0.998748983
1403638618.777829409 -2.167922549 -1.636287379 2.416979589 0.004250004 0.057540419 0.011356574 0.998269536
1403638619.077829361 -1.909997593 -1.801384703 2.622628203 0.018486508 0.089822473 0.021132311 0.995561951
1403638619.227829456 -1.784060169 -1.876406707 2.735989502 0.023140981 0.123486591 0.034773566 0.991466770
1403638619.377829313 -1.664650075 -1.923043194 2.857328430 0.025484481 0.162850000 0.053277988 0.984881655
1403638619.627829552 -1.484843434 -1.982363845 3.061115874 0.029310455 0.201158235 0.081797417 0.975697414
1403638620.077829361 -1.173277153 -2.030751758 3.394064120 0.038222915 0.214804653 0.110274450 0.969658453
1403638620.627829552 -0.746126306 -2.117353803 3.633801735 0.033663530 0.218088438 0.097819168 0.970430631
1403638621.127829552 -0.343280161 -2.116255193 3.790523393 0.026130604 0.213706143 0.081620961 0.973131489
1403638621.627829552 0.028904850 -2.145337322 3.906042487 0.038045961 0.209433533 0.071079549 0.974493611
1403638622.227829456 0.355045059 -2.030935943 4.002120296 0.050418452 0.207052740 0.072387548 0.974344490
1403638623.077829361 0.561540520 -1.959617213 3.745735325 0.062788999 0.214770691 0.068770183 0.972214870
1403638623.977829456 0.494576146 -1.722209909 3.082512449 0.035812409 0.216859704 0.075572532 0.972614072
1403638624.777829409 0.391874433 -1.398101975 2.413931302 0.048571111 0.216033133 0.079606418 0.971922502
1403638625.277829409 0.299122268 -1.196206615 1.925734595 0.034912652 0.191450896 0.081429056 0.977495253
1403638625.977829456 0.220888400 -0.952703165 1.213804986 0.018771745 0.189783330 0.081818419 0.978230881
1403638626.777829409 0.206153646 -0.589527018 0.572200292 0.009355534 0.194106169 0.072308628 0.978267209
1403638627.277829409 0.205957772 -0.446920587 0.275913684 0.003446873 0.191765642 0.071427629 0.978832034
1403638627.877829313 0.209227123 -0.288477464 0.088508256 0.014746527 0.196459806 0.062915471 0.978380155
1403638628.327829599 0.199898970 -0.190380221 0.039197255 0.006536613 0.198422331 0.064169210 0.977991904
1403638628.877829313 0.156648925 -0.155556439 0.008772285 0.027715051 0.193791099 0.081031306 0.977297710
1403638629.227829456 0.146516340 -0.114872094 -0.011036379 0.021582841 0.198827154 0.067077702 0.977498095
1403638629.627829552 0.117174931 -0.105475718 -0.026237624 0.003683290 0.195467682 0.079273945 0.977493969
1403638630.027829409 0.113448571 -0.103789851 0.000533451 0.041514678 0.198421667 0.078954833 0.976048927
1403638630.177829266 0.119044991 -0.067283071 0.017243349 0.037817248 0.201865450 0.069218712 0.976232025
1403638630.327829599 0.138752087 -0.033836842 -0.020700996 0.023837450 0.201487308 0.068878199 0.976775529
1403638630.427829504 0.124132736 -0.055280825 -0.022521048 0.011781643 0.193982317 0.079803201 0.977682721
1403638630.577829361 0.132607805 -0.008769849 0.043204736 0.030951171 0.197786886 0.070370577 0.977225846
1403638630.727829456 0.127175196 0.045373582 0.085854207 -0.010758584 0.186515401 0.068804872 0.979980687
1403638630.827829599 0.159724763 0.051198231 0.080462753 -0.007161043 0.190317856 0.067985172 0.979339496
