1770731344.524799109 -0.034624380 0.121751485 -0.057858831 -0.717451745 0.008958027 0.008891819 0.696493850
1770731346.332376957 0.054735175 0.685085223 -0.092064515 -0.721352443 0.013073977 0.004647056 0.692429150
1770731346.731041670 0.110072531 1.247198238 -0.110484610 -0.727598944 0.027627675 0.001536103 0.685444475
1770731347.029953718 0.133081898 1.683997846 -0.124259208 -0.732251212 0.024024845 0.011253332 0.680517694
1770731347.323266506 0.153949457 2.146099311 -0.156266493 -0.746001695 0.018165291 0.055335955 0.663392361
1770731347.527842522 0.094269544 2.410559432 -0.173234785 -0.737804074 -0.008668775 0.054468731 0.672757874
1770731347.928534269 0.059293887 2.942965826 -0.186385169 -0.731547870 -0.000187599 0.042201823 0.680482685
1770731348.326928139 0.088664625 3.433913528 -0.177267617 -0.717091345 0.016076774 0.015053069 0.696631140
1770731348.626581430 0.105154917 3.874705362 -0.196602231 -0.730187004 0.021601498 0.008456738 0.682853424
1770731348.826038122 0.156994000 4.178352489 -0.213523008 -0.736300442 0.037955705 0.025245623 0.675117532
1770731349.225999117 0.166728521 4.723633567 -0.211723564 -0.722002058 0.037509505 0.019183756 0.690607014
1770731349.622526646 0.165499492 5.249429728 -0.206886713 -0.716705990 0.030889736 0.008669652 0.696637054
1770731350.024737358 0.186690617 5.820858309 -0.207692410 -0.717102454 0.026046434 0.014245563 0.696335205
1770731350.524124622 0.197319452 6.480254389 -0.195089825 -0.714626270 0.021153824 0.022346315 0.698829344
1770731350.928531885 0.181822350 7.030138658 -0.191536956 -0.712396431 0.002808851 0.038466697 0.700716596
1770731351.329361677 0.157269920 7.565706016 -0.198454925 -0.713232542 0.001226560 0.032932512 0.700152331
1770731351.725770235 0.154918786 8.119785096 -0.204723068 -0.717110692 0.001907451 0.036294958 0.696010986
1770731352.124045849 0.132169926 8.666823175 -0.192662665 -0.714175246 -0.001785955 0.033835885 0.699146380
1770731352.423515558 0.116928704 9.090467482 -0.186718508 -0.713334393 -0.002128990 0.033575602 0.700015850
1770731352.824810982 0.109195986 9.624065116 -0.175090617 -0.706789482 -0.005521949 0.031170010 0.706715336
1770731353.323761225 0.074238004 10.348465732 -0.194318255 -0.721176208 0.001164193 0.019026667 0.692489355
1770731353.724512577 0.078571987 10.891052532 -0.192870098 -0.717183853 0.005714617 0.015495249 0.696688282
1770731354.124536991 0.105586808 11.465632828 -0.201865275 -0.724681410 0.015508702 0.029950297 0.688258174
1770731354.523998260 0.076560031 12.025403088 -0.202079955 -0.718289193 0.004845351 0.029478614 0.695102992
1770731354.822061300 0.050826381 12.424499689 -0.202629499 -0.717271636 -0.004821375 0.028833231 0.696180149
1770731355.231951714 0.043179564 12.968367844 -0.193796850 -0.713385195 -0.002737940 0.031569331 0.700055315
1770731355.631370544 0.040473938 13.525922345 -0.189771560 -0.719468687 0.001526824 0.035927596 0.693593314
1770731356.023353577 0.015873565 14.058746725 -0.181712066 -0.712470931 -0.000088088 0.028261389 0.701132269
1770731356.345639944 0.025516322 14.505390909 -0.191458405 -0.725154077 0.007390266 0.030254321 0.687881985
1770731356.722360849 0.015558511 15.018161697 -0.181826404 -0.710285028 0.008380007 0.021816003 0.703526131
1770731357.020613432 0.007310535 15.447424427 -0.178030618 -0.712941674 0.003247984 0.022660148 0.700849583
1770731357.421570539 0.027277770 16.042134132 -0.191570767 -0.725794926 0.009701515 0.044316606 0.686413611
1770731357.822072983 -0.001014548 16.572056945 -0.181363718 -0.714510442 0.003859941 0.041170096 0.698401713
1770731358.120628357 -0.024991595 16.973045962 -0.178003973 -0.709986518 -0.001165132 0.037484035 0.703215994
1770731358.536736012 -0.055959952 17.552442137 -0.184935022 -0.716950818 -0.020054799 0.056994565 0.694500503
1770731358.916733503 -0.071732113 18.075809991 -0.177987924 -0.709641331 -0.017328021 0.068566953 0.701004632
1770731359.320137024 -0.128519116 18.619885541 -0.168296485 -0.712308361 -0.021282296 0.066488384 0.698386109
1770731359.720197678 -0.159121888 19.169189120 -0.165067284 -0.713953960 -0.016502766 0.065571950 0.696920168
1770731360.121160746 -0.207315058 19.715373539 -0.158979077 -0.717511585 -0.022059593 0.062704048 0.693367653
1770731360.531191826 -0.249707723 20.253332862 -0.148090340 -0.715731387 -0.017147432 0.061968972 0.695409516
1770731360.919365883 -0.288425216 20.807480087 -0.133439605 -0.710856892 -0.011089457 0.065950849 0.700149976
1770731361.220270634 -0.332046244 21.212612945 -0.129440381 -0.710465163 -0.014087663 0.062715282 0.700790685
1770731361.619418859 -0.370499770 21.778626354 -0.118628234 -0.711284349 -0.008579500 0.067012230 0.699650147
1770731362.017621040 -0.422754713 22.343972918 -0.120857134 -0.719081381 -0.006951732 0.065338754 0.691812466
1770731362.418915272 -0.442137539 22.676452614 -0.118827225 -0.719216865 0.005003134 0.054963417 0.692590133
1770731363.217366695 -0.472454527 23.135786910 -0.096557394 -0.709230792 0.000806405 0.052560741 0.703013799
1770731363.620498419 -0.549200902 23.689320686 -0.083679158 -0.708121424 -0.019964441 0.073238738 0.701998260
1770731363.917372227 -0.590009998 24.104337830 -0.076731930 -0.708529753 -0.018340663 0.070369370 0.701924042
1770731364.218001842 -0.645230119 24.535302941 -0.074599217 -0.714308472 -0.018579410 0.063249332 0.696719265
1770731364.617206573 -0.701722226 25.079284943 -0.063628677 -0.712546584 -0.017071900 0.061003537 0.698759246
1770731364.917867184 -0.729920659 25.528446857 -0.063118256 -0.721269710 -0.009388747 0.065961745 0.689442460
1770731365.218286514 -0.753478483 25.935518525 -0.052613984 -0.717660647 -0.005294234 0.066081003 0.693230457
1770731365.614919662 -0.800617730 26.496023280 -0.055247402 -0.718485137 -0.005071074 0.063326737 0.692634909
1770731365.921818733 -0.813989530 26.921260844 -0.048350205 -0.717877421 0.000556725 0.067064290 0.692931511
1770731366.317894459 -0.852842809 27.478043827 -0.035782220 -0.715803099 0.002324587 0.081496572 0.693526372
1770731366.717365980 -0.987500871 28.039967255 -0.033023694 -0.716973294 -0.040787850 0.112930065 0.686682202
1770731367.121746778 -1.103361231 28.568653672 -0.019192133 -0.712270077 -0.042384496 0.108569297 0.692161541
1770731367.515832424 -1.205225620 29.114150966 -0.006113753 -0.710563400 -0.035715184 0.107862325 0.694398876
1770731367.918135405 -1.292225200 29.644837794 0.008628902 -0.711306854 -0.032076459 0.109730865 0.693522024
1770731368.317442656 -1.413107694 30.201947999 0.008465844 -0.715837200 -0.034678261 0.097318469 0.690582100
1770731368.715066671 -1.512602454 30.747901250 0.013918554 -0.714420475 -0.032520229 0.091321017 0.692969185
1770731369.116521835 -1.601278887 31.294219975 0.016506758 -0.712490864 -0.031150351 0.086776634 0.695597757
1770731369.515887737 -1.680092393 31.874009322 0.027589242 -0.714521879 -0.026149990 0.095186289 0.692614058
1770731369.916147947 -1.788672490 32.420936147 0.014920771 -0.720116577 -0.032654087 0.087185416 0.687578744
1770731370.214717388 -1.853847949 32.826960143 0.019173725 -0.715654579 -0.030627239 0.088145158 0.692192840
1770731370.612741709 -1.938126891 33.352747458 0.027451523 -0.713716210 -0.025152166 0.085124039 0.694788053
1770731370.916949749 -2.006122466 33.773142333 0.033382260 -0.714491723 -0.027711766 0.082121585 0.694254766
1770731371.314207315 -2.090722378 34.328103233 0.027258813 -0.719516527 -0.025244617 0.079153654 0.689487763
1770731371.713511467 -2.154997362 34.884432326 0.033846799 -0.714803253 -0.016973145 0.080518530 0.694467414
1770731372.013580322 -2.222285466 35.299730614 0.030122656 -0.716195371 -0.018331091 0.076997996 0.693397051
1770731372.413470507 -2.319483135 35.858278465 0.032888296 -0.716007499 -0.026888130 0.080038831 0.692967586
1770731372.813209772 -2.440176690 36.412598734 0.034703315 -0.716625423 -0.041038050 0.094054468 0.689867842
1770731373.113745928 -2.521134033 36.827229797 0.034049470 -0.716706872 -0.037982484 0.093752035 0.689999381
1770731373.513001919 -2.617863075 37.369718840 0.040475817 -0.714596379 -0.034005446 0.097059814 0.691935717
1770731373.911689281 -2.724259712 37.915073653 0.055494475 -0.711328266 -0.031539523 0.087483133 0.696680743
1770731374.213121653 -2.792395729 38.330458506 0.054698144 -0.713376921 -0.028703650 0.088369907 0.694593571
1770731374.623194933 -2.884480201 38.881757197 0.064247391 -0.711805025 -0.024616857 0.083438029 0.696968946
1770731375.012282372 -2.963272855 39.453067075 0.054515752 -0.720176254 -0.019580460 0.081934482 0.688657760
1770731375.411345482 -3.046179253 39.992155306 0.070656504 -0.711720709 -0.021463583 0.084701691 0.697006865
1770731375.911076069 -3.163555676 40.687800953 0.081139640 -0.712433001 -0.025898641 0.091123307 0.695316490
1770731376.212030649 -3.228810007 41.112831499 0.078029419 -0.717655107 -0.021737794 0.092301018 0.689912413
1770731376.613900185 -3.326593653 41.653147148 0.080481367 -0.712057345 -0.023434870 0.088020185 0.696187900
1770731377.109355927 -3.440235048 42.341503792 0.085752257 -0.710214081 -0.019925152 0.085590728 0.698479187
1770731377.510495901 -3.548518423 42.886274004 0.102321344 -0.708309703 -0.028701537 0.100835491 0.698072912
1770731377.916290283 -3.656962783 43.426756449 0.118728708 -0.707205900 -0.033159691 0.104119713 0.698512230
1770731378.210241079 -3.738231211 43.851871874 0.113648191 -0.713308077 -0.029459728 0.100089808 0.693040938
1770731378.609759331 -3.837138444 44.372031561 0.134118051 -0.707315264 -0.027791207 0.092644256 0.700249818
1770731379.009288311 -3.932498477 44.927538154 0.137669108 -0.710854139 -0.023923054 0.089522524 0.697208576
1770731379.508799791 -4.056091250 45.596842123 0.152984192 -0.708414440 -0.022230174 0.079427752 0.700960792
1770731379.908768892 -4.135823601 46.152558888 0.164169887 -0.708414942 -0.017696122 0.073962825 0.701686980
1770731380.415216208 -4.230363701 46.838702462 0.176884123 -0.707554710 -0.017628168 0.077825262 0.702138739
1770731380.907783747 -4.354163825 47.545711779 0.175845458 -0.711957483 -0.031291714 0.086895321 0.696122529
1770731381.308243752 -4.458746603 48.093896153 0.189273990 -0.706723639 -0.031385061 0.089611935 0.701089421
1770731381.605559826 -4.526436495 48.539632244 0.184279327 -0.716870974 -0.027738326 0.090997451 0.690685208
1770731381.906940937 -4.600720919 48.956945421 0.190809928 -0.715223535 -0.024582884 0.087609731 0.692946977
1770731382.207576752 -4.681836920 49.345101443 0.201527200 -0.710112455 -0.023059880 0.080451411 0.699096641
1770731382.807344913 -4.794281363 49.906888490 0.223979866 -0.710364315 -0.029951013 0.090451317 0.697355029
1770731383.706245184 -4.927599211 50.168621470 0.233781079 -0.700867900 -0.097542794 0.152510766 0.689934820
1770731384.405265570 -5.113037749 50.401463844 0.238428670 -0.682389180 -0.179690343 0.223619029 0.672347319
1770731385.305864334 -5.522192404 50.699968913 0.237519338 -0.668484876 -0.265541030 0.252460079 0.647209271
1770731385.904924870 -5.747476279 50.824441245 0.244842103 -0.641238538 -0.330995693 0.323582043 0.612004616
1770731386.508337498 -6.010549274 50.920494052 0.259719725 -0.617033049 -0.377461170 0.376155901 0.579050964
1770731387.104762554 -6.336976445 50.971240986 0.280717635 -0.575046180 -0.420995438 0.433286505 0.551677021
1770731387.703905821 -6.711821969 50.967768185 0.303462847 -0.527041280 -0.459648625 0.481554549 0.528257368
1770731388.521011353 -7.098618781 50.884595785 0.324899563 -0.477730940 -0.515248350 0.525603421 0.479617900
1770731389.306677341 -7.386370855 50.750470297 0.312264066 0.421562196 0.573719405 -0.569837373 -0.410386071
1770731390.103229761 -7.588535530 50.595576739 0.304127332 0.358139086 0.624565927 -0.610542238 -0.329987838
1770731391.102589369 -7.628715167 50.475441591 0.302845698 0.283931897 0.666707949 -0.641720639 -0.251152961
1770731391.702221155 -7.562916261 50.440567052 0.297829274 0.223219987 0.686683125 -0.662557344 -0.199140376
1770731392.400914907 -7.501979598 50.411729864 0.294919916 0.164777403 0.704080597 -0.675403693 -0.144736906
1770731393.809567690 -7.532749363 50.170819341 0.298309138 0.098020436 0.712943989 -0.689718160 -0.079948256
1770731394.499139309 -7.493007495 50.046763290 0.294578649 0.031358796 0.722094231 -0.690959414 -0.013100959
1770731395.403187990 -7.472200774 49.842075932 0.286676480 0.010071865 0.724461071 -0.689234875 -0.003162535
1770731396.200204611 -7.449226400 49.664457680 0.265215923 -0.008805348 0.733935401 -0.679005760 0.014576348
1770731396.603182793 -7.429998848 49.481503864 0.245196267 -0.016415716 0.742470763 -0.669444359 0.017661841
1770731397.295635700 -7.376097064 49.232852747 0.246441285 -0.039871134 0.735623399 -0.674785436 0.043967298
1770731398.101450920 -7.272591404 48.755343126 0.285319337 0.051868835 -0.697192689 0.711852551 -0.067066562
1770731398.398816586 -7.219870514 48.289615231 0.242827802 -0.045361976 0.726218223 -0.683500284 0.058109765
1770731398.697867393 -7.158577168 47.874161392 0.236041074 -0.041271371 0.720891692 -0.689693461 0.054173539
1770731398.999024391 -7.107711310 47.479421773 0.227938237 -0.037176751 0.718827429 -0.691869954 0.056753708
1770731399.299550056 -7.044619715 47.082214354 0.237425324 -0.029901367 0.715573381 -0.695604396 0.056525828
1770731399.898464918 -6.900659729 46.265913968 0.214783633 -0.042433529 0.717902383 -0.690810266 0.074811367
1770731400.303698063 -6.824041634 45.723911377 0.205816741 -0.032443259 0.723237296 -0.686219557 0.070554715
1770731400.598135710 -6.769964719 45.313525812 0.200462497 -0.025580009 0.719926854 -0.690195692 0.068417058
1770731400.997963190 -6.702317923 44.770997863 0.200954219 -0.017500214 0.718985210 -0.692050030 0.061812341
1770731401.397531509 -6.617647412 44.238423241 0.199707395 -0.016548519 0.717482069 -0.693687923 0.061177547
1770731401.796900749 -6.529348547 43.689493961 0.197634661 -0.023021594 0.714013065 -0.696564368 0.066734020
1770731402.296544552 -6.423123057 42.996129904 0.184905733 -0.023178997 0.721508584 -0.687872349 0.075628891
1770731402.594030142 -6.370582634 42.605133411 0.190573116 -0.020530934 0.714858163 -0.695722878 0.067275291
1770731402.997308254 -6.310913180 42.052272306 0.175911296 -0.012098607 0.719053838 -0.692440402 0.057805634
1770731403.396965981 -6.238669694 41.497442225 0.174290813 -0.018054671 0.718169485 -0.692574071 0.065174960
1770731403.695621967 -6.167872780 41.117176975 0.178836304 -0.032161663 0.715810835 -0.693787774 0.072380944
1770731404.198287725 -6.040920151 40.463369637 0.188655971 -0.034095850 0.711551717 -0.698031124 0.072692343
1770731404.593496084 -5.958206130 39.894534457 0.174613038 -0.026183167 0.723555272 -0.687119200 0.060410388
1770731404.995439053 -5.898480235 39.364645758 0.173035948 -0.016694543 0.720504226 -0.691387940 0.050770757
1770731405.394902468 -5.861714022 38.814408626 0.175236066 -0.003138029 0.715250589 -0.697257579 0.047314026
1770731405.693876266 -5.817950323 38.426255474 0.164262877 -0.009648567 0.722596854 -0.689003622 0.055088119
1770731406.294706345 -5.687932029 37.644793492 0.171967008 -0.022300184 0.716337673 -0.694590281 0.062509054
1770731406.695270538 -5.632156835 37.091910667 0.160956992 -0.009243452 0.722162020 -0.689591797 0.053476437
1770731407.100538969 -5.560726323 36.556605936 0.159769660 -0.010340284 0.722037875 -0.689731889 0.053144212
1770731407.495409250 -5.496290659 36.027173119 0.160852532 -0.001918945 0.716817685 -0.695258253 0.052770125
1770731407.794894934 -5.449798176 35.632490167 0.160664374 -0.006239327 0.715877073 -0.696168521 0.053202228
1770731408.294513702 -5.344146491 34.992280061 0.162447411 -0.026536981 0.711993502 -0.698764066 0.063951715
1770731408.593811989 -5.287250124 34.581041588 0.154531792 -0.024557080 0.720046239 -0.690806919 0.060960344
1770731408.992770910 -5.218339407 34.043396281 0.150295217 -0.017739192 0.716370341 -0.694974865 0.059235061
1770731409.288191795 -5.173895267 33.639350440 0.148290817 -0.016692426 0.716787372 -0.694128687 0.064207411
1770731409.691715002 -5.114369067 33.092007181 0.136372623 -0.008309782 0.721479264 -0.690239726 0.054476969
1770731409.993549585 -5.075993136 32.688028642 0.138356606 -0.006059144 0.715719215 -0.695726651 0.060611205
1770731410.492619514 -4.963996726 32.022946789 0.137451015 -0.029355839 0.720755002 -0.688388477 0.075972144
1770731410.892751932 -4.893863849 31.508404420 0.147534126 -0.022176583 0.713925946 -0.696513286 0.068463022
1770731411.291286469 -4.843637258 30.939317296 0.128668008 -0.011010043 0.720111287 -0.690940897 0.062603437
1770731411.691739082 -4.799378724 30.399459401 0.139614629 -0.004437698 0.716459067 -0.695178848 0.058250165
1770731411.990700245 -4.766487707 29.999152945 0.146554109 -0.001700368 0.711527999 -0.700061600 0.060322233
1770731412.192129850 -4.730583375 29.725496340 0.147668684 -0.006821609 0.714377432 -0.696804938 0.063884491
1770731412.591371298 -4.651784666 29.195746989 0.155828355 -0.006125242 0.712463759 -0.699508716 0.055185405
1770731412.891127825 -4.622601950 28.778300968 0.145127625 0.001451442 0.719536901 -0.692691727 0.049423797
1770731413.289790630 -4.589309477 28.262737073 0.150304507 0.008572547 0.711490941 -0.701537347 0.039401825
1770731413.788947821 -4.528120581 27.563230626 0.151636756 0.000434084 0.716881034 -0.695600394 0.047132647
1770731414.090448618 -4.470278179 27.178833062 0.159703307 -0.013793105 0.710632541 -0.701158176 0.056465517
1770731414.290691137 -4.440438920 26.921299709 0.158362526 -0.015407432 0.711615965 -0.699860356 0.059672535
1770731414.695997953 -4.387504774 26.367540121 0.148759567 -0.004436054 0.719048883 -0.692744771 0.055260355
1770731415.089550495 -4.344844552 25.836507966 0.145115664 0.004587071 0.717167067 -0.695625919 0.041891977
1770731415.498576641 -4.318779399 25.286443670 0.134428638 0.013262599 0.720948001 -0.692072772 0.033066015
1770731415.888825655 -4.277033602 24.755109042 0.134511782 0.004177018 0.719587374 -0.693292082 0.039021199
1770731416.289554119 -4.204570996 24.241039454 0.129141939 -0.010404557 0.719092216 -0.693282493 0.046449061
1770731416.690385342 -4.154168937 23.735485388 0.131407987 -0.001905658 0.714757730 -0.698438215 0.036080690
1770731417.190232277 -4.132794031 23.061180272 0.132307216 0.007966388 0.718565361 -0.694932748 0.025861845
1770731417.688377380 -4.076020412 22.436679132 0.121508370 0.000777374 0.722409177 -0.690764290 0.031129925
1770731418.187712431 -4.054292418 21.804978534 0.113113609 0.019085821 0.722675573 -0.690828808 0.011458915
1770731418.487434864 -4.024603607 21.426474017 0.101730595 0.008348536 0.723686652 -0.689976841 0.011827558
1770731418.789179564 -3.967524744 21.069387984 0.100966424 -0.016995198 0.724175706 -0.688899737 0.026417110
1770731420.289939880 -3.868697873 20.337476499 0.093987162 -0.026739149 0.717830362 -0.695431484 0.019484354
1770731420.686504602 -3.805329378 19.803094079 0.094727337 -0.034180852 0.724463857 -0.687536933 0.035731707
1770731421.288019657 -3.781167406 19.317684229 0.073633383 -0.032291685 0.730750838 -0.678986963 0.062746822
1770731422.086609125 -3.720599294 18.920551922 0.081415631 -0.032304524 0.718291298 -0.691687757 0.067691028
1770731422.685359716 -3.668735584 18.521329597 0.073114045 -0.025103925 0.719209545 -0.692667991 0.048150584
1770731423.182401896 -3.625530646 17.989999307 0.073151359 -0.009614685 0.718421497 -0.694659062 0.035027104
1770731423.684291363 -3.599378824 17.414117901 0.055081534 0.001790358 0.720306501 -0.693175686 0.025745031
1770731424.085114479 -3.595178698 16.959868674 0.048645561 0.016342065 0.719837394 -0.693798538 0.014513843
1770731424.584238291 -3.592730546 16.456423163 0.039909081 0.022739320 0.721846265 -0.691649524 0.006467626
1770731425.182409286 -3.546312261 15.912244390 0.050699653 -0.004643148 0.716699876 -0.696782924 0.028518149
1770731425.481611013 -3.510167658 15.601032440 0.051284431 -0.012635802 0.715067688 -0.698181309 0.032579098
1770731425.983929873 -3.475165355 15.032467887 0.060643913 -0.005392425 0.710223231 -0.703600358 0.022370063
1770731426.483103275 -3.438205614 14.423127238 0.030367907 -0.006028797 0.725673537 -0.687825562 0.016048935
1770731426.983189344 -3.397459359 13.890917305 0.035377156 -0.019355145 0.719795154 -0.693253909 0.030320501
1770731427.384297132 -3.350552863 13.393509756 0.028375614 -0.022179290 0.719570209 -0.692572722 0.045495249
1770731427.684325695 -3.322765487 13.024402588 0.028020119 -0.013326601 0.715961498 -0.696693993 0.042883747
1770731427.984046221 -3.286495123 12.654272012 0.030656726 -0.005314251 0.718615285 -0.694733112 0.030161793
1770731428.581855059 -3.262358681 11.916178281 0.027443318 0.033594879 0.715756781 -0.697518269 -0.005646181
1770731429.083459377 -3.288414829 11.297864001 0.009276516 0.036402425 0.720461795 -0.692457215 -0.010614676
1770731430.777047157 -3.232998767 10.829456549 -0.001647977 -0.013741653 0.723654681 -0.689721614 0.020473484
1770731431.580135107 -3.137162650 10.428024534 -0.006659449 -0.056278563 0.721439068 -0.687503199 0.060809098
1770731432.079556465 -3.091001620 10.172980913 -0.008380883 -0.062251850 0.714211408 -0.692399692 0.081298452
1770731432.680576801 -2.993805591 9.774975558 -0.021924232 -0.049799891 0.724474120 -0.684414203 0.065072407
1770731433.279270887 -2.899412157 9.337703791 -0.012736148 -0.025633612 0.718030186 -0.694609490 0.035961463
1770731433.978175163 -2.827732272 8.671723926 -0.043371805 -0.015504112 0.722827218 -0.690396162 0.025170912
1770731434.478126526 -2.789581034 8.148535314 -0.057353696 -0.005473738 0.722381196 -0.691191693 0.019735471
1770731434.877851248 -2.790526975 7.708028439 -0.065529246 0.002516085 0.725136914 -0.688316008 0.019778761
1770731435.177484989 -2.740709646 7.390174050 -0.059608281 0.005663347 0.724355333 -0.689239898 0.015021341
1770731435.879268408 -2.733896979 6.731798529 -0.077770035 0.020364364 0.720846330 -0.692683531 0.012465473
1770731436.377270699 -2.743866556 6.240829084 -0.088480379 0.032522214 0.719525470 -0.693615727 0.011073731
1770731436.973484516 -2.750384637 5.724482109 -0.081278271 0.027321978 0.716595025 -0.696950379 0.002291110
1770731437.576763153 -2.756669733 5.168850678 -0.092996349 0.026178828 0.720594375 -0.692822681 0.007426169
1770731437.976641655 -2.750602959 4.832109157 -0.096885089 0.021260517 0.720103610 -0.693361545 0.015765420
1770731438.671940804 -2.724929296 4.141835408 -0.099663158 0.009331230 0.720271935 -0.693266069 0.022437126
1770731439.174944162 -2.701018873 3.627084882 -0.097582802 0.004801522 0.715874766 -0.697714233 0.026364999
1770731439.573855400 -2.687484357 3.252163702 -0.094329786 0.004981831 0.715049041 -0.698832989 0.017677782
1770731439.874350786 -2.691818312 2.994404341 -0.098684983 0.010145817 0.715754074 -0.698089390 0.016259495
1770731440.372972727 -2.671041482 2.594653703 -0.082868061 -0.007713098 -0.706530530 0.707366825 -0.019679759
1770731441.872298241 -2.624108079 1.495567700 -0.046170987 0.004506963 -0.692024134 0.719086238 -0.063223943
1770731442.572604179 -2.493914551 1.263010946 -0.010711041 0.069837008 -0.680687630 0.720665976 -0.111479571
1770731443.469436884 -2.195206109 0.848490284 -0.030470795 0.164968759 -0.683689213 0.684902872 -0.190426954
1770731444.270892382 -1.799811160 0.462596892 -0.047904645 -0.252486879 0.675866999 -0.640587645 0.262871915
1770731444.870804310 -1.553863855 0.348105935 -0.054534109 -0.321334717 0.646490894 -0.606438193 0.333206005
1770731445.371492386 -1.338307606 0.318825773 -0.061306661 -0.376686953 0.614854401 -0.584848122 0.371501922
1770731445.870865107 -1.211239541 0.332403069 -0.057746691 -0.423929506 0.579217077 -0.549216782 0.427962941
1770731446.470367193 -0.930855598 0.347975710 -0.055755856 -0.472575985 0.541156758 -0.507603183 0.475563151
1770731447.068598032 -0.570564026 0.434391832 -0.087488270 -0.532734000 0.494224659 -0.456978898 0.512939332
1770731447.668229342 -0.346941863 0.548083156 -0.098523002 -0.570820407 0.448461948 -0.405848811 0.555277127
1770731448.269483566 -0.135179731 0.746418828 -0.096015904 -0.612945066 0.386895885 -0.354383940 0.590780792
1770731448.877100945 0.052996630 0.953287531 -0.100969399 -0.649627934 0.318734112 -0.287430197 0.627515733
1770731449.469891548 0.163889665 1.158600915 -0.103478234 -0.682125633 0.240643229 -0.211782798 0.657224089
1770731450.068150282 0.190702037 1.355076199 -0.106163885 -0.703743182 0.180042411 -0.146212996 0.671529615
1770731450.667364359 0.209658491 1.600387788 -0.119397181 -0.725578438 0.110982928 -0.070564717 0.675454913
1770731451.069545984 0.179550348 1.717510019 -0.122244586 -0.730589337 0.040609885 -0.002981075 0.681601916
1770731451.668857098 0.154446356 1.929895594 -0.136730686 -0.737321646 -0.005160738 0.054203576 0.673343990
1770731452.166831017 0.137139126 2.325553090 -0.164410469 -0.739504326 0.005181591 0.040921678 0.671886836
1770731452.467823982 0.177725404 2.745851024 -0.196734517 -0.746201122 0.032908874 0.023784650 0.664481137
1770731452.976376772 0.191809854 3.377592656 -0.183262918 -0.719204392 0.026527446 0.007178147 0.694254861
1770731453.269231319 0.186709840 3.819035777 -0.188125446 -0.725306159 0.008643882 0.025727556 0.687891235
1770731453.566951275 0.192090231 4.276207615 -0.224087703 -0.737558568 0.011431349 0.040029822 0.673998736
1770731454.067118406 0.159399044 4.909107499 -0.209353135 -0.718067403 -0.000679663 0.051123406 0.694093034
1770731454.565794945 0.065868732 5.585524458 -0.202326165 -0.716319990 -0.020180641 0.051101466 0.695605530
1770731454.965021610 0.029083163 6.131281952 -0.192211537 -0.713926750 -0.013944981 0.052601768 0.698102562
1770731455.375344992 -0.023915865 6.678816448 -0.193817426 -0.717263970 -0.014044470 0.045625268 0.695164358
1770731455.865572929 -0.056851936 7.367281312 -0.188192195 -0.715654053 -0.016746498 0.037690434 0.697236160
1770731456.266863823 -0.104433578 7.908665634 -0.194457252 -0.715234225 -0.014791060 0.033966590 0.697902213
1770731456.665137291 -0.128425588 8.448551419 -0.192944580 -0.712691416 -0.014883554 0.031571285 0.700608792
1770731457.071307182 -0.146573195 8.993194782 -0.192940802 -0.712171421 -0.012752014 0.022891808 0.701516371
1770731457.464492083 -0.167695628 9.543237733 -0.178710145 -0.708753111 -0.013731957 0.012881578 0.705205308
1770731457.765311241 -0.185329910 9.967205169 -0.192307314 -0.714463279 -0.016106082 0.008182582 0.699439677
1770731458.163870335 -0.172530159 10.548210284 -0.196551525 -0.722425300 -0.000040033 0.015409198 0.691277254
1770731458.663672924 -0.163369475 11.236708767 -0.196994081 -0.720000753 0.005897482 0.013709585 0.693812786
1770731459.063441515 -0.163703535 11.796130463 -0.207545330 -0.721235641 0.006503161 0.007660135 0.692616908
1770731459.462592840 -0.147957170 12.337519946 -0.201774506 -0.715323921 0.010296468 0.010970979 0.698631025
1770731459.760509729 -0.127901622 12.755807729 -0.201885220 -0.715860328 0.013875683 0.015740863 0.697928135
1770731460.263955832 -0.102243753 13.449395517 -0.190298368 -0.721515987 0.015601028 0.010294031 0.692145448
1770731460.663679838 -0.097166366 13.979674300 -0.178458512 -0.711948711 0.018324474 0.005594210 0.701970050
1770731460.962689161 -0.060425331 14.418566538 -0.188712240 -0.722175390 0.025307301 0.005618234 0.691224047
1770731461.362968206 -0.037349143 14.942088034 -0.185689706 -0.712253843 0.028612486 0.000776296 0.701338140
1770731461.663807392 -0.014252465 15.351495698 -0.171012441 -0.710055636 0.028405037 -0.008168838 0.703524994
1770731462.060759783 0.080303248 15.949226609 -0.182902598 -0.725639354 0.042331119 0.019551761 0.686493505
1770731462.461830854 0.054053238 16.537424096 -0.187284914 -0.719878687 0.010731250 0.040227782 0.692850086
1770731462.860822916 0.020993692 17.045616245 -0.178238705 -0.708517981 -0.006311524 0.048857784 0.703971131
1770731463.162505865 0.002979959 17.484106871 -0.184783822 -0.718271162 -0.002661806 0.048044136 0.694097409
1770731463.657766581 0.002415110 18.150314634 -0.169131644 -0.703581295 0.002815448 0.053675082 0.708579156
1770731464.066648483 -0.027769081 18.707429955 -0.162345679 -0.712526411 -0.005972699 0.062834710 0.698800572
1770731464.456698656 -0.042545140 19.244518116 -0.146670432 -0.712271469 -0.003061249 0.069207723 0.698477111
1770731464.859033108 -0.079734480 19.813233980 -0.155471948 -0.720823945 -0.003003543 0.063234334 0.690221152
1770731465.259291887 -0.106658566 20.350351484 -0.139245319 -0.714497475 0.001298823 0.065239867 0.696588423
1770731465.660260677 -0.148582239 20.909358670 -0.128550802 -0.712877488 -0.001398526 0.078025019 0.696933159
1770731465.956841707 -0.205739371 21.331710445 -0.121742111 -0.712277489 -0.014065284 0.078115835 0.697395772
1770731466.361618757 -0.278843838 21.881317636 -0.113438347 -0.714545738 -0.019139612 0.084370928 0.694218705
1770731466.757951498 -0.360672613 22.436573252 -0.109253001 -0.711866986 -0.024831313 0.083021599 0.696947784
1770731467.060141087 -0.421535100 22.847053231 -0.097220689 -0.711084010 -0.025437312 0.078562346 0.698240955
1770731467.459044456 -0.491967062 23.392444479 -0.089469468 -0.709624871 -0.023853682 0.080886647 0.699514756
1770731467.869417429 -0.562354869 23.937674459 -0.081181774 -0.707375414 -0.025691759 0.073124368 0.702575821
1770731468.258790016 -0.631765417 24.507156711 -0.071557464 -0.715807703 -0.021282593 0.068686706 0.694585142
1770731468.659141541 -0.696227948 25.042335043 -0.060295264 -0.712598416 -0.023501984 0.064660665 0.698190628
1770731468.958625793 -0.732356471 25.504288318 -0.067154883 -0.724763243 -0.016821922 0.071076511 0.685115607
1770731469.358239889 -0.789283600 26.030514384 -0.052443674 -0.715233243 -0.016536381 0.072684827 0.694899181
1770731469.757319689 -0.851226494 26.603247930 -0.042788708 -0.716028823 -0.025037581 0.088690468 0.691960870
1770731470.055825949 -0.950969842 27.009030082 -0.039240664 -0.715353086 -0.046283640 0.098760453 0.690198638
1770731470.457055569 -1.058973790 27.529034232 -0.019768134 -0.706810179 -0.042293579 0.099868936 0.699039927
1770731470.856728077 -1.160358896 28.093847456 -0.016218876 -0.713069524 -0.039495060 0.100167865 0.692775861
1770731471.264532804 -1.266968580 28.634093263 -0.010484404 -0.713336905 -0.039732279 0.093092062 0.693473629
1770731471.555666685 -1.318356627 29.065903571 -0.008889461 -0.715446243 -0.033689649 0.101162318 0.690483791
1770731471.955377340 -1.414896182 29.592205143 0.006857281 -0.709360969 -0.035327340 0.096882742 0.697260876
1770731472.355705738 -1.516826452 30.161166154 0.010260140 -0.716392196 -0.032240393 0.095566346 0.690369359
1770731472.754207373 -1.613271486 30.695613511 0.012651674 -0.713936728 -0.032612745 0.088438726 0.693836687
1770731473.156114101 -1.706706643 31.238247943 0.022449216 -0.709881533 -0.031016450 0.075141402 0.699614150
1770731473.558273315 -1.765089869 31.826944387 0.013316688 -0.720365744 -0.023011660 0.076628545 0.688964240
1770731473.953294992 -1.838728374 32.342955526 0.029386263 -0.714814180 -0.017011142 0.071458021 0.695445943
1770731474.154658079 -1.873084608 32.641074026 0.025592844 -0.721463409 -0.014641279 0.064967318 0.689242649
1770731474.555066824 -1.903601477 33.198621356 0.029508328 -0.721115029 -0.003761959 0.077597576 0.688445770
1770731474.953326225 -1.979661285 33.745625674 0.029936097 -0.716198613 -0.007227020 0.066975095 0.694637786
1770731475.354583025 -2.049839702 34.312056762 0.020471711 -0.719880328 -0.010836005 0.069968542 0.690477587
1770731475.754946709 -2.109384860 34.879324636 0.020902292 -0.717305913 -0.010947298 0.083607812 0.691637274
1770731476.048006058 -2.189794733 35.286171369 0.020252362 -0.716364294 -0.019889934 0.082489245 0.692547554
1770731476.357591629 -2.241721969 35.701824211 0.025299694 -0.717533498 -0.015166015 0.075837304 0.692216999
1770731476.754754305 -2.321860589 36.279063278 0.018907228 -0.721869499 -0.021673043 0.088471017 0.686008444
1770731477.152878761 -2.452725253 36.811290503 0.030834284 -0.714868466 -0.043520415 0.106283593 0.689762892
1770731477.553283691 -2.567915175 37.348913611 0.035236461 -0.713752668 -0.040419688 0.107142125 0.690973185
1770731477.953563213 -2.693168813 37.888871571 0.044413961 -0.710353885 -0.038470510 0.095163103 0.696319870
1770731478.261201620 -2.774579885 38.299156618 0.048310640 -0.712108092 -0.036924475 0.097976332 0.694218472
1770731478.651923895 -2.873102032 38.845721976 0.061860838 -0.709027337 -0.031613167 0.093021315 0.698303572
1770731479.051958799 -2.984690299 39.416263913 0.056688376 -0.718393080 -0.033971840 0.095780478 0.688173958
1770731479.450394869 -3.102493360 39.948188672 0.073692342 -0.710462871 -0.041278366 0.095402803 0.696015021
1770731479.852649450 -3.208668322 40.506794778 0.079011859 -0.714375219 -0.041559573 0.101243722 0.691151616
1770731480.153074026 -3.318931654 40.923384257 0.077919554 -0.714132021 -0.052645090 0.110638847 0.689204612
1770731480.452260494 -3.432132556 41.327910357 0.075550670 -0.712176778 -0.054889362 0.101777301 0.692410844
1770731480.855732679 -3.545702554 41.866039380 0.086533860 -0.711838484 -0.048432922 0.095972220 0.694067402
1770731481.251733541 -3.639442480 42.406375503 0.099991163 -0.711014941 -0.038091365 0.100260786 0.694949333
1770731481.753454208 -3.765594821 43.066511204 0.122200279 -0.706105558 -0.031623729 0.085293614 0.702239190
1770731482.150362968 -3.850306735 43.626751853 0.136793974 -0.711353169 -0.024347264 0.083495816 0.697432670
1770731482.451227188 -3.915163755 44.041449265 0.133215872 -0.709475442 -0.024524170 0.076265847 0.700161898
1770731482.968445063 -4.009531163 44.731244313 0.141530571 -0.714649551 -0.018675598 0.073103793 0.695401379
1770731483.349936724 -4.083802088 45.278896609 0.148952044 -0.712157946 -0.013864269 0.071117338 0.698270124
1770731483.749829769 -4.171390510 45.844834185 0.155783367 -0.715558342 -0.021666051 0.077832943 0.693865171
1770731484.249006033 -4.294343149 46.522138904 0.182997425 -0.708258269 -0.025987462 0.089933327 0.699719139
1770731484.650258780 -4.386325904 47.040005892 0.170983101 -0.720722952 -0.028202079 0.082565051 0.687710754
1770731485.248978138 -4.494900466 47.694709482 0.180437604 -0.712612233 -0.027584434 0.082662941 0.696124804
1770731485.647937536 -4.574768943 48.242898423 0.192141819 -0.713731938 -0.023501537 0.081857993 0.695222028
1770731485.949116468 -4.641208496 48.687594252 0.185019483 -0.720703489 -0.021171403 0.080053973 0.688280186
1770731486.248140097 -4.693560437 49.073539911 0.195286355 -0.712392495 -0.013888032 0.075678902 0.697550542
1770731486.647632360 -4.782177082 49.469411240 0.210607365 -0.706558712 -0.021534447 0.076559506 0.703171171
1770731487.343911171 -5.000133947 50.033704336 0.232024570 -0.697377291 -0.093207149 0.135471663 0.697584956
1770731487.848594427 -5.233675572 50.397721793 0.240278587 -0.690284312 -0.162251611 0.186072969 0.680116779
1770731488.546092510 -5.542579106 50.718133402 0.239642261 -0.675458752 -0.234559770 0.233355317 0.659001127
1770731489.146619558 -5.845796788 50.937892536 0.251529968 -0.653382421 -0.295162816 0.285318458 0.636053222
1770731489.754509926 -6.085436114 51.111475437 0.257856870 -0.645509068 -0.337838490 0.356427471 0.584929616
1770731490.447029114 -6.382461615 51.148336456 0.293311026 -0.587669174 -0.393930819 0.415648769 0.571576376
1770731490.945523977 -6.552031835 51.119670407 0.305996419 -0.549157413 -0.427024917 0.456615977 0.554596885
1770731491.545289040 -6.832535524 51.078206368 0.310396948 -0.507368047 -0.489247364 0.499486387 0.503714236
1770731492.143376589 -7.034504724 51.012080360 0.320256547 -0.463726990 -0.529406779 0.540992639 0.460448373
1770731493.046364546 -7.344566656 50.834110331 0.316694364 -0.397906544 -0.585702804 0.586509009 0.393229946
1770731493.744677067 -7.577795016 50.638922903 0.301692079 0.339803914 0.635738688 -0.615356537 -0.318913708
1770731494.260426283 -7.583187572 50.565192139 0.301994429 0.279713856 0.665295522 -0.641828444 -0.259226302
1770731494.942559958 -7.569873656 50.466404749 0.297265194 0.210252613 0.692376587 -0.664394538 -0.187051861
1770731495.538880825 -7.560788252 50.322214998 0.299746593 0.148849061 0.705369434 -0.681670201 -0.124994625
1770731496.142619610 -7.548277537 50.131168560 0.297373424 0.085947770 0.715697299 -0.689947116 -0.066055541
1770731496.740597963 -7.503699490 49.954535956 0.288785149 0.019028391 0.725236908 -0.688216202 -0.005273285
1770731497.543180943 -7.484431181 49.698580509 0.266051277 0.006054658 0.734614920 -0.678445883 -0.003929946
1770731498.041866779 -7.457301896 49.483680085 0.248074343 -0.014650819 0.741671434 -0.670287926 0.020565375
1770731498.842369080 -7.434216194 49.155301224 0.247687138 -0.022763458 0.735412982 -0.675781710 0.044369480
1770731499.340375900 -7.362893218 49.073933625 0.293580089 0.059246580 -0.698076903 0.711154207 -0.058635953
1770731500.040872812 -7.305297109 48.616773764 0.265321751 -0.050676448 0.713240208 -0.695167952 0.073904137
1770731500.341932297 -7.231686947 48.250570185 0.242323354 -0.050176443 0.726520938 -0.682575485 0.061158470
1770731500.843873262 -7.170337420 47.799547633 0.231415059 -0.040463808 0.723722051 -0.686682116 0.055287840
1770731501.240476370 -7.117535514 47.475005186 0.227110490 -0.040546571 0.719809473 -0.690555504 0.057994771
1770731501.635951757 -7.056013768 47.140692666 0.230204918 -0.035905324 0.718796835 -0.690998078 0.067554225
1770731502.340744257 -6.975637245 46.654534024 0.232735774 -0.033247768 0.716787897 -0.693613393 0.063325806
1770731503.139393806 -6.885908556 46.065429560 0.216588521 -0.030960194 0.715638909 -0.694969154 0.062612255
1770731503.638658524 -6.819122658 45.672459298 0.209285504 -0.037889495 0.719392899 -0.690383193 0.066402482
1770731504.138160706 -6.776987827 45.293857102 0.199753509 -0.028682344 0.721344619 -0.688597488 0.068357604
1770731504.738550425 -6.713080429 44.856290577 0.200403788 -0.024011867 0.718242035 -0.692457373 0.063675710
1770731505.339154959 -6.661111213 44.443759998 0.202204451 -0.015972107 0.719822851 -0.691196252 0.062029798
1770731505.936783552 -6.612635584 44.164574910 0.200241096 -0.018667484 0.718544102 -0.692396786 0.062710363
1770731506.937215328 -6.505504331 43.577878109 0.198296310 -0.024949109 0.715187446 -0.695467739 0.064877447
1770731507.537560225 -6.454802305 43.063252773 0.185529018 -0.010007355 0.721588139 -0.689848630 0.057613178
1770731508.036599636 -6.418193884 42.645204144 0.185519420 -0.002991473 0.715096282 -0.697414691 0.047340331
1770731508.639559507 -6.366185330 42.119588139 0.178001270 -0.008730902 0.717298203 -0.695157318 0.046511959
1770731509.135978460 -6.302740369 41.698602315 0.174346375 -0.021032608 0.718934948 -0.692583260 0.054941773
1770731509.536146402 -6.263912598 41.445407018 0.175659674 -0.029353051 0.715440501 -0.694950664 0.065778886
1770731510.034944773 -6.197420681 41.139538204 0.181574900 -0.038144416 0.713858386 -0.695460578 0.072703452
1770731510.738195896 -6.094909937 40.577180362 0.184506987 -0.034205678 0.714292710 -0.695738978 0.067551244
1770731511.334502220 -6.019984544 40.085460199 0.179466527 -0.030440100 0.717550897 -0.693146066 0.061177141
1770731511.733389854 -5.970894954 39.717924261 0.178190440 -0.024163566 0.716645121 -0.694788412 0.055722117
1770731512.342509747 -5.917504278 39.268374341 0.173201249 -0.018879835 0.720331055 -0.691511428 0.050780581
1770731512.833338261 -5.877374854 38.902461238 0.177070160 -0.013925386 0.716301774 -0.695390622 0.056122501
1770731513.333519936 -5.841475422 38.552480370 0.169911540 -0.015631948 0.719576771 -0.691182334 0.065053009
1770731513.832671642 -5.770161313 38.210647411 0.174584425 -0.026222820 0.717219452 -0.693205333 0.066143694
1770731514.532618761 -5.676666292 37.692020978 0.170303797 -0.030378738 0.719350526 -0.689976450 0.074461070
1770731515.031858206 -5.620412772 37.288040238 0.169387299 -0.023184036 0.717244809 -0.693517577 0.063684800
1770731515.432510853 -5.570936988 36.830658582 0.156614855 -0.010783627 0.726990904 -0.684124889 0.057802043
1770731515.931779385 -5.536555550 36.410993954 0.155774614 -0.000688899 0.719437846 -0.692726712 0.050382667
1770731516.531733513 -5.464248264 35.903258017 0.164678634 -0.008094544 0.713100719 -0.698576985 0.058412662
1770731516.825343132 -5.416611805 35.637318300 0.158625100 -0.017110718 0.715359953 -0.695844365 0.061383883
1770731517.332435608 -5.350981711 35.251359592 0.165445540 -0.025681002 0.713407606 -0.697439338 0.062995585
1770731517.936326027 -5.289466618 34.646311717 0.154318742 -0.012906864 0.719213301 -0.692309653 0.057210017
1770731518.429704666 -5.240991794 34.208261004 0.148538684 -0.006868920 0.718140956 -0.694168400 0.048545000
1770731518.937870026 -5.188254987 33.746888088 0.141956594 -0.015267487 0.722211519 -0.688827923 0.060774318
1770731519.430902481 -5.135338751 33.312570310 0.145455533 -0.013146318 0.715050688 -0.696504501 0.058405204
1770731519.837549448 -5.099674002 32.915935512 0.143402166 -0.008158003 0.716281127 -0.695433468 0.056983199
1770731520.129409075 -5.059413761 32.625260499 0.140139244 -0.012948276 0.714090866 -0.697301703 0.060637541
1770731520.729321957 -4.992188156 32.076489680 0.137369433 -0.014651912 0.720099932 -0.690981710 0.061527931
1770731521.229120016 -4.936795662 31.576115878 0.150891373 -0.008419634 0.711136935 -0.701146935 0.051052371
1770731521.628923893 -4.912266412 31.134170018 0.129386186 0.003678919 0.718975744 -0.693622894 0.044131919
1770731522.327032566 -4.889565460 30.543390764 0.133890363 0.005716968 0.719640014 -0.692851917 0.045186146
1770731522.828927994 -4.840185066 30.130722119 0.144864216 -0.005718712 0.709407407 -0.702618736 0.055093918
1770731523.128398180 -4.801316582 29.893852985 0.145958255 -0.012210893 0.709558626 -0.701668045 0.063556320
1770731523.828016758 -4.682614373 29.368841291 0.152239236 -0.030194913 0.713531378 -0.694764800 0.085223899
1770731524.526574373 -4.600461037 28.848691469 0.145085609 -0.023797251 0.718826152 -0.690885697 0.073482022
1770731525.027549982 -4.539747136 28.431543868 0.146207151 -0.020773714 0.714212119 -0.696818847 0.062553946
1770731525.743105412 -4.478646047 27.808166198 0.149154767 -0.009554123 0.716397971 -0.695355284 0.056246735
1770731526.130025864 -4.445655760 27.369948541 0.144469722 -0.002708790 0.719536251 -0.692656738 0.049868712
1770731526.626537085 -4.431462317 27.103293406 0.152310112 0.005623806 0.715966372 -0.696576642 0.046276448
1770731527.125645876 -4.390581978 26.816695797 0.153071822 -0.003114082 0.714357181 -0.698477235 0.042587227
1770731527.625797272 -4.338817007 26.392400131 0.148129694 -0.014065577 0.718090190 -0.692874336 0.063826283
1770731528.125604391 -4.300833682 25.943155428 0.140683332 -0.006596559 0.720915182 -0.690330025 0.060681485
1770731528.624149561 -4.258065215 25.499404827 0.138004868 -0.002890974 0.719636703 -0.692238530 0.054041414
1770731529.331751585 -4.222345140 24.898846778 0.128206324 0.001970919 0.725628182 -0.686376016 0.048454331
1770731529.924688816 -4.158300150 24.444045171 0.133401679 -0.017263404 0.720726578 -0.690170396 0.062609887
1770731530.325619698 -4.112291987 24.137844471 0.136609961 -0.017040414 0.717985719 -0.692575924 0.067414547
1770731530.923806190 -4.058935963 23.589754012 0.124103967 -0.002289860 0.724459995 -0.686653880 0.060489014
1770731531.626826048 -4.031759731 23.089945192 0.125800858 0.009327945 0.723593090 -0.688504690 0.047825957
1770731532.323021889 -3.990710765 22.649930240 0.127455838 0.002407272 0.720675550 -0.691228997 0.053135968
1770731532.922580242 -3.955674216 22.175503498 0.115661357 0.007740356 0.722591526 -0.689871622 0.043344189
1770731533.524116039 -3.929640662 21.680191220 0.115398489 0.020438039 0.721076835 -0.692176504 0.022851094
1770731533.920052767 -3.909710558 21.376044139 0.100048630 0.021604371 0.720215689 -0.693025595 0.023197779
1770731534.620922327 -3.862918087 20.856434398 0.100743773 -0.000348038 0.721504504 -0.691552820 0.034435836
1770731535.422530890 -3.808407230 20.276243102 0.105185155 -0.006435866 0.725371558 -0.687440324 0.034935407
1770731536.021851540 -3.761575223 19.772489555 0.091324779 -0.008426555 0.723687941 -0.688947238 0.039452001
1770731536.621910810 -3.775027625 19.306745107 0.075681196 0.031891677 0.723394644 -0.689505706 0.016278552
1770731537.420859814 -3.754936422 18.827076159 0.082534853 0.018350786 0.716127363 -0.697305678 0.024282486
1770731537.719626188 -3.714438674 18.597083198 0.073499547 -0.002685064 0.717976663 -0.695447835 0.029233716
1770731538.221895695 -3.686457894 18.240304535 0.077813287 -0.003039834 0.717591715 -0.695613866 0.034267172
1770731538.920051813 -3.639702689 17.678965284 0.063399848 -0.009992733 0.720612793 -0.692439950 0.033826969
1770731539.419454813 -3.590718436 17.257990019 0.050980844 -0.016366965 0.726262429 -0.686002680 0.040930786
1770731539.918439150 -3.553071476 16.886087677 0.043357879 -0.016771596 0.727318015 -0.684056123 0.052862450
1770731540.519650459 -3.494329845 16.376599667 0.039634357 -0.015280556 0.723301011 -0.688475996 0.051019153
1770731540.913878679 -3.451302316 15.993635585 0.038857476 -0.010555380 0.722228782 -0.690106454 0.045025013
1770731541.217358589 -3.421624701 15.703302574 0.043381506 -0.008276902 0.716949456 -0.696094873 0.036971586
1770731541.917459011 -3.390266238 15.141686563 0.051029806 0.000151700 0.714040911 -0.699373039 0.031982908
1770731542.517611265 -3.345812039 14.570491998 0.031109347 -0.002944784 0.719078835 -0.694101247 0.033770050
1770731543.115664005 -3.315004476 14.095709137 0.024726064 -0.005919684 0.721489201 -0.691488995 0.035514218
1770731543.715138435 -3.300775566 13.580763812 0.020571943 0.007820836 0.721845310 -0.691656270 0.022131156
1770731544.316593647 -3.303672999 13.098118622 0.027560305 0.014344460 0.712934411 -0.700808728 0.019644060
1770731544.715322256 -3.277096188 12.765619626 0.026055759 0.009238692 0.716008401 -0.697656858 0.022836941
1770731545.618664503 -3.176808236 12.134888012 0.025233757 -0.009734887 0.717813441 -0.695174321 0.037172027
1770731546.120452404 -3.166202834 11.711729767 0.018394509 0.003450060 0.720433023 -0.692878206 0.029734633
1770731546.916220903 -3.116527126 11.119942479 0.008810138 -0.018585751 0.721752090 -0.690197868 0.048532396
1770731547.414232731 -3.035158054 10.757426405 0.005529955 -0.028365049 0.725817631 -0.684988099 0.056351526
1770731547.914274216 -3.011134882 10.304962657 -0.015379956 -0.011527492 0.721435988 -0.691168260 0.041032529
1770731548.412942648 -2.963822232 9.909932765 -0.011230434 -0.005604092 0.716988568 -0.696705471 0.022304125
1770731549.113392830 -2.906845318 9.307925639 -0.013041075 0.005018874 0.718314264 -0.695683813 0.004843652
1770731549.713444948 -2.880777770 8.805402352 -0.041962465 0.007849857 0.720875778 -0.693019225 -0.000919897
1770731550.512707710 -2.857734688 8.206243691 -0.057279072 0.007308835 0.725331188 -0.688355307 0.002867071
1770731551.212444544 -2.854813955 7.679969105 -0.062241571 0.001387785 0.723163621 -0.690547180 0.013305745
1770731551.616517305 -2.809094073 7.389910843 -0.060011618 0.005695032 0.722200044 -0.691576436 0.010802618
1770731552.512270689 -2.763496209 6.723589282 -0.079581151 -0.001227351 0.721954698 -0.691697621 0.018284109
1770731553.010974407 -2.750772107 6.352398487 -0.093710149 0.001655755 0.726157623 -0.686876232 0.029889916
1770731553.816076994 -2.721104763 5.748634962 -0.087292468 0.005030852 0.719203199 -0.694335482 0.024893520
1770731554.410226107 -2.717486604 5.225593674 -0.099982785 0.014767236 0.724520416 -0.688589190 0.026401186
1770731554.910106182 -2.706837621 4.825548078 -0.097709540 0.020121738 0.722770726 -0.690542272 0.018680583
1770731555.610901833 -2.713125023 4.267458194 -0.096071136 0.025168438 0.717615473 -0.695933226 0.008457364
1770731556.312723398 -2.703893843 3.683610733 -0.099658906 0.013746619 0.716822576 -0.696936724 0.015988341
1770731556.708453894 -2.677347873 3.327538346 -0.099181263 0.000306075 0.719015133 -0.694514725 0.025815529
1770731557.109391689 -2.662211803 2.993790816 -0.100824887 0.000363098 0.716638862 -0.696889458 0.027815335
1770731557.506529570 -2.650083967 2.706484007 -0.087019928 0.004323354 0.709906918 -0.703870777 0.024070855
1770731559.305121422 -2.628095682 1.364523987 -0.027891816 -0.027977099 -0.685394606 0.726635404 -0.038111761
1770731560.404387474 -2.422409816 0.601297059 -0.045279848 -0.060035572 0.709003742 -0.694677600 0.105510451
1770731561.304566860 -2.192888865 0.209699942 -0.056418505 -0.141209655 0.708979909 -0.670852623 0.165420917
1770731562.803632259 -1.727774456 -0.492244571 -0.071655240 -0.171443183 0.701101746 -0.664364466 0.194122213
1770731563.802694082 -1.398798186 -1.168090332 -0.093146634 -0.149545409 0.705066228 -0.667931610 0.185432329
1770731564.502247334 -1.138372451 -1.440329366 -0.085176608 -0.203038834 0.685366172 -0.660888428 0.228637111
1770731565.101383924 -0.806113651 -1.663511471 -0.094442933 -0.277575435 0.668413435 -0.625198379 0.292065651
1770731565.601165533 -0.602667294 -1.761878347 -0.106958274 -0.328488266 0.645709290 -0.591861605 0.353348004
1770731566.197646141 -0.400294371 -1.770239113 -0.118418010 -0.389373924 0.616172010 -0.553570796 0.402839144
1770731566.902261496 -0.211564263 -1.742351351 -0.121095159 -0.440987616 0.574419357 -0.513537325 0.460273549
1770731567.600380421 -0.095246410 -1.686348218 -0.121052103 -0.487980572 0.528697812 -0.474348811 0.507293594
1770731568.401573181 0.021491433 -1.614220205 -0.121038213 -0.525124050 0.490321319 -0.428575292 0.547862169
1770731569.199484825 0.218219240 -1.476185659 -0.110916366 -0.565195192 0.435850405 -0.387657956 0.583361061
1770731569.799995422 0.308894463 -1.341927172 -0.105044208 -0.604884177 0.366312358 -0.335061730 0.622626715
1770731570.400584221 0.364375348 -1.239800989 -0.117795668 -0.643211949 0.318678454 -0.266281397 0.643285823
1770731571.099958420 0.352779635 -1.181608619 -0.115862074 -0.668720444 0.259028029 -0.208940762 0.664876835
1770731573.193945169 0.303917741 -1.117829931 -0.104913037 -0.676119810 0.203260978 -0.177597904 0.685569808
1770731574.594523191 0.257909100 -1.035630003 -0.096045103 -0.684944913 0.146855747 -0.126126760 0.702407215
1770731575.697595596 0.241803683 -0.939711278 -0.094344922 -0.688763478 0.092259855 -0.057770624 0.716767427
1770731576.897182941 0.174438570 -0.902155001 -0.090242164 -0.689606483 0.034263419 -0.000031391 0.723373289
1770731579.498326540 0.069195927 -0.279499675 -0.080857652 -0.709696711 -0.040306107 0.070205238 0.699840854
1770731580.894572258 0.114604656 -0.088046089 -0.080196333 -0.714649935 0.016575135 0.016141155 0.699099563
