1770731344.524799109 -0.034624380 0.121751485 -0.057858831 -0.717451745 0.008958027 0.008891819 0.696493850
1770731346.332376957 -0.030722563 0.692929011 -0.069504762 -0.724100920 0.019612344 -0.007973153 0.689369017
1770731346.731041670 0.020742991 1.259237995 -0.091309786 -0.730560496 0.035627469 -0.014504600 0.681763641
1770731347.029953718 0.053508467 1.698544349 -0.111389574 -0.735054354 0.032452085 -0.006005474 0.677204469
1770731347.323266506 0.085190738 2.162216117 -0.146448074 -0.749100716 0.027324041 0.036588901 0.660880297
1770731347.527842522 0.033545359 2.437667597 -0.168480126 -0.741311721 0.000214275 0.035566896 0.670217787
1770731347.928534269 0.007511623 2.982786249 -0.188651928 -0.734764719 0.008552260 0.022060607 0.677909283
1770731348.326928139 0.032079052 3.468302754 -0.174203586 -0.720547711 0.025822785 -0.006907654 0.692889936
1770731348.626581430 0.066124925 3.913869180 -0.203354204 -0.732759368 0.032120379 -0.012976912 0.679605466
1770731348.826038122 0.131182795 4.220105382 -0.223226352 -0.738645115 0.049802672 0.004661083 0.672236091
1770731349.225999117 0.164130322 4.788156425 -0.226789746 -0.724504097 0.048572887 -0.001995982 0.687554001
1770731349.622526646 0.179190678 5.320292769 -0.224936947 -0.719202714 0.042199921 -0.013359322 0.693388889
1770731350.024737358 0.213780362 5.906048022 -0.232212173 -0.720002496 0.037925553 -0.009385635 0.692870816
1770731350.524124622 0.250250694 6.579478327 -0.223731545 -0.716873031 0.033481679 -0.002410769 0.696395163
1770731350.928531885 0.250500941 7.140248901 -0.218930365 -0.715690655 0.016261721 0.013116095 0.698104871
1770731351.329361677 0.255191282 7.701220480 -0.214749294 -0.717161472 0.015099231 0.008197489 0.696695226
1770731351.725770235 0.259787963 8.261881470 -0.219637507 -0.721268885 0.016395430 0.009646848 0.692393908
1770731352.124045849 0.259480429 8.821045095 -0.216313442 -0.718435948 0.012816398 0.006190755 0.695447485
1770731352.423515558 0.267243499 9.240392023 -0.210295273 -0.717851546 0.012267410 0.005004758 0.696070127
1770731352.824810982 0.278158213 9.787717504 -0.203492381 -0.711755789 0.010518578 0.002946639 0.702342064
1770731353.323761225 0.292988523 10.522002167 -0.233269717 -0.725839646 0.018060644 -0.008172887 0.687578232
1770731353.724512577 0.321309078 11.073463473 -0.237724921 -0.722200959 0.023171830 -0.012873902 0.691175162
1770731354.124536991 0.370655866 11.650593273 -0.251702491 -0.729477532 0.033826161 -0.001229444 0.683166751
1770731354.523998260 0.378151020 12.227281208 -0.262392761 -0.724068296 0.023017455 -0.003378390 0.689335829
1770731354.822061300 0.369503750 12.632595317 -0.270412470 -0.723371542 0.013913957 -0.005352322 0.690298027
1770731355.231951714 0.387508489 13.185573263 -0.273432750 -0.719465135 0.016284197 -0.004209043 0.694324872
1770731355.631370544 0.418264335 13.767993636 -0.282619918 -0.725454458 0.021952610 0.000268482 0.687919937
1770731356.023353577 0.424500366 14.310737672 -0.280322062 -0.718732649 0.020643039 -0.008054020 0.694933361
1770731356.345639944 0.458750232 14.807969979 -0.304350852 -0.730132795 0.028978569 -0.008165645 0.682641682
1770731356.722360849 0.478251019 15.312922114 -0.297086163 -0.716625577 0.030707962 -0.017756037 0.696555473
1770731357.020613432 0.488417262 15.755576952 -0.295210055 -0.719381976 0.025592027 -0.020818358 0.693830827
1770731357.421570539 0.553213406 16.377425615 -0.319235597 -0.732368148 0.034784790 0.001096448 0.680018905
1770731357.822072983 0.560799839 16.921994551 -0.323525026 -0.721513357 0.029357340 -0.004129119 0.691765547
1770731358.120628357 0.559946901 17.333133866 -0.324941701 -0.717597436 0.024320450 -0.011039532 0.695945805
1770731358.536736012 0.553932497 17.962784463 -0.346714621 -0.725499236 0.008282505 0.004857746 0.688155986
1770731358.916733503 0.570768440 18.475933901 -0.337147807 -0.719776783 0.012557201 0.014218176 0.693946354
1770731359.320137024 0.560965711 19.038322871 -0.338253163 -0.722557915 0.009782698 0.009784068 0.691171925
1770731359.720197678 0.566572232 19.612826928 -0.345123013 -0.724284660 0.016632230 0.006230997 0.689272280
1770731360.121160746 0.560144575 20.183568188 -0.357005557 -0.727928206 0.012744663 0.000608359 0.685534631
1770731360.531191826 0.574268776 20.763794437 -0.364426570 -0.725171248 0.018087812 -0.003890980 0.688319949
1770731360.919365883 0.597873189 21.313212850 -0.363215080 -0.720333913 0.024103641 -0.003134442 0.693201445
1770731361.220270634 0.595338246 21.724771273 -0.371366095 -0.719479821 0.022439335 -0.008389532 0.694100050
1770731361.619418859 0.630049982 22.298287583 -0.366833528 -0.721464690 0.028309958 -0.006635772 0.691840454
1770731362.017621040 0.664269101 22.878829090 -0.380501323 -0.728970564 0.031695693 -0.007885178 0.683765401
1770731362.418915272 0.696882351 23.233102201 -0.392216793 -0.727267723 0.043900707 -0.018203761 0.684706514
1770731363.217366695 0.720129161 23.691151282 -0.386728924 -0.717341025 0.040029003 -0.022914245 0.695193836
1770731363.620498419 0.712370836 24.274340940 -0.391631728 -0.717861327 0.019961073 -0.005638272 0.695877059
1770731363.917372227 0.726356330 24.696188410 -0.393527458 -0.718487083 0.023152771 -0.010069750 0.695081909
1770731364.218001842 0.739718742 25.142740606 -0.408508914 -0.723420522 0.023366497 -0.018326557 0.689768724
1770731364.617206573 0.761950412 25.698839147 -0.413605408 -0.720799307 0.025515812 -0.023567902 0.692272964
1770731364.917867184 0.802812122 26.167700595 -0.435714667 -0.728844192 0.034717269 -0.020064662 0.683504399
1770731365.218286514 0.839117009 26.573157124 -0.436190153 -0.724497217 0.039426065 -0.022332987 0.687786744
1770731365.614919662 0.882577239 27.128776240 -0.445661404 -0.725134648 0.041121644 -0.026430555 0.686869841
1770731365.921818733 0.927761044 27.561569968 -0.453159072 -0.723424638 0.048283500 -0.023889220 0.688298483
1770731366.317894459 0.985023497 28.125357076 -0.456489794 -0.722010700 0.049656879 -0.012697517 0.689980808
1770731366.717365980 0.969324415 28.707743840 -0.466350612 -0.728758849 0.008044715 0.019809950 0.684436548
1770731367.121746778 0.951980963 29.256824622 -0.466096173 -0.723635193 0.006410625 0.013870869 0.690013486
1770731367.515832424 0.960016662 29.831242864 -0.474960547 -0.721304917 0.012840344 0.012132512 0.692392334
1770731367.918135405 0.969966053 30.383497364 -0.479334361 -0.720984460 0.017451418 0.012959531 0.692610213
1770731368.317442656 0.974348319 30.957398544 -0.493631299 -0.725090063 0.015783577 0.001975765 0.688470315
1770731368.715066671 0.984581946 31.520153686 -0.499106703 -0.723524135 0.018190967 -0.004831581 0.690042442
1770731369.116521835 0.993164667 32.085279459 -0.507514295 -0.721133259 0.019655942 -0.011137871 0.692427912
1770731369.515887737 1.031297365 32.690343891 -0.519850892 -0.723033363 0.025317309 -0.003095991 0.690342093
1770731369.916147947 1.037454173 33.256520089 -0.529431166 -0.729477237 0.020822709 -0.010348616 0.683609744
1770731370.214717388 1.054544728 33.665357117 -0.531685876 -0.724949729 0.022456138 -0.010532947 0.688355046
1770731370.612741709 1.090590491 34.230680655 -0.543395737 -0.722571994 0.027466226 -0.013122636 0.690625163
1770731370.916949749 1.110546818 34.657348045 -0.549612444 -0.723401583 0.026049006 -0.015865338 0.689753500
1770731371.314207315 1.141965737 35.217848247 -0.567562774 -0.727895779 0.029764468 -0.018558028 0.684790049
1770731371.713511467 1.191833362 35.777241513 -0.569455873 -0.723223101 0.038812851 -0.017497798 0.689300904
1770731372.013580322 1.207440332 36.185762097 -0.582934103 -0.724695355 0.038435272 -0.021393198 0.687663947
1770731372.413470507 1.234925746 36.756738067 -0.592770217 -0.725921893 0.030690104 -0.017933211 0.686858007
1770731372.813209772 1.238765090 37.317586382 -0.610461865 -0.728449341 0.017002207 -0.004631061 0.684873007
1770731373.113745928 1.245539911 37.734332862 -0.625790117 -0.728121748 0.019959617 -0.006262561 0.685128539
1770731373.513001919 1.265117410 38.277416414 -0.633944881 -0.725941778 0.024674477 -0.002703314 0.687308081
1770731373.911689281 1.278935724 38.832523608 -0.640253385 -0.722357001 0.026925759 -0.012508891 0.690882692
1770731374.213121653 1.301664170 39.247041686 -0.650028070 -0.724207276 0.029909871 -0.012123007 0.688826723
1770731374.623194933 1.335982936 39.812974776 -0.659352304 -0.721798973 0.033739105 -0.017085862 0.691068729
1770731375.012282372 1.379843228 40.364240530 -0.684175233 -0.729207889 0.040513868 -0.018502926 0.682841214
1770731375.411345482 1.413250275 40.924457169 -0.687973027 -0.721244072 0.037515897 -0.017445971 0.691444275
1770731375.911076069 1.454290497 41.635167926 -0.699701919 -0.722198012 0.034433863 -0.009535999 0.690762915
1770731376.212030649 1.483578604 42.069259095 -0.718838783 -0.726952894 0.039271947 -0.008068193 0.685515943
1770731376.613900185 1.513570202 42.615855525 -0.727239220 -0.721965187 0.037157506 -0.011847512 0.690829374
1770731377.109355927 1.573434241 43.318108864 -0.738399465 -0.719877949 0.040035440 -0.013761395 0.692808434
1770731377.510495901 1.589060367 43.898173089 -0.746756041 -0.719280570 0.031039905 0.001587885 0.694024110
1770731377.916290283 1.602955068 44.461145470 -0.749453272 -0.718667195 0.026413816 0.004138015 0.694840018
1770731378.210241079 1.633081620 44.886866399 -0.759870488 -0.723989611 0.031747589 0.003935012 0.689068682
1770731378.609759331 1.648143456 45.428559023 -0.756679426 -0.717790493 0.032289763 -0.004852243 0.695493088
1770731379.009288311 1.676837963 46.002864864 -0.767975028 -0.721227551 0.036588180 -0.008313583 0.691681292
1770731379.508799791 1.706714370 46.700624759 -0.778091680 -0.717289636 0.038471007 -0.017900287 0.695481948
1770731379.908768892 1.750452097 47.288478740 -0.792414666 -0.717302930 0.042957391 -0.024102638 0.695018153
1770731380.415216208 1.816428385 47.992197923 -0.798682736 -0.715811061 0.041722704 -0.022246160 0.696691359
1770731380.907783747 1.841593325 48.724581069 -0.825156598 -0.721951301 0.029872935 -0.013967984 0.691157596
1770731381.308243752 1.859309058 49.297745891 -0.823738014 -0.717186377 0.029053852 -0.012623358 0.696161063
1770731381.605559826 1.905277733 49.751943362 -0.844359065 -0.726852742 0.034543126 -0.007984387 0.685877623
1770731381.906940937 1.936396021 50.182965340 -0.852160410 -0.724858637 0.037886545 -0.009208368 0.687793407
1770731382.207576752 1.950165992 50.590055777 -0.851510975 -0.719836508 0.037902824 -0.016106810 0.692920882
1770731382.807344913 1.978479182 51.194598699 -0.861418116 -0.719939268 0.030057295 -0.004714637 0.693369874
1770731383.706245184 1.907852256 51.487293748 -0.878080683 -0.717930161 -0.037147549 0.059854932 0.692541501
1770731384.405265570 1.778905133 51.760231661 -0.894169195 -0.709870447 -0.119284539 0.135054853 0.680893042
1770731385.305864334 1.458739065 52.131787533 -0.936182294 -0.704613487 -0.204586121 0.169973093 0.657855228
1770731385.904924870 1.263874404 52.297354037 -0.961605969 -0.683752405 -0.271446079 0.244651805 0.631621064
1770731386.508337498 1.031472418 52.436557063 -0.978818068 -0.663643558 -0.318459778 0.301950519 0.605794093
1770731387.104762554 0.722898998 52.561706767 -0.989612174 -0.625874878 -0.364847397 0.363930298 0.585424421
1770731387.703905821 0.361816407 52.639665791 -1.002367411 -0.581012314 -0.406668395 0.416863424 0.568568724
1770731388.521011353 -0.024091737 52.642690993 -1.032137626 -0.536252825 -0.463956965 0.469357805 0.526193970
1770731389.306677341 -0.321860263 52.572965202 -1.058615270 0.486464976 0.525965859 -0.522185494 -0.462638144
1770731390.103229761 -0.550102566 52.462098113 -1.076326480 0.428682251 0.581474164 -0.572391571 -0.387926815
1770731391.102589369 -0.615369392 52.353449111 -1.089466092 0.358941815 0.628312848 -0.615121732 -0.313063882
1770731391.702221155 -0.558546576 52.304339639 -1.095583926 0.300495906 0.653645147 -0.642272137 -0.264455544
1770731392.400914907 -0.505174584 52.262406099 -1.103356076 0.243469403 0.676019940 -0.662197124 -0.212637391
1770731393.809567690 -0.587670317 52.031384749 -1.100525616 0.176137033 0.690057477 -0.685390510 -0.151777050
1770731394.499139309 -0.573871833 51.899439104 -1.103331396 0.110435492 0.705202599 -0.694991256 -0.086489593
1770731395.403187990 -0.595829426 51.693674168 -1.108954099 0.089529560 0.708472529 -0.695721319 -0.077607852
1770731396.200204611 -0.612767034 51.514435184 -1.124378358 0.071325440 0.720412430 -0.687377846 -0.058568845
1770731396.603182793 -0.634293391 51.332813364 -1.139759046 0.064591238 0.729513728 -0.678716921 -0.054598847
1770731397.295635700 -0.633091690 51.082742986 -1.142337100 0.040402011 0.724542472 -0.687421667 -0.029280294
1770731398.101450920 -0.630074908 50.606814225 -1.088405197 -0.022739236 -0.686534343 0.726631473 0.012658034
1770731398.398816586 -0.679365563 50.166404356 -1.104020306 0.033342055 0.715726785 -0.697389730 -0.016463337
1770731398.697867393 -0.707821842 49.756232254 -1.093705793 0.035989724 0.710237793 -0.702737267 -0.020672439
1770731398.999024391 -0.741983127 49.373825606 -1.086165024 0.040183230 0.707973340 -0.704864867 -0.018016028
1770731399.299550056 -0.782005184 48.983908475 -1.075799601 -0.044120861 -0.703839912 0.708745985 0.018489335
1770731399.898464918 -0.827088870 48.161909404 -1.061229737 0.030004132 0.707998773 -0.705575941 -0.000284009
1770731400.303698063 -0.850723422 47.616252863 -1.054749206 0.039813853 0.712179209 -0.700845578 -0.005577433
1770731400.598135710 -0.877237989 47.207758069 -1.041631064 0.046314634 0.708140531 -0.704493948 -0.008956554
1770731400.997963190 -0.926687020 46.668896498 -1.024061392 0.054791821 0.706275872 -0.705675856 -0.013922450
1770731401.397531509 -0.964260907 46.134172494 -1.004803255 -0.054543404 -0.704760968 0.707174457 0.015533226
1770731401.796900749 -0.988127651 45.586820367 -0.983014480 -0.046985861 -0.701903350 0.710626450 0.011578621
1770731402.296544552 -1.033585453 44.890234311 -0.981037130 0.045890940 0.709244051 -0.703466653 -0.001251366
1770731402.594030142 -1.068542010 44.519803628 -0.965461917 -0.048341893 -0.701960078 0.710509880 0.009529995
1770731402.997308254 -1.118590326 43.987453672 -0.955358171 -0.056818473 -0.705327050 0.706342194 0.019134249
1770731403.396965981 -1.163739406 43.468940858 -0.940850641 -0.050685410 -0.705564318 0.706736266 0.011568620
1770731403.695621967 -1.179167575 43.084714694 -0.928549463 -0.036125321 -0.704715583 0.708562614 0.003151154
1770731404.198287725 -1.183526275 42.441014141 -0.902591972 -0.031595007 -0.700270838 0.713160730 0.004927751
1770731404.593496084 -1.214564653 41.878501893 -0.901725046 0.039710962 0.711677847 -0.701185882 -0.016614467
1770731404.995439053 -1.262801655 41.366140275 -0.876677035 0.049819403 0.707039913 -0.704971087 -0.025067020
1770731405.394902468 -1.342098061 40.840498006 -0.854739886 -0.064228239 -0.700753706 0.710005147 0.026677087
1770731405.693876266 -1.371042859 40.450693240 -0.849156511 0.057168991 0.708277791 -0.703298568 -0.021104531
1770731406.294706345 -1.399082098 39.688486796 -0.813205057 -0.044030775 -0.703613426 0.709113940 0.012118489
1770731406.695270538 -1.443756686 39.154150298 -0.800318179 0.057396593 0.708077059 -0.703461871 -0.021769375
1770731407.100538969 -1.482525616 38.625564836 -0.779938323 0.056247932 0.707711836 -0.703928886 -0.021546460
1770731407.495409250 -1.539212784 38.126428185 -0.756886381 -0.062879305 -0.701987997 0.709102233 0.020810272
1770731407.794894934 -1.575386994 37.732847277 -0.743929148 -0.057794470 -0.701908530 0.709629416 0.020256035
1770731408.294513702 -1.600712261 37.087529625 -0.716647666 -0.036097986 -0.700539495 0.712629718 0.010011794
1770731408.593811989 -1.620868291 36.677503380 -0.713377389 0.038320291 0.707604060 -0.705464331 -0.012170776
1770731408.992770910 -1.662418875 36.140492727 -0.698965938 -0.043936653 -0.703629535 0.709067297 0.014093114
1770731409.288191795 -1.692456481 35.749241458 -0.686507798 -0.044634161 -0.704233626 0.708502255 0.009345949
1770731409.691715002 -1.728385551 35.214729132 -0.676964483 0.053507295 0.708313077 -0.703625791 -0.018447234
1770731409.993549585 -1.772066385 34.833090890 -0.657430426 -0.053751039 -0.703146876 0.708889961 0.013050621
1770731410.492619514 -1.793191756 34.184132562 -0.639168758 0.029782691 0.710844920 -0.702713106 0.002604215
1770731410.892751932 -1.823161425 33.693002129 -0.609140905 -0.034568903 -0.702834823 0.710484871 0.006280955
1770731411.291286469 -1.885568518 33.141611457 -0.601757380 0.045839491 0.708933071 -0.703701908 -0.010782713
1770731411.691739082 -1.944048078 32.615772549 -0.582527899 -0.052308226 -0.703934935 0.708201274 0.013798970
1770731411.990700245 -1.979132226 32.234435839 -0.564842875 -0.053391716 -0.698883863 0.713092525 0.014481732
1770731412.192129850 -2.003978707 31.958274486 -0.557321201 -0.048620451 -0.702347499 0.710117370 0.008795658
1770731412.591371298 -2.037402682 31.419187820 -0.535098471 -0.048161433 -0.699949178 0.712365293 0.016950337
1770731412.891127825 -2.086903754 31.001114123 -0.528727326 0.056903405 0.706340219 -0.705270873 -0.020940237
1770731413.289790630 -2.149146792 30.485776519 -0.501867914 -0.063608166 -0.697529942 0.713065550 0.030716500
1770731413.788947821 -2.219190311 29.784894997 -0.489997682 -0.054741589 -0.703390202 0.708325886 0.022803969
1770731414.090448618 -2.231999794 29.396739824 -0.470568893 -0.039338983 -0.697910578 0.714941047 0.015250212
1770731414.290691137 -2.250746441 29.139670394 -0.465871616 -0.038012330 -0.699197119 0.713829432 0.011224672
1770731414.695997953 -2.303489147 28.582595020 -0.455634070 -0.048905621 -0.706151772 0.706217122 0.014672807
1770731415.089550495 -2.355814447 28.061152758 -0.437143136 -0.057735332 -0.703659747 0.707652728 0.027517439
1770731415.498576641 -2.430594036 27.506157747 -0.428106862 0.066500170 0.706243306 -0.703929003 -0.035806133
1770731415.888825655 -2.480832811 26.986807082 -0.412030978 0.056769105 0.706542844 -0.704710278 -0.030950002
1770731416.289554119 -2.494906104 26.469651306 -0.397303745 0.041461979 0.706657048 -0.705915510 -0.024495170
1770731416.690385342 -2.537114738 25.959121585 -0.376396239 -0.049482981 -0.701715273 0.709927096 0.033920922
1770731417.190232277 -2.628006973 25.297769471 -0.359328574 -0.059498367 -0.703957484 0.706382044 0.043911429
1770731417.688377380 -2.683719277 24.687857814 -0.350542086 0.052421933 0.708470945 -0.702806059 -0.037208932
1770731418.187712431 -2.780903158 24.057126732 -0.340147466 0.069924856 0.707080082 -0.701507707 -0.055092736
1770731418.487434864 -2.822349556 23.658442475 -0.337045650 0.058609054 0.709171912 -0.700424753 -0.055184635
1770731418.789179564 -2.825188715 23.274369624 -0.331510229 0.031864654 0.710839973 -0.701373412 -0.042029912
1770731420.289939880 -2.881879025 22.546305762 -0.281967380 0.021635476 0.707853738 -0.704619262 -0.044572264
1770731420.686504602 -2.903765329 21.977726612 -0.282318317 0.011811737 0.714253285 -0.699169917 -0.029396496
1770731421.288019657 -2.966186328 21.466629561 -0.289669777 0.013515057 0.720762843 -0.693049894 -0.000333930
1770731422.086609125 -2.971373927 21.064375050 -0.270485048 0.012820383 0.707884069 -0.706188174 0.005834918
1770731422.685359716 -2.968180837 20.714430181 -0.270573158 0.019806301 0.707780956 -0.706027801 -0.013363130
1770731423.182401896 -3.005261751 20.188921813 -0.256552557 -0.034932559 -0.705504464 0.707352044 0.026386620
1770731423.684291363 -3.066624154 19.617240912 -0.249247389 0.046678751 0.706346400 -0.705461252 -0.034932494
1770731424.085114479 -3.135816491 19.155832532 -0.238742309 -0.061832517 -0.704761533 0.705315585 0.044920451
1770731424.584238291 -3.206514215 18.676133975 -0.226079844 0.068926505 0.706240839 -0.702701035 -0.051809943
1770731425.182409286 -3.229121147 18.136211470 -0.199064896 -0.041455644 -0.703325471 0.708995974 0.030649967
1770731425.481611013 -3.240473319 17.840811150 -0.184246837 -0.032894258 -0.702291022 0.710627341 0.026722101
1770731425.983929873 -3.297092488 17.289270685 -0.158658927 -0.039897765 -0.697417386 0.714670555 0.035540916
1770731426.483103275 -3.348252161 16.706619935 -0.154502540 0.039599772 0.713932761 -0.697859269 -0.041524818
1770731426.983189344 -3.373456110 16.178770536 -0.132833470 0.024880802 0.708920972 -0.704228596 -0.029564948
1770731427.384297132 -3.407565419 15.683111775 -0.130927685 0.021013572 0.709159363 -0.704605581 -0.013505674
1770731427.684325695 -3.432521355 15.318653072 -0.119955194 -0.029327972 -0.704959642 0.708474556 0.015348521
1770731427.984046221 -3.454683739 14.941743145 -0.113871336 0.037629517 0.706990473 -0.705709236 -0.026887987
1770731428.581855059 -3.568762873 14.148402151 -0.095081729 -0.075315768 -0.699568962 0.707924090 0.061435209
1770731429.083459377 -3.689843825 13.482102388 -0.094626247 0.079012597 0.704237600 -0.702530917 -0.065243557
1770731430.777047157 -3.706237364 13.000966044 -0.096657746 0.027786343 0.710677586 -0.702134412 -0.034242604
1770731431.580135107 -3.684227713 12.583202580 -0.094360392 -0.017617653 0.711329018 -0.702621186 0.004910827
1770731432.079556465 -3.671802416 12.345442140 -0.083600440 0.024679395 -0.704800106 0.708515744 -0.025557362
1770731432.680576801 -3.639128574 11.945659775 -0.091701610 -0.011261396 0.713976985 -0.699969827 0.012340457
1770731433.279270887 -3.629616516 11.496467986 -0.069452095 -0.011021677 -0.705670672 0.708296109 0.014968235
1770731433.978175163 -3.662492596 10.831646171 -0.059620500 0.020014724 0.711062812 -0.702440689 -0.023794255
1770731434.478126526 -3.716588544 10.291270494 -0.051294456 0.027492394 0.709741704 -0.703383112 -0.027623899
1770731434.877851248 -3.767231988 9.865995796 -0.044169890 0.035263542 0.712247365 -0.700519274 -0.027072520
1770731435.177484989 -3.788568749 9.550538301 -0.030457827 0.035705769 0.711115541 -0.701559354 -0.029227700
1770731435.879268408 -3.874264004 8.895006496 -0.000858524 0.048650516 0.707809486 -0.704088147 -0.029978989
1770731436.377270699 -3.937566701 8.440732374 0.016185794 0.059181950 0.707334763 -0.703691283 -0.031521540
1770731436.973484516 -3.984587863 7.954296097 0.033993614 -0.053856769 -0.704597686 0.706408701 0.040352167
1770731437.576763153 -4.033993186 7.457541996 0.044880636 0.052693762 0.709679599 -0.701675983 -0.035057807
1770731437.976641655 -4.052796443 7.141656241 0.055442118 0.045776977 0.708706198 -0.703436694 -0.028579893
1770731438.671940804 -4.090973773 6.490254521 0.067207785 0.032976934 0.709540126 -0.703540439 -0.022275117
1770731439.174944162 -4.116612364 5.972434884 0.083778649 -0.027387498 -0.705150962 0.708273937 0.018975666
1770731439.573855400 -4.139193822 5.602320161 0.095492301 -0.027905504 -0.703623704 0.709491854 0.027500456
1770731439.874350786 -4.168474111 5.349333765 0.096690816 -0.034167336 -0.703777535 0.709066469 0.027468477
1770731440.372972727 -4.182121363 4.953140473 0.118017574 -0.030642359 -0.694819144 0.718102281 0.024829744
1770731441.872298241 -4.320849749 3.900991167 0.155932911 -0.015334415 -0.680680553 0.732104011 -0.021507155
1770731442.572604179 -4.237192742 3.682791566 0.172836089 0.051113799 -0.671618162 0.735845955 -0.069621507
1770731443.469436884 -4.010060372 3.259205731 0.163690122 0.147739446 -0.680950166 0.701558941 -0.149315034
1770731444.270892382 -3.660185755 2.853064490 0.129312156 -0.236043392 0.677611077 -0.660084106 0.222296464
1770731444.870804310 -3.432431689 2.715857356 0.110891562 -0.306876655 0.651904192 -0.628059079 0.293920798
1770731445.371492386 -3.215773807 2.663524759 0.084347925 -0.363794891 0.622341990 -0.608206736 0.332307524
1770731445.870865107 -3.087851167 2.663106856 0.067577546 -0.412177359 0.589180939 -0.574424653 0.391167437
1770731446.470367193 -2.812409204 2.656160757 0.047210284 -0.461925208 0.553839020 -0.534498341 0.440680118
1770731447.068598032 -2.455586514 2.711498657 -0.006457781 0.523142295 -0.509778967 0.485944012 -0.479902033
1770731447.668229342 -2.230729312 2.801537490 -0.033936912 -0.563074687 0.466620531 -0.435951126 0.524555805
1770731448.269483566 -2.007081118 2.977139765 -0.053415309 -0.606984704 0.407689956 -0.385173955 0.563027080
1770731448.877100945 -1.804865587 3.165958200 -0.078831544 -0.645706576 0.341758181 -0.319646729 0.603398982
1770731449.469891548 -1.674182263 3.360447468 -0.102946991 -0.680208472 0.266328190 -0.244398965 0.637694971
1770731450.068150282 -1.637754307 3.551159970 -0.123377644 -0.702890093 0.207841217 -0.179554661 0.656130832
1770731450.667364359 -1.600650132 3.790513905 -0.147084129 -0.727214563 0.140887258 -0.104331024 0.663645084
1770731451.069545984 -1.625886457 3.909401781 -0.154723690 -0.735413354 0.071297248 -0.038395382 0.672762733
1770731451.668857098 -1.634584691 4.126604629 -0.175954767 -0.744521662 0.026137189 0.018098127 0.666840911
1770731452.166831017 -1.619113626 4.512675224 -0.204423261 -0.746574019 0.037723193 0.006223198 0.664202881
1770731452.467823982 -1.551564736 4.909622862 -0.250973515 -0.751775697 0.066251897 -0.011032506 0.655989536
1770731452.976376772 -1.491851261 5.533456037 -0.248063353 -0.725534850 0.057875793 -0.031796767 0.685009883
1770731453.269231319 -1.460278584 5.962668444 -0.273871306 -0.731184479 0.041964663 -0.012886663 0.680765862
1770731453.566951275 -1.415820476 6.410293983 -0.320306636 -0.743524094 0.046016160 0.002388208 0.667119728
1770731454.067118406 -1.394479383 7.022929988 -0.318236295 -0.724110986 0.033011981 0.010728180 0.688809405
1770731454.565794945 -1.423591392 7.683895656 -0.326053918 -0.723929583 0.013973914 0.010070944 0.689658803
1770731454.965021610 -1.405666914 8.211875976 -0.324881341 -0.721570895 0.020598465 0.011885998 0.691931984
1770731455.375344992 -1.397634540 8.753593507 -0.332286862 -0.724672186 0.020311706 0.004607540 0.688778940
1770731455.865572929 -1.384282099 9.407387253 -0.343613560 -0.723272514 0.019460743 -0.004261719 0.690275299
1770731456.266863823 -1.364023615 9.939908414 -0.353858487 -0.723019337 0.020145904 -0.008847978 0.690477295
1770731456.665137291 -1.335969105 10.465935687 -0.361237303 -0.720833991 0.019937193 -0.011562995 0.692724449
1770731457.071307182 -1.303808351 10.995619308 -0.368962810 -0.720195190 0.021968162 -0.020106413 0.693132037
1770731457.464492083 -1.270135806 11.516073713 -0.365286102 -0.717328682 0.021202366 -0.030517243 0.695743286
1770731457.765311241 -1.245652179 11.914613742 -0.379052560 -0.723229723 0.019792431 -0.034900217 0.689441080
1770731458.163870335 -1.178777284 12.490187219 -0.402546206 -0.730239092 0.036337109 -0.029852484 0.681571208
1770731458.663672924 -1.112745565 13.154516759 -0.421746640 -0.727866766 0.043100505 -0.034779059 0.683478408
1770731459.063441515 -1.055155333 13.707649505 -0.445163023 -0.728742156 0.044146768 -0.041821063 0.682082789
1770731459.462592840 -0.987423329 14.245641990 -0.452483564 -0.722498986 0.048015702 -0.041189085 0.688471617
1770731459.760509729 -0.928797678 14.643620410 -0.457986004 -0.723404737 0.052681014 -0.037379686 0.687395852
1770731460.263955832 -0.839215152 15.330860226 -0.472270086 -0.727888819 0.057193173 -0.043609396 0.681912772
1770731460.663679838 -0.766984225 15.859905308 -0.472721242 -0.718463931 0.059118726 -0.051084939 0.691161982
1770731460.962689161 -0.693211064 16.270239861 -0.495343200 -0.727261721 0.068716885 -0.052322155 0.680904378
1770731461.362968206 -0.618765323 16.782171804 -0.498030470 -0.718068832 0.070929531 -0.061904118 0.689575257
1770731461.663807392 -0.545207352 17.181156618 -0.494307801 -0.715927437 0.071490167 -0.071308732 0.690834370
1770731462.060759783 -0.393260888 17.762234934 -0.523891205 -0.729747434 0.087960485 -0.047940445 0.676338191
1770731462.461830854 -0.334864549 18.351041245 -0.545157019 -0.727258917 0.057505598 -0.028824049 0.683342335
1770731462.860822916 -0.315314116 18.851904608 -0.537032915 -0.717888033 0.040373274 -0.025931732 0.694502928
1770731463.162505865 -0.268736548 19.296361838 -0.559462290 -0.726702220 0.046122083 -0.026830434 0.684877189
1770731463.657766581 -0.187604832 19.976901539 -0.550636541 -0.713348035 0.051762078 -0.026415509 0.698396369
1770731464.066648483 -0.140857852 20.563209585 -0.564607060 -0.721948973 0.046712044 -0.019937025 0.690079836
1770731464.456698656 -0.079041079 21.110446392 -0.571736536 -0.720992781 0.051146228 -0.017196594 0.690838440
1770731464.859033108 -0.023222446 21.687359931 -0.598488408 -0.728729639 0.053685902 -0.024023535 0.682271065
1770731465.259291887 0.039195000 22.224779640 -0.601932329 -0.721788385 0.058307739 -0.024742943 0.689209346
1770731465.660260677 0.097344727 22.785786375 -0.602168816 -0.721467689 0.055941992 -0.015137295 0.690018644
1770731465.956841707 0.109817655 23.188729335 -0.602109061 -0.721790060 0.043796432 -0.018253113 0.690483747
1770731466.361618757 0.152908180 23.747375656 -0.607543304 -0.724771596 0.039945097 -0.012516187 0.687716416
1770731466.757951498 0.184543476 24.300186507 -0.619972774 -0.723093443 0.035220782 -0.014712331 0.689694800
1770731467.060141087 0.212451770 24.716604645 -0.627246465 -0.722006380 0.035285884 -0.019151526 0.690720575
1770731467.459044456 0.250251488 25.263416458 -0.633141499 -0.721034550 0.036879008 -0.019313555 0.691647384
1770731467.869417429 0.292899735 25.825441321 -0.635537459 -0.718938382 0.035610098 -0.028546653 0.693573798
1770731468.258790016 0.350223251 26.391984297 -0.656862737 -0.726137812 0.041412299 -0.034055474 0.685455413
1770731468.659141541 0.395246781 26.922096242 -0.659232615 -0.722899526 0.039940195 -0.040390239 0.688614322
1770731468.958625793 0.463838078 27.385290602 -0.682741635 -0.734506087 0.049030243 -0.033400672 0.676003875
1770731469.358239889 0.524218599 27.914523892 -0.685816376 -0.724821288 0.048355587 -0.033320858 0.686429573
1770731469.757319689 0.580212924 28.489332137 -0.705620205 -0.726770363 0.041403340 -0.020270901 0.685331812
1770731470.055825949 0.586697249 28.902538932 -0.718747426 -0.728988945 0.020467920 -0.009583421 0.684152278
1770731470.457055569 0.612753381 29.434093419 -0.716497930 -0.720313744 0.023143183 -0.008969984 0.693204186
1770731470.856728077 0.643083434 30.011942765 -0.737359968 -0.726062558 0.026818105 -0.010502433 0.687025218
1770731471.264532804 0.675754748 30.567457991 -0.751058019 -0.725897990 0.026950822 -0.016653718 0.687072350
1770731471.555666685 0.722489606 30.993730287 -0.763802022 -0.727583921 0.034995069 -0.009846352 0.685054766
1770731471.955377340 0.753992045 31.543785025 -0.771085460 -0.721570227 0.033124178 -0.015330748 0.691378452
1770731472.355705738 0.790703876 32.125822625 -0.793157916 -0.727285366 0.038037974 -0.017498287 0.685056873
1770731472.754207373 0.826754878 32.678430260 -0.804446430 -0.724838073 0.037626848 -0.025582757 0.687415094
1770731473.156114101 0.872585731 33.236097208 -0.807684209 -0.720797574 0.038953451 -0.038777067 0.690962969
1770731473.558273315 0.956512425 33.830430258 -0.826645137 -0.730364676 0.050207928 -0.036186732 0.680247841
1770731473.953294992 1.015912200 34.365728009 -0.831057628 -0.723022128 0.055064477 -0.044734716 0.687172257
1770731474.154658079 1.056945078 34.672775366 -0.849123164 -0.729197719 0.058712230 -0.051695346 0.679816998
1770731474.555066824 1.165739278 35.224566416 -0.861932820 -0.727344172 0.070565455 -0.040362094 0.681441027
1770731474.953326225 1.236758519 35.784308707 -0.879891704 -0.722856316 0.067714501 -0.051039303 0.685775825
1770731475.354583025 1.316934744 36.362122390 -0.901834370 -0.727045486 0.065593200 -0.049007597 0.681689554
1770731475.754946709 1.412844495 36.939170750 -0.915087433 -0.725102478 0.065845425 -0.036170636 0.684530834
1770731476.048006058 1.439042494 37.343046750 -0.934903871 -0.725513252 0.057493299 -0.037705105 0.684765191
1770731476.357591629 1.495566379 37.774671059 -0.943575927 -0.725602907 0.061865794 -0.046252512 0.683764396
1770731476.754754305 1.576996855 38.357285713 -0.969409314 -0.731429447 0.058174393 -0.032878999 0.678635156
1770731477.152878761 1.592500700 38.904127042 -0.981652121 -0.727806742 0.035253333 -0.017234706 0.684658684
1770731477.553283691 1.638501940 39.441178463 -0.995683995 -0.726727622 0.038947004 -0.014827365 0.685660443
1770731477.953563213 1.669131484 39.998467166 -1.005079639 -0.722922882 0.040639554 -0.027131727 0.689198667
1770731478.261201620 1.698767607 40.423217975 -1.015494975 -0.724448411 0.042454143 -0.025088911 0.687562864
1770731478.651923895 1.755293183 40.970687567 -1.028643239 -0.720210310 0.047259564 -0.030989326 0.691450146
1770731479.051958799 1.809155444 41.534319731 -1.051974530 -0.729918066 0.047158363 -0.025922191 0.681413051
1770731479.450394869 1.849671284 42.064892272 -1.054340902 -0.723519191 0.038593416 -0.026112166 0.688729760
1770731479.852649450 1.907455373 42.626451611 -1.067904938 -0.727496771 0.038782277 -0.020610518 0.684704016
1770731480.153074026 1.921695481 43.059672742 -1.085622625 -0.728969780 0.028303077 -0.009959034 0.683888012
1770731480.452260494 1.936123765 43.466052869 -1.100051604 -0.728039425 0.025340076 -0.018340063 0.684821231
1770731480.855732679 1.980873994 44.020326456 -1.113070909 -0.726128241 0.031473307 -0.024241379 0.686410638
1770731481.251733541 2.036451894 44.551481405 -1.120452209 -0.724044417 0.041077933 -0.021234596 0.688201553
1770731481.753454208 2.102848891 45.215813762 -1.127227146 -0.717405828 0.046560451 -0.036164946 0.694156393
1770731482.150362968 2.178674768 45.761770436 -1.131696780 -0.721366178 0.054295382 -0.037259793 0.689416098
1770731482.451227188 2.228130966 46.177944919 -1.142950717 -0.719960179 0.054689547 -0.043951466 0.690459748
1770731482.968445063 2.330673265 46.875658552 -1.162814308 -0.723315277 0.061500758 -0.046175122 0.686221922
1770731483.349936724 2.415055196 47.392346633 -1.173456794 -0.720494916 0.065310697 -0.048242144 0.688690267
1770731483.749829769 2.492700468 47.951776622 -1.194279717 -0.724985616 0.058645411 -0.040167003 0.685086260
1770731484.249006033 2.578199911 48.651638492 -1.192252294 -0.718153049 0.052042947 -0.027261003 0.693400726
1770731484.650258780 2.639057725 49.196080214 -1.231774027 -0.729857845 0.051940454 -0.032168337 0.680863359
1770731485.248978138 2.709308449 49.839635880 -1.239531837 -0.721908251 0.051370324 -0.033480050 0.689266750
1770731485.647937536 2.785904367 50.389954016 -1.241099135 -0.722325362 0.055013887 -0.034828348 0.688481321
1770731485.949116468 2.850868999 50.845646227 -1.262164833 -0.728124804 0.058913640 -0.034463938 0.682037895
1770731486.248140097 2.904157084 51.251337736 -1.266090851 -0.720106868 0.064894180 -0.038728287 0.689735430
1770731486.647632360 2.935811992 51.655828790 -1.266644188 -0.714666462 0.055560345 -0.037144834 0.696265149
1770731487.343911171 2.895916369 52.258267323 -1.280912069 -0.715807207 -0.016031737 0.025973609 0.697630560
1770731487.848594427 2.773310242 52.676754191 -1.308893781 -0.717247404 -0.084979487 0.080221651 0.686949150
1770731488.546092510 2.565677458 53.050063670 -1.340820167 -0.711894223 -0.156653703 0.131338597 0.671875290
1770731489.146619558 2.332205368 53.323670882 -1.358297176 -0.697970451 -0.218212994 0.186259881 0.656146017
1770731489.754509926 2.150961785 53.549700461 -1.381746034 -0.695320140 -0.258813855 0.265398585 0.615718185
1770731490.447029114 1.875550717 53.656276151 -1.376445765 -0.645188789 -0.319701237 0.329045908 0.610942989
1770731490.945523977 1.703244280 53.667904776 -1.384430876 -0.610141206 -0.356650620 0.371922975 0.601831658
1770731491.545289040 1.423712720 53.704217941 -1.413472314 -0.575865121 -0.421351819 0.423364801 0.558215237
1770731492.143376589 1.210360038 53.687895818 -1.433804436 -0.537945571 -0.464793983 0.471680528 0.521630708
1770731493.046364546 0.873884161 53.602316913 -1.461424633 -0.479068687 -0.527149724 0.528410828 0.461939778
1770731493.744677067 0.598085463 53.474084969 -1.485731712 0.428019786 0.582666882 -0.568184628 -0.393019842
1770731494.260426283 0.570884777 53.401113777 -1.496205970 0.371736218 0.617620592 -0.605107649 -0.337937452
1770731494.942559958 0.557234291 53.300494863 -1.507339380 0.305901386 0.651874876 -0.638920244 -0.270673992
1770731495.538880825 0.530339217 53.160880558 -1.505137808 0.245911184 0.672222452 -0.664969910 -0.213212767
1770731496.142619610 0.491482549 52.970959947 -1.507590597 0.184033254 0.688960087 -0.683046262 -0.157840311
1770731496.740597963 0.487326639 52.785575323 -1.517505475 0.117547958 0.705301320 -0.692121726 -0.098488787
1770731497.543180943 0.435804690 52.534758059 -1.532610629 0.105056006 0.716389098 -0.682885514 -0.097042623
1770731498.041866779 0.404114565 52.322674421 -1.545867087 0.085139978 0.726237910 -0.678377970 -0.071645043
1770731498.842369080 0.336315222 52.000228689 -1.542427521 0.075759852 0.720548267 -0.687479226 -0.049426239
1770731499.340375900 0.381436584 51.908983192 -1.494822510 -0.034463613 -0.688025796 0.723743406 0.040351518
1770731500.040872812 0.313702558 51.499510181 -1.506137699 -0.044410502 -0.702234468 0.710206905 0.022374333
1770731500.341932297 0.285729050 51.135328903 -1.515510822 0.045905297 0.715828769 -0.695956450 -0.033563333
1770731500.843873262 0.221217423 50.686360499 -1.513144616 0.054298391 0.711585795 -0.699417341 -0.038893754
1770731501.240476370 0.182955862 50.376614510 -1.502080319 0.053341458 0.708113115 -0.703130281 -0.036582955
1770731501.635951757 0.143899405 50.053771640 -1.490138104 0.055826641 0.706702656 -0.704795379 -0.026799545
1770731502.340744257 0.094181390 49.567345851 -1.473955372 -0.057380072 -0.704074139 0.707107270 0.031407689
1770731503.139393806 0.017497938 48.988559012 -1.462138896 -0.057504407 -0.703338989 0.707770826 0.032679769
1770731503.638658524 -0.020649215 48.602992254 -1.459161473 0.050840241 0.707507207 -0.704294427 -0.028603884
1770731504.138160706 -0.078571941 48.230479051 -1.455989156 0.060025506 0.708071001 -0.703105970 -0.025969045
1770731504.738550425 -0.132590713 47.793761999 -1.439822538 -0.063758541 -0.704509889 0.706158140 0.030681362
1770731505.339154959 -0.186830602 47.386390640 -1.427236440 -0.071034892 -0.704428300 0.705461850 0.032532946
1770731505.936783552 -0.214818950 47.117510709 -1.417671941 -0.067804059 -0.703694871 0.706547479 0.031730084
1770731506.937215328 -0.271366108 46.570107450 -1.393303717 -0.060201214 -0.701463853 0.709556599 0.029218316
1770731507.537560225 -0.357848042 46.078287496 -1.386081645 0.075998366 0.706358819 -0.702899582 -0.034837395
1770731508.036599636 -0.424863678 45.670764862 -1.365201634 -0.081664521 -0.699585665 0.708338144 0.046560470
1770731508.639559507 -0.508434043 45.148790678 -1.352165404 -0.076200139 -0.702109187 0.706427589 0.046864588
1770731509.135978460 -0.557557079 44.740022545 -1.343198718 0.062789863 0.705235793 -0.705138322 -0.038468901
1770731509.536146402 -0.587122804 44.487180467 -1.331821866 -0.053466238 -0.703364518 0.708272627 0.027741703
1770731510.034944773 -0.600749854 44.178378121 -1.313772421 -0.043193792 -0.702823178 0.709710466 0.022021155
1770731510.738195896 -0.652889918 43.607146971 -1.294453999 -0.046632199 -0.703047105 0.709154732 0.025490628
1770731511.334502220 -0.704406302 43.107629001 -1.283020300 0.050525378 0.706183659 -0.705525756 -0.031388425
1770731511.733389854 -0.750296284 42.734808661 -1.271931044 -0.055933672 -0.704445428 0.706622563 0.036230058
1770731512.342509747 -0.810738014 42.272703700 -1.265997684 0.061774606 0.706970205 -0.703344405 -0.041032626
1770731512.833338261 -0.861010112 41.915740873 -1.254581442 -0.065127752 -0.702554210 0.707707307 0.036418756
1770731513.333519936 -0.904926724 41.553587331 -1.253284060 0.063550394 0.705877000 -0.704998345 -0.026006565
1770731513.832671642 -0.925655911 41.208847395 -1.240918531 -0.051722882 -0.704616024 0.707255690 0.025107566
1770731514.532618761 -0.972331198 40.696225565 -1.235869781 0.046474545 0.707199508 -0.705306794 -0.015852398
1770731515.031858206 -1.014781538 40.299544441 -1.221674199 -0.052560580 -0.704033024 0.707722464 0.026529246
1770731515.432510853 -1.085782041 39.836812310 -1.225907941 0.065035966 0.712033315 -0.698547687 -0.028460685
1770731515.931779385 -1.147560746 39.433252739 -1.208084197 -0.074501244 -0.703436137 0.705880200 0.036882375
1770731516.531733513 -1.209998115 38.948189916 -1.177407358 -0.065023651 -0.698313617 0.712208547 0.029816145
1770731516.825343132 -1.226956514 38.685243929 -1.174903925 -0.054965412 -0.701994953 0.709539830 0.027113065
1770731517.332435608 -1.260943828 38.298634750 -1.157035514 -0.045426422 -0.700926343 0.711368861 0.024352541
1770731517.936326027 -1.339660607 37.696766520 -1.142734650 0.058390223 0.705945081 -0.705241377 -0.029440174
1770731518.429704666 -1.395419971 37.260562516 -1.132989038 -0.063876243 -0.704175346 0.706117572 0.038142916
1770731518.937870026 -1.446068408 36.791328462 -1.128912050 0.055588443 0.709235317 -0.702289763 -0.026158710
1770731519.430902481 -1.493042191 36.362580252 -1.110790286 -0.056797264 -0.701359670 0.709975853 0.028336758
1770731519.837549448 -1.543899918 35.976972301 -1.101554980 -0.061137145 -0.701906446 0.709013232 0.029829965
1770731520.129409075 -1.573062573 35.697533337 -1.091691735 -0.055585558 -0.700433724 0.711052331 0.026597514
1770731520.729321957 -1.623842126 35.152768251 -1.082332581 0.054921571 0.706703373 -0.704954896 -0.024342495
1770731521.229120016 -1.677777426 34.649767424 -1.052580928 -0.060603394 -0.696926369 0.713732939 0.034729773
1770731521.628923893 -1.754833235 34.209230142 -1.044324448 -0.072799060 -0.704476474 0.704810249 0.040690391
1770731522.327032566 -1.858167686 33.627523082 -1.027952153 -0.075639704 -0.704247056 0.704796189 0.039712102
1770731522.828927994 -1.901833075 33.218980106 -1.001865817 -0.061827940 -0.695766651 0.714880626 0.032121085
1770731523.128398180 -1.925101753 32.985051957 -0.990819636 -0.054207196 -0.696559970 0.715058481 0.023604148
1770731523.828016758 -1.942727875 32.453667699 -0.975516122 -0.034154921 -0.702741714 0.710624702 0.000240796
1770731524.526574373 -1.977088873 31.954032219 -0.966354272 0.042077116 0.707031040 -0.705855321 -0.010241560
1770731525.027549982 -2.005905506 31.539743499 -0.945327853 -0.043287582 -0.702744761 0.709775021 0.022257724
1770731525.743105412 -2.088472258 30.891468980 -0.920059020 -0.054913240 -0.704093655 0.707471686 0.026841647
1770731526.130025864 -2.151238758 30.461611318 -0.913281700 0.062399934 0.706134698 -0.704594401 -0.032043204
1770731526.626537085 -2.198866254 30.188761980 -0.898927620 -0.070255542 -0.701285044 0.708544215 0.035050564
1770731527.125645876 -2.221720024 29.906021810 -0.891156782 -0.060850014 -0.700589281 0.709880520 0.039262989
1770731527.625797272 -2.267594765 29.480410912 -0.881090225 -0.049073637 -0.706095026 0.706217495 0.016686569
1770731528.125604391 -2.320152998 29.028279209 -0.869761048 0.056503517 0.708771234 -0.702896229 -0.019687095
1770731528.624149561 -2.371149995 28.586444880 -0.857885514 0.059575258 0.707188348 -0.704022932 -0.026213378
1770731529.331751585 -2.459845411 28.007258357 -0.855695282 0.064930652 0.711668812 -0.698813616 -0.031161559
1770731529.924688816 -2.489173105 27.567329024 -0.837873158 0.044199552 0.708488856 -0.704114949 -0.017665747
1770731530.325619698 -2.511538428 27.251771234 -0.822496797 -0.043106695 -0.706371236 0.706424174 0.012098610
1770731530.923806190 -2.573852762 26.702277323 -0.809528251 0.058672019 0.711777191 -0.699732523 -0.017470565
1770731531.626826048 -2.642468339 26.203466326 -0.795908969 0.069095957 0.709230742 -0.700941883 -0.029966317
1770731532.323021889 -2.697015186 25.761499617 -0.784522960 0.061340880 0.706356037 -0.704767851 -0.024509618
1770731532.922580242 -2.758548571 25.292955459 -0.783644631 0.066421475 0.707184080 -0.703154039 -0.032453999
1770731533.524116039 -2.828482408 24.816630746 -0.767447058 0.078462470 0.704546149 -0.703382987 -0.052064758
1770731533.920052767 -2.876508678 24.528629953 -0.759269435 0.078561168 0.704278672 -0.703694260 -0.051323332
1770731534.620922327 -2.924585558 24.045397425 -0.749021913 0.056794249 0.707520400 -0.703273363 -0.039948389
1770731535.422530890 -2.977895233 23.480366449 -0.733573734 0.051027902 0.712040765 -0.699253587 -0.037927872
1770731536.021851540 -3.033995641 22.995805479 -0.727189215 0.048102022 0.710259461 -0.701531424 -0.032731570
1770731536.621910810 -3.134178602 22.535939856 -0.725316889 0.088621046 0.705701542 -0.700865169 -0.054033859
1770731537.420859814 -3.203794445 22.071741988 -0.705769279 -0.073782396 -0.699070471 0.709690187 0.046866543
1770731537.719626188 -3.207629229 21.846359694 -0.708476060 -0.052762693 -0.702993942 0.708039818 0.041173196
1770731538.221895695 -3.248934119 21.496835947 -0.694805714 -0.051930662 -0.702659990 0.708763234 0.035026037
1770731538.920051813 -3.302353836 20.956892111 -0.681364914 0.045226304 0.706905782 -0.704969810 -0.035445239
1770731539.419454813 -3.337451828 20.534989864 -0.683449309 0.038678128 0.713102950 -0.699433445 -0.027947113
1770731539.918439150 -3.372064838 20.170572986 -0.679347131 0.037135432 0.714828316 -0.698151380 -0.015036261
1770731540.519650459 -3.402734465 19.653804340 -0.658672496 0.036324700 0.710639718 -0.702407951 -0.017169113
1770731540.913878679 -3.435027178 19.275231452 -0.648601017 0.041281612 0.709546259 -0.703128320 -0.021224984
1770731541.217358589 -3.460649211 18.986905901 -0.634500076 -0.043067907 -0.703765113 0.708585040 0.027695902
1770731541.917459011 -3.528647861 18.452293924 -0.611636504 -0.051114420 -0.700339846 0.711261007 0.031924841
1770731542.517611265 -3.586602769 17.901276226 -0.597869009 0.047119033 0.706211261 -0.705813564 -0.029540886
1770731543.115664005 -3.639865389 17.429889986 -0.589012011 0.044573495 0.709321715 -0.702998765 -0.025858176
1770731543.715138435 -3.709776821 16.943699206 -0.591932164 0.059089935 0.707178191 -0.703504420 -0.038586479
1770731544.316593647 -3.774540499 16.497994047 -0.571752001 -0.066628970 -0.697827157 0.711934320 0.041801481
1770731544.715322256 -3.804657970 16.186509560 -0.564965963 -0.061356690 -0.701116332 0.709382563 0.038047672
1770731545.618664503 -3.824633783 15.568351050 -0.547905794 -0.038465183 -0.704454482 0.708291042 0.024251018
1770731546.120452404 -3.879944602 15.175576100 -0.544006194 0.051749131 0.706377385 -0.705280826 -0.030528251
1770731546.916220903 -3.925938351 14.600070460 -0.530008358 0.028842141 0.709834994 -0.703675118 -0.011989181
1770731547.414232731 -3.931017387 14.197018947 -0.536859727 0.020077983 0.713975586 -0.699851502 -0.006603968
1770731547.914274216 -3.966251280 13.806324044 -0.533311581 0.033438634 0.707904119 -0.705254249 -0.019236930
1770731548.412942648 -3.984613611 13.410835527 -0.525048036 -0.038754991 -0.703380910 0.708783017 0.037148105
1770731549.113392830 -4.046269451 12.819146971 -0.510485086 -0.047038147 -0.703813907 0.706936108 0.051717842
1770731549.713444948 -4.110478166 12.321636097 -0.503970001 0.048917196 0.707374996 -0.702828690 -0.057092522
1770731550.512707710 -4.180669232 11.741191605 -0.502785467 0.047708087 0.711898964 -0.698736695 -0.051873262
1770731551.212444544 -4.224337115 11.260153631 -0.493892787 0.043368071 0.710151781 -0.701473502 -0.041696344
1770731551.616517305 -4.249033536 10.982720696 -0.489555834 0.043869990 0.709216092 -0.702339140 -0.042516946
1770731552.512270689 -4.306808703 10.328143162 -0.488530970 0.034939474 0.709958065 -0.702501101 -0.035085348
1770731553.010974407 -4.355682095 9.975723379 -0.485059529 0.037348676 0.714464705 -0.698340342 -0.021587687
1770731553.816076994 -4.398912025 9.359783287 -0.476914925 -0.037990860 -0.706179295 0.706476911 0.027529470
1770731554.410226107 -4.468429716 8.834845171 -0.466924855 0.048513239 0.711225057 -0.700871960 -0.024163600
1770731554.910106182 -4.509125837 8.429297376 -0.449184022 0.052608976 0.708361751 -0.703146934 -0.032253929
1770731555.610901833 -4.574223121 7.876805240 -0.424350278 -0.058491011 -0.703540354 0.706936836 0.043012568
1770731556.312723398 -4.633687585 7.284201542 -0.407113841 -0.047062533 -0.703727485 0.708023448 0.035433636
1770731556.708453894 -4.651255818 6.928380840 -0.397978253 -0.033055339 -0.706069477 0.706881575 0.026299772
1770731557.109391689 -4.676524652 6.598172750 -0.389090421 -0.032694356 -0.703645253 0.709381560 0.024335988
1770731557.506529570 -4.702268693 6.300336895 -0.366464675 -0.036055590 -0.696836828 0.715774140 0.028032325
1770731559.305121422 -4.901858215 4.959882304 -0.280858823 -0.056744363 -0.669868067 0.740213592 0.011861231
1770731560.404387474 -4.789490286 4.162867894 -0.285625156 0.031578145 -0.699276208 0.711941625 -0.056166966
1770731561.304566860 -4.592634108 3.738355474 -0.308577828 -0.112358444 0.704172368 -0.691434231 0.115911865
1770731562.803632259 -4.214474950 2.999668470 -0.308075019 -0.143685793 0.698317652 -0.686003631 0.145278588
1770731563.802694082 -3.961632063 2.269526433 -0.336253264 -0.121727836 0.700326826 -0.689915699 0.136897768
1770731564.502247334 -3.733063367 1.982381757 -0.330492304 0.176765865 -0.683245341 0.685476278 -0.179030459
1770731565.101383924 -3.427914993 1.727223044 -0.350689253 -0.253407700 0.671266832 -0.652962326 0.242539850
1770731565.601165533 -3.237149265 1.615208598 -0.374853217 -0.306260799 0.650800883 -0.624576818 0.304247156
1770731566.197646141 -3.039195714 1.577223307 -0.399390762 -0.368175299 0.625865013 -0.587644388 0.356950988
1770731566.902261496 -2.845130490 1.584793711 -0.417508592 -0.422722671 0.587777819 -0.550372818 0.415827537
1770731567.600380421 -2.721734103 1.622887632 -0.434536983 -0.471534330 0.545643101 -0.512652043 0.465958008
1770731568.401573181 -2.592917741 1.682891686 -0.447980047 -0.510758490 0.510783665 -0.468067373 0.509056723
1770731569.199484825 -2.382279908 1.799010765 -0.457575259 -0.553456943 0.459439337 -0.428440558 0.546845130
1770731569.799995422 -2.273813307 1.923068045 -0.482188334 -0.596088608 0.392060361 -0.378637190 0.589576902
1770731570.400584221 -2.205284666 2.020115122 -0.516245637 -0.636316844 0.347607072 -0.311099300 0.614400051
1770731571.099958420 -2.210086521 2.084595483 -0.537261499 -0.664326130 0.290549999 -0.254594406 0.639869658
1770731573.193945169 -2.249831289 2.168495415 -0.560334634 -0.673476428 0.235775480 -0.224702360 0.663587427
1770731574.594523191 -2.301980642 2.268657645 -0.582093996 -0.684338079 0.181348697 -0.175127943 0.684196059
1770731575.697595596 -2.312282065 2.372645432 -0.595329159 -0.691048517 0.128361286 -0.107623243 0.703130546
1770731576.897182941 -2.373499943 2.421155877 -0.608089402 -0.694901548 0.070937560 -0.049970710 0.713850565
1770731579.498326540 -2.394248114 3.055017412 -0.630672309 -0.718180271 -0.001913333 0.022244173 0.695498839
1770731580.894572258 -2.328779808 3.242150844 -0.631024207 -0.719467588 0.054787901 -0.032787872 0.691584870
