1703614216.139883 0.996368 2.296853 67.051437 -0.480093 -0.511448 0.479321 0.527430
1703614228.615824 0.518243 2.268171 67.199821 -0.474787 -0.511206 0.484816 0.527446
1703614229.616535 -0.753626 2.156206 67.533737 -0.467428 -0.518294 0.489555 0.522703
1703614230.683978 -2.455528 1.984498 67.980690 -0.463723 -0.525621 0.484814 0.523105
1703614231.751420 -4.048446 1.798349 68.397995 -0.454410 -0.535594 0.485166 0.520831
1703614232.818845 -5.327710 1.688918 68.744484 -0.455756 -0.537186 0.478765 0.523928
1703614233.819594 -6.204304 1.616740 68.971771 -0.458017 -0.539689 0.475649 0.522221
1703614234.820334 -6.951591 1.547992 69.161903 -0.460104 -0.543476 0.468276 0.523121
1703614235.821100 -7.647611 1.514470 69.358101 -0.463674 -0.543316 0.461728 0.525948
1703614236.821903 -8.507229 1.473113 69.575432 -0.468204 -0.544543 0.454748 0.526746
1703614237.889629 -9.454741 1.388082 69.795540 -0.465557 -0.556457 0.448493 0.521984
1703614238.890792 -10.439827 1.259189 70.011131 -0.461259 -0.570332 0.442997 0.515476
1703614240.091594 -11.584225 1.141007 70.268204 -0.460091 -0.576981 0.440234 0.511472
1703614241.158985 -12.529100 1.008878 70.452385 -0.455045 -0.590548 0.434901 0.505023
1703614242.226387 -13.337728 0.909047 70.591820 0.455408 0.600083 -0.431190 -0.496567
1703614243.227067 -14.087664 0.844677 70.719833 0.461708 0.604549 -0.420395 -0.494585
1703614244.227689 -14.774918 0.715096 70.794960 0.454663 0.624978 -0.415163 -0.479920
1703614245.228440 -15.527391 0.629093 70.859459 0.457783 0.630348 -0.405295 -0.478363
1703614246.229118 -16.394661 0.515703 70.909622 0.457992 0.643427 -0.393842 -0.470249
1703614247.296458 -17.399694 0.404759 70.960579 0.459404 0.649961 -0.385900 -0.466454
1703614248.297076 -18.365860 0.320060 70.966354 0.463880 0.656324 -0.369007 -0.466786
1703614249.297708 -19.318399 0.193372 70.955528 0.460617 0.667527 -0.366415 -0.456047
1703614250.298461 -20.212601 0.014227 70.909714 0.453806 0.681410 -0.364786 -0.443477
1703614251.299176 -21.034990 -0.131814 70.855202 0.450966 0.691890 -0.354956 -0.438092
1703614252.299848 -21.890186 -0.367404 70.747955 0.436235 0.713331 -0.351322 -0.421226
1703614253.300476 -22.794754 -0.576639 70.638329 0.431997 0.722334 -0.345490 -0.415028
1703614254.434886 -23.847841 -0.883598 70.462349 0.420904 0.736504 -0.343624 -0.402895
1703614255.435615 -24.757549 -1.148184 70.301064 0.413804 0.746382 -0.338030 -0.396756
1703614256.436302 -25.625441 -1.435120 70.135628 0.406388 0.754370 -0.334440 -0.392333
1703614257.436995 -26.402424 -1.695499 69.956284 0.400103 0.761870 -0.332960 -0.385500
1703614258.504417 -27.192696 -1.941117 69.791237 0.398877 0.766411 -0.330896 -0.379498
1703614259.505106 -28.012850 -2.226871 69.590790 0.394612 0.772395 -0.327419 -0.374811
1703614260.572462 -28.945473 -2.563635 69.351570 0.390237 0.777410 -0.326025 -0.370212
1703614261.573250 -29.825323 -2.955986 69.108246 0.377782 0.786592 -0.328017 -0.361883
1703614262.573913 -30.657574 -3.353683 68.835815 0.370323 0.796943 -0.328005 -0.346636
1703614263.574615 -31.411652 -3.698905 68.615288 0.365272 0.799891 -0.324578 -0.348426
1703614264.575314 -32.161793 -4.027295 68.376488 0.360664 0.801511 -0.318495 -0.355054
1703614265.575929 -32.945271 -4.390849 68.143318 0.354871 0.804264 -0.317353 -0.355687
1703614266.576737 -33.757164 -4.796953 67.892906 0.348484 0.805683 -0.316445 -0.359578
1703614267.577507 -34.586422 -5.164674 67.682526 0.348476 0.800442 -0.312808 -0.374176
1703614268.578247 -35.364033 -5.548399 67.444244 0.338140 0.805946 -0.309619 -0.374498
1703614269.578972 -36.121151 -5.849396 67.260506 0.343645 0.799767 -0.303435 -0.387567
1703614270.579688 -36.893784 -6.198857 67.062630 0.342466 0.802558 -0.294084 -0.390042
1703614271.580389 -37.755730 -6.494956 66.861832 0.348970 0.793286 -0.285349 -0.409259
1703614272.581079 -38.607693 -6.794621 66.659492 0.348837 0.788105 -0.283599 -0.420447
1703614273.581764 -39.439121 -7.089626 66.488083 0.352507 0.783498 -0.281658 -0.427245
1703614274.715866 -40.349945 -7.344053 66.325142 0.360990 0.772911 -0.273193 -0.444589
1703614275.716535 -41.191334 -7.536696 66.192932 0.371872 0.759903 -0.263330 -0.463591
1703614276.717195 -42.099300 -7.775842 66.036804 0.366233 0.764811 -0.268987 -0.456709
1703614277.851278 -43.158955 -8.085023 65.817780 0.363509 0.768504 -0.271311 -0.451279
1703614278.851921 -44.056053 -8.376760 65.634789 0.357571 0.772546 -0.276084 -0.446199
1703614279.852582 -44.946095 -8.663984 65.454445 0.353933 0.778628 -0.272026 -0.440990
1703614280.919955 -45.866405 -8.893808 65.301582 0.357135 0.771716 -0.277024 -0.447400
1703614281.920602 -46.778770 -9.127994 65.159492 0.377178 0.749354 -0.253877 -0.481406
1703614282.921306 -47.721706 -9.219387 65.064438 -0.405019 -0.716170 0.239544 0.515441
1703614283.922034 -48.655479 -9.322286 64.956375 -0.398396 -0.719998 0.244496 0.512937
1703614284.922760 -49.592064 -9.307200 64.966438 -0.408791 -0.702759 0.235524 0.532492
1703614285.923503 -50.467354 -9.367074 64.937782 -0.406976 -0.700502 0.240615 0.534577
1703614286.924248 -51.326427 -9.420794 64.915619 -0.409007 -0.701967 0.241391 0.530742
1703614287.924977 -52.130051 -9.477796 64.835503 -0.407170 -0.704113 0.241236 0.529380
1703614288.925697 -52.947800 -9.549840 64.789154 -0.404029 -0.704141 0.246068 0.529524
1703614289.926454 -53.791103 -9.689054 64.730965 -0.395329 -0.708721 0.245750 0.530129
1703614290.993946 -54.782127 -9.764270 64.709610 -0.401410 -0.708530 0.241878 0.527589
1703614291.994696 -55.699020 -9.912522 64.620201 -0.391623 -0.715880 0.245594 0.523289
1703614293.128868 -56.706085 -10.025758 64.551109 -0.387626 -0.717268 0.249474 0.522528
1703614294.129602 -57.590794 -10.124537 64.509514 -0.385954 -0.716899 0.246433 0.525706
1703614295.130330 -58.460350 -10.170785 64.504723 -0.392599 -0.708480 0.240592 0.534825
1703614296.197771 -59.416927 -10.328517 64.421753 -0.381354 -0.717147 0.247849 0.528053
1703614297.198493 -60.339321 -10.470715 64.352745 -0.375075 -0.720399 0.252126 0.526096
1703614298.199224 -61.274223 -10.613818 64.315239 -0.375499 -0.722158 0.254335 0.522304
1703614299.266674 -62.275517 -10.789886 64.248367 -0.372779 -0.729129 0.252229 0.515546
1703614300.267410 -63.154655 -10.944740 64.196442 -0.369728 -0.733295 0.254380 0.510754
1703614301.268147 -63.956825 -10.660387 64.299500 -0.510797 -0.560057 0.164959 0.631040
1703614302.268900 -64.714493 -10.346068 64.418251 -0.512931 -0.551266 0.162481 0.637657
1703614303.336613 -65.628609 -9.984660 64.555901 -0.513634 -0.552166 0.161458 0.636572
1703614304.337742 -66.585022 -9.673944 64.664803 -0.512848 -0.559748 0.158425 0.631325
1703614305.338525 -67.526917 -9.379758 64.758232 -0.508729 -0.568904 0.163011 0.625276
1703614306.339163 -68.395859 -9.123883 64.841469 -0.507245 -0.576441 0.162988 0.619559
1703614307.339823 -69.186852 -8.907780 64.881630 -0.502389 -0.580254 0.165112 0.619393
1703614308.340466 -69.955246 -8.684804 64.945465 -0.502113 -0.585175 0.165746 0.614801
1703614309.485963 -70.808052 -8.381160 65.001045 -0.501025 -0.582262 0.167233 0.618044
1703614310.488906 -71.693344 -8.129517 65.068100 -0.503258 -0.585254 0.161354 0.614958
1703614311.554618 -72.687157 -7.782933 65.175751 -0.507029 -0.582291 0.158437 0.615432
1703614312.620299 -73.709442 -7.426814 65.291702 -0.506041 -0.571560 0.155851 0.626859
1703614313.686020 -74.733261 -7.176683 65.338776 -0.499458 -0.586200 0.158734 0.617831
1703614314.751787 -75.660538 -6.900389 65.379700 -0.496408 -0.588981 0.164568 0.616115
1703614315.817481 -76.584549 -6.655954 65.414658 -0.496427 -0.593891 0.160291 0.612504
1703614316.883262 -77.525818 -6.419227 65.458656 -0.497409 -0.596285 0.159122 0.609679
1703614317.949057 -78.458122 -6.166966 65.498894 -0.493480 -0.597406 0.162527 0.610875
1703614319.014911 -79.370575 -5.991341 65.507118 -0.485982 -0.604348 0.165100 0.609365
1703614320.080963 -80.178047 -5.810668 65.520332 -0.483143 -0.607154 0.167989 0.608044
1703614321.146992 -80.956444 -5.592581 65.558525 -0.482477 -0.608052 0.171022 0.606828
1703614322.212849 -81.745651 -5.393430 65.586632 -0.483471 -0.601841 0.170679 0.612300
1703614323.278709 -82.641212 -5.151891 65.652664 -0.486671 -0.593254 0.165254 0.619591
1703614324.344567 -83.585045 -4.863209 65.739510 -0.491336 -0.587507 0.165440 0.621333
1703614325.349137 -84.550011 -4.611157 65.794754 -0.486358 -0.591270 0.165546 0.621651
1703614326.352938 -85.556808 -4.407897 65.838326 -0.478543 -0.605436 0.175329 0.611313
1703614327.355683 -86.517586 -4.183101 65.922775 -0.479342 -0.604735 0.174435 0.611637
1703614328.424547 -87.433960 -3.935650 66.003151 -0.477815 -0.599272 0.172164 0.618810
1703614329.424910 -88.316841 -3.727319 66.067429 -0.477236 -0.600290 0.173290 0.617955
1703614330.425284 -89.229477 -3.565964 66.074707 -0.472576 -0.613473 0.176306 0.607651
1703614331.425637 -90.107758 -3.377013 66.085732 -0.468103 -0.610083 0.179151 0.613664
1703614332.425984 -90.974991 -3.234298 66.150986 -0.467170 -0.621493 0.182062 0.601957
1703614333.426350 -91.737816 -3.089108 66.152283 -0.463363 -0.625416 0.185543 0.599770
1703614334.426718 -92.487770 -2.927331 66.194298 -0.464317 -0.621574 0.184070 0.603469
1703614335.427082 -93.278732 -2.781965 66.246895 -0.468644 -0.617238 0.180358 0.605691
1703614336.427435 -94.137726 -2.647646 66.271645 -0.466545 -0.619717 0.180210 0.604824
1703614337.427785 -95.023094 -2.475654 66.303017 -0.465949 -0.621075 0.179447 0.604116
1703614338.428138 -95.948250 -2.337648 66.336800 -0.460674 -0.621644 0.180625 0.607218
1703614339.495173 -96.951012 -2.153014 66.371368 -0.460550 -0.623755 0.184184 0.604069
1703614340.495512 -97.945747 -2.006646 66.401749 -0.453952 -0.628918 0.183648 0.603873
1703614341.495851 -98.970062 -1.902735 66.413696 -0.448970 -0.637289 0.180895 0.599638
1703614342.496187 -99.972588 -1.757671 66.406227 -0.445711 -0.637937 0.180732 0.601427
1703614343.497952 -100.915489 -1.653808 66.426437 -0.444157 -0.639110 0.176932 0.602460
1703614344.499286 -101.783089 -1.516911 66.476936 -0.442943 -0.634892 0.175107 0.608319
1703614345.499993 -102.598816 -1.416001 66.510040 -0.442331 -0.633957 0.172742 0.610411
1703614346.500712 -103.362839 -1.305807 66.531075 -0.440605 -0.631241 0.174067 0.614087
1703614347.501425 -104.123772 -1.171219 66.528694 -0.434867 -0.628274 0.174342 0.621102
1703614348.502146 -104.990089 -1.056096 66.562256 -0.435180 -0.633858 0.176705 0.614506
1703614349.502866 -105.909309 -0.927127 66.593643 -0.434239 -0.632799 0.176643 0.616279
1703614350.570301 -106.963943 -0.724957 66.709152 -0.443697 -0.619555 0.185948 0.620249
1703614351.571181 -108.019470 -0.604163 66.743797 -0.435082 -0.624658 0.187238 0.620845
1703614352.571942 -109.066719 -0.513169 66.781067 -0.435655 -0.637491 0.192237 0.605685
1703614353.572634 -110.076355 -0.449073 66.773361 -0.428649 -0.645585 0.192554 0.602000
1703614354.573411 -110.993057 -0.366757 66.813812 -0.428705 -0.641146 0.198929 0.604625
1703614355.574138 -111.879150 -0.336454 66.825371 -0.425072 -0.646241 0.191756 0.604083
1703614356.574835 -112.686928 -0.170537 66.906868 -0.431655 -0.630337 0.188950 0.616965
1703614357.575530 -113.538445 -0.071458 66.973083 -0.427904 -0.633663 0.184106 0.617636
1703614358.576222 -114.452126 0.008834 67.028572 -0.427301 -0.637936 0.179908 0.614886
1703614359.576919 -115.421341 0.068839 67.039444 -0.418793 -0.646854 0.177801 0.612029
1703614360.577614 -116.327263 0.169469 67.090370 -0.415944 -0.644338 0.180880 0.615712
1703614361.578321 -117.232315 0.226885 67.094849 -0.408638 -0.648671 0.181567 0.615852
1703614362.579031 -118.103691 0.283395 67.139450 -0.410553 -0.651190 0.182949 0.611497
1703614363.579686 -118.971100 0.388234 67.235252 -0.417862 -0.641849 0.179194 0.617504
1703614364.580381 -119.758469 0.473671 67.270020 -0.413692 -0.641675 0.184603 0.618897
1703614365.581084 -120.594925 0.478088 67.273285 -0.407767 -0.655594 0.184689 0.608122
1703614366.581747 -121.430092 0.509173 67.278145 -0.404069 -0.658794 0.188062 0.606096
1703614367.582529 -122.320580 0.531844 67.280334 -0.405449 -0.660761 0.186582 0.603485
1703614368.583283 -123.238670 0.550394 67.234612 -0.396746 -0.667285 0.193199 0.599998
1703614369.583997 -124.235756 0.555698 67.252136 -0.398714 -0.674642 0.191251 0.591023
1703614370.584757 -125.227242 0.615887 67.290024 -0.399763 -0.665838 0.187281 0.601477
1703614371.652225 -126.298042 0.666572 67.341202 -0.405005 -0.664301 0.182496 0.601140
1703614372.652968 -127.278061 0.703555 67.328293 -0.402774 -0.665742 0.182885 0.600927
1703614373.653694 -128.215836 0.769349 67.350266 -0.402573 -0.660483 0.180416 0.607576
1703614374.654413 -129.111755 0.785409 67.372345 -0.396134 -0.660789 0.180663 0.611389
1703614375.655209 -129.991196 0.830095 67.393593 -0.396859 -0.658529 0.183070 0.612640
1703614376.655945 -130.876144 0.906885 67.428352 -0.396827 -0.652435 0.182991 0.619170
1703614377.656677 -131.779266 0.956146 67.477280 -0.394899 -0.654649 0.189408 0.616128
1703614378.657401 -132.702744 0.996680 67.528656 -0.396966 -0.654423 0.186149 0.616033
1703614379.658093 -133.635376 1.060827 67.583931 -0.391078 -0.649891 0.187888 0.624017
1703614380.658815 -134.568390 1.060414 67.589462 -0.386862 -0.662973 0.197350 0.609801
1703614381.659530 -135.525986 1.051261 67.584778 -0.376888 -0.666236 0.196681 0.612700
1703614382.660227 -136.484222 1.099669 67.633217 -0.377202 -0.662269 0.198445 0.616229
1703614383.660949 -137.441360 1.152067 67.712387 -0.378778 -0.651510 0.197050 0.627083
1703614384.661649 -138.369873 1.132053 67.753105 -0.370416 -0.660366 0.201189 0.621476
1703614385.662341 -139.248764 1.175624 67.897385 -0.380869 -0.652969 0.197843 0.624042
1703614386.663030 -140.046082 1.140864 67.892769 -0.371907 -0.659559 0.199104 0.622113
1703614387.663714 -140.813660 1.148333 67.978310 -0.379427 -0.657720 0.197198 0.620123
1703614388.664411 -141.625626 1.130157 68.018105 -0.375450 -0.658131 0.190872 0.624074
1703614389.731821 -142.528534 1.179042 68.061005 -0.372716 -0.660452 0.198954 0.620728
1703614390.732519 -143.544693 1.174275 68.141647 -0.371679 -0.661490 0.194294 0.621721
1703614391.733276 -144.586533 1.163988 68.232124 -0.364748 -0.663572 0.203098 0.620791
1703614392.733986 -145.613205 1.092376 68.226204 -0.353161 -0.673604 0.207003 0.615373
1703614393.734635 -146.573532 1.096016 68.266792 -0.352423 -0.672449 0.209190 0.616319
1703614394.735341 -147.529770 0.987248 68.290741 -0.344500 -0.680112 0.202321 0.614681
1703614395.736062 -148.429138 0.958347 68.389069 -0.348517 -0.674056 0.203848 0.618572
1703614396.736791 -149.248611 0.888343 68.429749 -0.340736 -0.670596 0.204356 0.626449
1703614397.737513 -150.025833 0.867960 68.466431 -0.341738 -0.667922 0.204766 0.628622
1703614398.738244 -150.886032 0.794786 68.514626 -0.342221 -0.670855 0.206502 0.624656
1703614399.805708 -151.794571 0.690117 68.587723 -0.337088 -0.676069 0.213983 0.619285
1703614400.806443 -152.758835 0.652180 68.655830 -0.348029 -0.675322 0.213599 0.614159
1703614401.807180 -153.766235 0.572849 68.723373 -0.351429 -0.677748 0.206762 0.611887
1703614402.807914 -154.760880 0.480307 68.775894 -0.340469 -0.668940 0.207075 0.627471
1703614403.808642 -155.741104 0.414105 68.822479 -0.341016 -0.678634 0.214489 0.614132
1703614404.809374 -156.561340 0.175592 68.745842 -0.325387 -0.709008 0.220814 0.585382
1703614405.876829 -157.343628 -0.184076 68.487442 -0.295029 -0.752960 0.221597 0.544889
1703614406.877570 -158.037994 -0.521687 68.244980 -0.267923 -0.779241 0.227129 0.519050
1703614407.878314 -158.937256 -0.661532 68.207520 -0.279154 -0.754475 0.225588 0.549500
1703614408.879048 -159.887543 -0.423664 68.564072 -0.332858 -0.664590 0.207883 0.635854
1703614409.879737 -160.510559 0.187055 69.236633 -0.397154 -0.527077 0.194041 0.725815
1703614410.880478 -160.802719 0.724820 69.782608 -0.437126 -0.418019 0.174550 0.776990
1703614411.881209 -160.896179 1.228544 70.252968 -0.469363 -0.324730 0.151603 0.807010
1703614412.881932 -160.776382 1.920434 70.835258 -0.495079 -0.188758 0.123476 0.839059
1703614413.882591 -160.274750 2.639386 71.431152 -0.518203 -0.022555 0.082350 0.850985
1703614414.883315 -159.321823 3.309800 71.921036 -0.520885 0.173866 0.032363 0.835106
1703614415.884046 -158.157227 3.697242 72.044670 -0.503024 0.347181 -0.018622 0.791256
1703614416.884779 -156.945099 3.774118 71.859497 -0.467444 0.503423 -0.054451 0.724635
1703614417.885503 -155.807617 3.760383 71.616508 -0.431360 0.608200 -0.098516 0.659027
1703614418.886235 -154.683411 3.881355 71.510010 -0.423326 0.642917 -0.102633 0.630016
1703614419.886967 -153.490448 4.119969 71.505424 -0.426627 0.639475 -0.094532 0.632554
1703614420.887699 -152.301819 4.290757 71.475723 -0.417392 0.646373 -0.109811 0.629227
1703614421.888431 -151.064636 4.240571 71.273506 -0.400250 0.686600 -0.124385 0.594061
1703614422.889166 -149.951569 4.343842 71.206474 -0.399799 0.686899 -0.125652 0.593752
1703614423.889892 -148.933517 4.454898 71.216393 -0.408532 0.675156 -0.123468 0.601683
1703614424.890619 -148.126587 4.501098 71.136276 -0.399406 0.681086 -0.131020 0.599525
1703614425.891346 -147.314484 4.515604 71.032249 -0.389322 0.695367 -0.140700 0.587450
1703614426.892079 -146.540680 4.503653 70.983780 -0.391151 0.696201 -0.142093 0.584906
1703614427.892810 -145.767960 4.563433 70.957512 -0.395792 0.687367 -0.135292 0.593776
1703614428.893536 -144.895569 4.641502 70.915085 -0.397843 0.680147 -0.133701 0.601036
1703614429.894229 -143.935944 4.709432 70.889130 -0.395465 0.676651 -0.135777 0.606066
1703614430.894927 -142.917343 4.784088 70.848778 -0.392019 0.675797 -0.145223 0.607067
1703614431.895658 -141.884171 4.808670 70.811081 -0.393050 0.680497 -0.135373 0.603414
1703614432.896394 -140.951492 4.747818 70.734138 -0.383965 0.692090 -0.144797 0.593814
1703614433.963821 -140.054535 4.829139 70.738914 -0.389798 0.680725 -0.150423 0.601701
1703614434.964555 -139.281342 4.897466 70.693924 -0.389758 0.678148 -0.144426 0.606090
1703614435.965287 -138.517426 4.913631 70.695793 -0.389332 0.673898 -0.147395 0.610374
1703614436.965986 -137.686462 4.990772 70.694695 -0.384390 0.670110 -0.153635 0.616111
1703614437.966727 -136.728531 5.009460 70.696854 -0.393158 0.671800 -0.146367 0.610482
1703614438.967448 -135.867126 4.972731 70.690132 -0.383263 0.676855 -0.159246 0.607963
1703614439.968211 -134.963593 4.984543 70.666748 -0.385341 0.675145 -0.152457 0.610285
1703614440.968948 -134.110596 5.060084 70.673225 -0.394365 0.667866 -0.146792 0.613908
1703614441.969680 -133.230179 5.100075 70.676918 -0.392966 0.667279 -0.150951 0.614435
1703614442.970417 -132.285889 5.179188 70.711731 -0.394847 0.661280 -0.159142 0.617639
1703614443.971157 -131.310333 5.264463 70.750244 -0.391191 0.656147 -0.164516 0.624000
1703614444.971892 -130.293427 5.321500 70.849823 -0.399204 0.652297 -0.161438 0.623765
1703614445.972641 -129.325119 5.340678 70.851242 -0.394738 0.658176 -0.157938 0.621322
1703614446.973363 -128.399323 5.384881 70.879990 -0.391324 0.656639 -0.160124 0.624540
1703614447.974082 -127.557396 5.432429 70.952621 -0.391419 0.651072 -0.160090 0.630292
1703614448.974862 -126.715286 5.498261 71.009842 -0.393900 0.652088 -0.161295 0.627382
1703614449.975584 -125.918938 5.559384 71.045517 -0.394579 0.648404 -0.162778 0.630384
1703614450.976305 -125.068367 5.613903 71.107658 -0.399654 0.652429 -0.168814 0.621382
1703614451.977005 -124.183266 5.654363 71.094368 -0.388336 0.652155 -0.172422 0.627821
1703614452.977707 -123.161354 5.705552 71.166618 -0.395269 0.647755 -0.171552 0.628288
1703614453.978422 -122.143600 5.706089 71.219467 -0.387975 0.655023 -0.179846 0.622957
1703614454.979124 -121.139961 5.663865 71.297890 -0.384315 0.656252 -0.179569 0.624011
1703614455.979969 -120.338951 5.749931 71.370918 -0.381657 0.649563 -0.184895 0.631046
1703614456.980639 -119.632591 5.798812 71.467819 -0.388569 0.643353 -0.178307 0.635073
1703614457.981351 -118.921005 5.862444 71.556602 -0.393731 0.638770 -0.177576 0.636723
1703614458.982044 -118.110413 5.911314 71.650497 -0.398310 0.637564 -0.177263 0.635168
1703614459.982737 -117.192184 5.938366 71.715874 -0.393821 0.642695 -0.182436 0.631321
1703614460.983430 -116.223549 5.974361 71.769470 -0.391414 0.641889 -0.189688 0.631500
1703614461.984139 -115.286484 5.987472 71.874359 -0.393023 0.644824 -0.190024 0.627396
1703614462.984847 -114.360336 6.010904 71.972221 -0.396097 0.646242 -0.193358 0.622970
1703614463.985566 -113.443993 6.000454 71.994492 -0.389079 0.651296 -0.196707 0.621077
1703614464.986304 -112.544998 6.069875 72.095741 -0.389378 0.641706 -0.199772 0.629832
1703614465.987010 -111.611305 6.068821 72.179550 -0.389304 0.640904 -0.195851 0.631924
1703614467.054434 -110.705612 6.111063 72.291100 -0.390984 0.638631 -0.200566 0.631708
1703614468.055137 -109.865578 6.118899 72.360733 -0.390254 0.634136 -0.201945 0.636232
1703614469.189283 -108.955574 6.121222 72.478378 -0.392380 0.641177 -0.202017 0.627790
1703614470.190001 -108.199524 6.153936 72.545860 -0.387749 0.642493 -0.207607 0.627497
1703614471.190731 -107.383316 6.171404 72.644882 -0.389415 0.637648 -0.208282 0.631174
1703614472.191512 -106.465370 6.139390 72.725616 -0.389951 0.643328 -0.209572 0.624617
1703614473.192225 -105.527832 6.174933 72.834991 -0.389527 0.634349 -0.208735 0.634271
1703614474.192958 -104.568069 6.199264 72.982529 -0.392943 0.629668 -0.207331 0.637281
1703614475.193687 -103.558678 6.280923 73.155983 -0.397054 0.621115 -0.206915 0.643234
1703614476.194413 -102.570633 6.322555 73.278801 -0.394094 0.611243 -0.204286 0.655240
1703614477.195141 -101.634010 6.356241 73.443275 -0.389424 0.614512 -0.209067 0.653464
1703614478.195855 -100.781288 6.375118 73.580101 -0.388923 0.614829 -0.219224 0.650127
1703614479.196546 -99.952232 6.440472 73.736374 -0.391937 0.609136 -0.217738 0.654162
1703614480.197278 -99.143204 6.434566 73.876579 -0.389516 0.615520 -0.221221 0.648440
1703614481.198009 -98.342430 6.438909 73.992424 -0.380508 0.614510 -0.230051 0.651666
1703614482.198735 -97.513184 6.472974 74.174957 -0.387013 0.608657 -0.230231 0.653262
1703614483.199460 -96.672806 6.445205 74.316551 -0.384975 0.614698 -0.227595 0.649723
1703614484.200189 -95.824944 6.451555 74.437714 -0.381411 0.618745 -0.233227 0.645977
1703614485.335928 -94.827095 6.456525 74.635063 -0.385147 0.612317 -0.228836 0.651432
1703614486.342489 -93.922295 6.477348 74.805038 -0.387495 0.605106 -0.226096 0.657704
1703614487.409114 -92.929268 6.576536 75.058952 -0.394097 0.588205 -0.226427 0.668904
1703614488.475743 -91.865967 6.592461 75.258896 -0.385959 0.592973 -0.230667 0.667990
1703614489.542363 -90.811142 6.682048 75.546822 -0.390684 0.581700 -0.234528 0.673786
1703614490.608977 -89.811546 6.685355 75.781464 -0.387842 0.591921 -0.238163 0.665197
1703614491.609030 -88.959801 6.706135 75.992035 -0.385349 0.589368 -0.241262 0.667791
1703614492.609094 -88.137985 6.716237 76.210594 -0.386062 0.593955 -0.242209 0.662954
1703614493.675734 -87.297592 6.712787 76.389626 -0.381208 0.593268 -0.244422 0.665561
1703614494.742357 -86.466049 6.744011 76.632812 -0.381851 0.589476 -0.245906 0.668011
1703614495.875640 -85.490280 6.799723 76.930405 -0.393028 0.580816 -0.240394 0.671113
1703614496.942272 -84.515045 6.820973 77.174385 -0.392186 0.582466 -0.240941 0.669979
1703614498.008858 -83.539062 6.881013 77.442726 -0.393404 0.579595 -0.240825 0.671793
1703614499.075475 -82.617249 6.948370 77.693619 -0.393969 0.571344 -0.244384 0.677222
1703614500.142100 -81.660843 6.997170 77.959152 -0.387341 0.572323 -0.246436 0.679472
1703614501.209012 -80.721451 7.073420 78.243530 -0.384371 0.575661 -0.253187 0.675847
1703614502.213263 -79.844429 7.100404 78.504013 -0.385689 0.569989 -0.248137 0.681751
1703614503.213990 -78.963669 7.152525 78.755188 -0.381410 0.568869 -0.253054 0.683285
1703614504.214712 -78.115486 7.119077 78.988197 -0.377341 0.576718 -0.258875 0.676753
1703614505.215400 -77.309074 7.122979 79.226639 -0.376495 0.571153 -0.259990 0.681500
1703614506.282831 -76.376144 7.138453 79.534790 -0.383283 0.569115 -0.253748 0.681773
1703614507.283560 -75.511040 7.245898 79.879593 -0.393975 0.550485 -0.251264 0.691821
1703614508.284312 -74.647591 7.314712 80.210472 -0.392715 0.545428 -0.246548 0.698210
1703614509.285055 -73.800926 7.401282 80.489372 -0.390754 0.545840 -0.250174 0.697698
1703614510.285801 -73.008240 7.489186 80.797256 -0.393816 0.534158 -0.243995 0.707143
1703614511.286544 -72.198669 7.584297 81.084473 -0.388625 0.534072 -0.249693 0.708090
1703614512.287289 -71.335442 7.583747 81.376877 -0.382320 0.548084 -0.256721 0.698233
1703614513.288038 -70.444580 7.627316 81.704323 -0.383487 0.549548 -0.257897 0.696006
1703614514.288760 -69.541946 7.708458 82.055107 -0.383464 0.544304 -0.263103 0.698188
1703614515.289508 -68.618172 7.762295 82.399200 -0.381923 0.542404 -0.264463 0.699995
