1783069468179227815
1783069468313035815
1783069468380157815
1783069468514311815
1783069468581171815
1783069468715156815
1783069468782045815
1783069468915994815
1783069468983055815
1783069469117119815
1783069469184182815
1783069469318060815
1783069469384944815
1783069469518840815
1783069469585920815
1783069469719969815
1783069469786943815
1783069469920963815
1783069469987918815
1783069470121772815
1783069470188972815
1783069470323020815
1783069470389903815
1783069470523923815
1783069470590789815
1783069470724654815
1783069470791814815
1783069470925837815
1783069470992739815
1783069471126809815
1783069471193619815
1783069471327471815
1783069471394699815
1783069471528673815
1783069471595687815
1783069471729658815
1783069471796491815
1783069471930398815
1783069471997564815
1783069472131511815
1783069472198479815
1783069472332577815
1783069472399420815
1783069472533244815
1783069472600413815
1783069472734425815
1783069472801420815
1783069472935426815
1783069473002372815
1783069473136252815
1783069473203300815
1783069473337373815
1783069473404337815
1783069473538330815
1783069473605267815
1783069473739232815
1783069473806253815
1783069473940250815
1783069474007279815
1783069474141265815
1783069474208114815
1783069474342161815
1783069474409139815
1783069474543160815
1783069474610151815
1783069474744074815
1783069474810926815
1783069474945029815
1783069475012096815
1783069475146045815
1783069475213014815
1783069475280199815
1783069475413898815
1783069475480765815
1783069475614983815
1783069475681804815
1783069475815910815
1783069475882926815
1783069476016789815
1783069476083685815
1783069476217785815
1783069476284791815
1783069476418801815
1783069476485794815
1783069476619681815
1783069476686562815
1783069476820678815
1783069476887692815
1783069477021716815
1783069477088689815
1783069477222576815
1783069477289445815
1783069477423514815
1783069477490488815
1783069477624493815
1783069477691574815
1783069477825414815
1783069477892317815
1783069478026422815
1783069478093433815
1783069478227431815
1783069478294467815
1783069478428317815
1783069478495217815
1783069478629374815
1783069478696402815
1783069478830469815
1783069478897361815
1783069479031224815
1783069479098129815
1783069479232233815
1783069479299427815
1783069479433295815
1783069479500280815
1783069479634123815
1783069479701011815
1783069479835146815
1783069479902162815
1783069480036139815
1783069480103071815
1783069480237049815
1783069480303912815
1783069480438021815
1783069480505013815
1783069480639051815
1783069480705945815
1783069480839772815
1783069480906894815
1783069481040951815
1783069481107934815
1783069481241910815
1783069481308844815
1783069481442679815
1783069481509809815
1783069481643802815
1783069481710809815
1783069481844808815
1783069481911818815
1783069482045555815
1783069482112677815
1783069482179619815
1783069482313608815
1783069482380644815
1783069482514563815
1783069482581576815
1783069482715600815
1783069482782565815
1783069482916586815
1783069482983599815
1783069483117407815
1783069483184453815
1783069483318447815
1783069483385466815
1783069483519423815
1783069483586486815
1783069483720348815
1783069483787323815
1783069483921384815
1783069483988377815
1783069484122354815
1783069484189421815
1783069484323240815
1783069484390256815
1783069484524268815
1783069484591267815
1783069484725285815
1783069484792269815
1783069484926123815
1783069484993131815
1783069485127145815
1783069485194164815
1783069485328157815
1783069485395180815
1783069485529034815
1783069485595941815
1783069485730020815
1783069485797018815
1783069485931024815
1783069485998023815
1783069486131898815
1783069486198899815
1783069486332907815
1783069486399830815
1783069486533915815
1783069486600924815
1783069486734799815
1783069486801796815
1783069486935797815
1783069487002841815
1783069487136804815
1783069487203799815
1783069487337641815
1783069487404697815
1783069487538692815
1783069487605696815
1783069487739742815
1783069487806663815
1783069487940596815
1783069488007586815
1783069488141609815
1783069488208615815
1783069488342554815
1783069488409551815
1783069488543442815
1783069488610260815
1783069488744445815
1783069488811432815
1783069488945432815
1783069489012453815
1783069489079486815
1783069489213211815
1783069489280320815
1783069489414323815
1783069489481331815
1783069489615328815
1783069489682247815
1783069489816134815
1783069489883247815
1783069490017215815
1783069490084336815
1783069490218211815
1783069490285099815
1783069490419053815
1783069490486142815
1783069490620147815
1783069490687171815
1783069490821058815
1783069490888015815
1783069491021900815
1783069491089019815
1783069491222941815
1783069491289944815
1783069491424067815
1783069491490903815
1783069491624813815
1783069491691935815
1783069491825926815
1783069491892952815
1783069492026990815
1783069492093794815
1783069492227681815
1783069492294797815
1783069492428801815
1783069492495827815
1783069492629794815
1783069492696675815
1783069492830571815
1783069492897687815
1783069493031645815
1783069493098735815
1783069493232759815
1783069493299589815
1783069493433503815
1783069493500455815
1783069493634534815
1783069493701656815
1783069493835641815
1783069493902428815
1783069494036345815
1783069494103507815
1783069494237390815
1783069494304486815
1783069494438471815
1783069494505351815
1783069494639259815
1783069494706371815
1783069494840377815
1783069494907365815
1783069495041362815
1783069495108274815
1783069495242132815
1783069495309272815
1783069495443284815
1783069495510330815
1783069495644315815
1783069495711067815
1783069495845100815
1783069495912170815
1783069496046149815
1783069496113090815
1783069496180183815
1783069496313941815
1783069496380832815
1783069496515022815
1783069496581977815
1783069496715997815
1783069496782949815
1783069496916919815
1783069496983705815
1783069497117921815
1783069497184836815
1783069497318892815
1783069497385923815
1783069497519833815
1783069497586685815
1783069497720775815
1783069497787823815
1783069497921728815
1783069497988858815
1783069498122644815
1783069498189521815
1783069498323611815
1783069498390673815
1783069498524621815
1783069498591652815
1783069498725580815
1783069498792401815
1783069498926703815
1783069498993518815
1783069499127606815
1783069499194591815
1783069499328465815
1783069499395362815
1783069499529449815
1783069499596479815
1783069499730433815
1783069499797486815
1783069499931334815
1783069499998259815
1783069500132373815
1783069500199334815
1783069500333313815
1783069500400296815
1783069500534189815
1783069500601155815
1783069500735192815
1783069500802242815
1783069500936191815
1783069501003336815
1783069501137148815
1783069501203945815
1783069501338153815
1783069501405171815
1783069501539189815
1783069501606164815
1783069501740019815
1783069501806914815
1783069501941029815
1783069502008028815
1783069502142100815
1783069502209045815
1783069502342921815
1783069502409790815
1783069502543921815
1783069502610887815
1783069502744928815
1783069502811974815
1783069502945709815
1783069503012830815
1783069503079724815
1783069503213792815
1783069503280744815
1783069503414765815
1783069503481717815
1783069503615649815
1783069503682615815
1783069503816658815
1783069503883679815
1783069504017593815
1783069504084545815
1783069504218587815
1783069504285510815
1783069504419611815
1783069504486546815
1783069504620427815
1783069504687461815
1783069504821429815
1783069504888445815
1783069505022435815
1783069505089477815
1783069505223348815
1783069505290337815
1783069505424331815
1783069505491380815
1783069505625366815
1783069505692392815
1783069505826184815
1783069505893261815
1783069506027173815
1783069506094295815
1783069506228279815
1783069506295238815
1783069506429153815
1783069506496171815
1783069506630089815
1783069506697192815
1783069506831066815
1783069506898078815
1783069507031953815
1783069507098945815
1783069507233030815
1783069507299979815
1783069507434062815
1783069507501097815
1783069507634872815
1783069507701837815
1783069507835982815
1783069507902925815
1783069508036989815
1783069508103979815
1783069508237816815
1783069508304814815
1783069508438814815
1783069508505846815
1783069508639737815
1783069508706752815
1783069508840612815
1783069508907611815
1783069509041617815
1783069509108638815
1783069509242751815
1783069509309765815
1783069509443558815
1783069509510627815
1783069509644580815
1783069509711595815
1783069509845614815
1783069509912627815
1783069509979614815
1783069510113350815
1783069510180456815
1783069510314491815
1783069510381453815
1783069510515438815
1783069510582454815
1783069510716155815
1783069510783320815
1783069510917290815
1783069510984288815
1783069511118297815
1783069511185173815
1783069511319061815
1783069511386171815
1783069511520214815
1783069511587223815
1783069511721270815
1783069511788075815
1783069511921976815
1783069511989163815
1783069512123127815
1783069512190128815
1783069512324086815
1783069512390994815
1783069512524867815
1783069512592076815
1783069512725996815
1783069512793097815
1783069512927046815
1783069512993843815
1783069513127829815
1783069513194930815
1783069513328926815
1783069513395937815
1783069513529947815
1783069513596780815
1783069513730774815
1783069513797792815
1783069513931875815
1783069513998829815
1783069514132839815
1783069514199701815
1783069514333588815
1783069514400707815
1783069514534708815
1783069514601719815
1783069514735727815
1783069514802625815
1783069514936454815
1783069515003601815
1783069515137597815
1783069515204679815
1783069515338617815
1783069515405485815
1783069515539323815
1783069515606505815
1783069515740495815
1783069515807454815
1783069515941497815
1783069516008335815
1783069516142272815
1783069516209381815
1783069516343380815
1783069516410408815
1783069516544397815
1783069516611293815
1783069516745201815
1783069516812276815
1783069516879230815
1783069517013272815
1783069517080192815
1783069517214207815
1783069517281056815
1783069517415197815
1783069517482125815
1783069517616223815
1783069517683217815
1783069517817036815
1783069517883919815
1783069518018140815
1783069518085078815
1783069518219050815
1783069518286115815
1783069518420016815
1783069518486807815
1783069518620926815
1783069518687896815
1783069518822010815
1783069518888933815
1783069519022831815
1783069519089700815
1783069519223829815
1783069519290822815
1783069519424835815
1783069519491829815
1783069519625699815
1783069519692529815
1783069519826716815
1783069519893727815
1783069520027802815
1783069520094775815
1783069520228602815
1783069520295551815
1783069520429671815
1783069520496617815
1783069520630587815
1783069520697544815
1783069520831438815
1783069520898278815
1783069521032413815
1783069521099508815
1783069521233497815
1783069521300524815
1783069521434388815
1783069521501220815
1783069521635387815
1783069521702337815
1783069521836389815
1783069521903439815
1783069522037301815
1783069522104140815
1783069522238300815
1783069522305244815
1783069522439331815
1783069522506302815
1783069522640078815
1783069522707057815
1783069522841100815
1783069522908082815
1783069523042210815
1783069523109179815
1783069523243046815
1783069523310051815
1783069523444078815
1783069523511081815
1783069523645123815
1783069523712079815
1783069523845813815
1783069523912941815
1783069523979951815
1783069524113978815
1783069524180847815
1783069524314975815
1783069524381825815
1783069524515827815
1783069524582833815
1783069524716840815
1783069524783896815
1783069524917838815
1783069524984717815
1783069525118727815
1783069525185766815
1783069525319731815
1783069525386734815
1783069525520608815
1783069525587579815
1783069525721582815
1783069525788624815
1783069525922599815
1783069525989608815
1783069526123455815
1783069526190498815
1783069526324506815
1783069526391462815
1783069526525420815
1783069526592425815
1783069526726339815
1783069526793415815
1783069526927386815
1783069526994393815
1783069527128413815
1783069527195393815
1783069527329269815
1783069527396285815
1783069527530253815
1783069527597290815
1783069527731215815
1783069527798332815
1783069527932196815
1783069527999183815
1783069528133177815
1783069528200190815
1783069528334196815
1783069528401087815
1783069528535057815
1783069528602068815
1783069528736052815
1783069528802996815
1783069528937048815
1783069529004074815
1783069529137981815
1783069529204954815
1783069529338956815
1783069529405948815
1783069529539960815
1783069529607044815
1783069529740788815
1783069529807790815
1783069529941843815
1783069530008832815
1783069530142842815
1783069530209847815
1783069530343762815
1783069530410737815
1783069530544723815
1783069530611729815
1783069530745739815
1783069530812769815
1783069530879750815
1783069531013403815
1783069531080551815
1783069531214582815
1783069531281534815
1783069531415539815
1783069531482555815
1783069531616322815
1783069531683443815
1783069531817419815
1783069531884456815
1783069532018429815
1783069532085456815
1783069532219196815
1783069532286311815
1783069532420319815
1783069532487316815
1783069532621326815
1783069532688197815
1783069532822075815
1783069532889267815
1783069533023242815
1783069533090236815
1783069533224231815
1783069533358195815
1783069533425086815
1783069533492183815
1783069533626184815
1783069533693193815
1783069533827223815
1783069533894063815
1783069534027935815
1783069534095063815
1783069534229062815
1783069534296081815
1783069534430087815
1783069534496951815
1783069534630851815
1783069534697938815
1783069534831956815
1783069534899022815
1783069535033002815
1783069535099881815
1783069535233750815
1783069535300858815
1783069535434864815
1783069535501841815
1783069535635864815
1783069535702733815
1783069535836605815
1783069535903753815
1783069536037766815
1783069536104732815
1783069536238806815
1783069536305616815
1783069536439527815
1783069536506679815
1783069536640668815
1783069536707667815
1783069536841658815
1783069536908506815
1783069537042358815
1783069537109483815
1783069537243523815
1783069537310534815
1783069537444538815
1783069537511402815
1783069537645230815
1783069537712396815
1783069537779377815
1783069537913361815
1783069537980365815
1783069538114207815
1783069538181162815
1783069538315204815
1783069538382318815
1783069538516312815
1783069538583454815
1783069538717180815
1783069538784077815
1783069538918193815
1783069538985221815
1783069539119190815
1783069539186290815
1783069539319983815
1783069539386862815
1783069539521076815
1783069539587989815
1783069539722106815
1783069539788976815
1783069539922951815
1783069539989841815
1783069540123964815
1783069540190878815
1783069540324981815
1783069540391998815
1783069540525862815
1783069540592725815
1783069540726792815
1783069540793776815
1783069540927936815
1783069540994856815
1783069541128733815
1783069541195612815
1783069541329778815
1783069541396742815
1783069541530779815
1783069541597667815
1783069541731699815
1783069541798526815
1783069541932584815
1783069541999565815
1783069542133548815
1783069542200570815
1783069542334473815
1783069542401403815
1783069542535518815
1783069542602521815
1783069542736528815
1783069542803440815
1783069542937315815
1783069543004196815
1783069543138414815
1783069543205391815
1783069543339435815
1783069543406444815
1783069543540241815
1783069543607207815
1783069543741219815
1783069543808249815
1783069543942227815
1783069544009293815
1783069544143104815
1783069544210114815
1783069544344137815
1783069544411271815
1783069544545157815
1783069544612226815
1783069544745992815
1783069544812868815
1783069544880087815
1783069545014076815
1783069545081135815
1783069545215103815
1783069545281972815
1783069545415962815
1783069545482965815
1783069545616972815
1783069545683973815
1783069545818009815
1783069545884913815
1783069546018858815
1783069546085871815
1783069546219916815
1783069546286795815
1783069546420757815
1783069546487741815
1783069546621811815
1783069546688768815
1783069546822673815
1783069546889678815
1783069547023637815
1783069547090636815
1783069547224642815
1783069547291648815
1783069547425669815
1783069547492665815
1783069547626439815
1783069547693533815
1783069547827565815
1783069547894520815
1783069548028489815
1783069548095504815
1783069548229389815
1783069548296343815
1783069548430375815
1783069548497377815
1783069548631423815
1783069548698381815
1783069548832320815
1783069548899273815
1783069549033289815
1783069549100255815
1783069549234271815
1783069549301306815
1783069549435110815
1783069549502257815
1783069549636226815
1783069549703208815
1783069549837119815
1783069549904214815
1783069550038070815
1783069550105017815
1783069550239002815
1783069550306004815
1783069550440098815
1783069550507084815
1783069550641066815
1783069550708008815
1783069550842002815
1783069550909060815
1783069551043087815
1783069551109816815
1783069551243773815
1783069551310800815
1783069551444858815
1783069551511869815
1783069551645808815
1783069551712872815
1783069551779868815
1783069551913748815
1783069551980624815
1783069552114700815
1783069552181731815
1783069552315789815
1783069552382677815
1783069552516531815
1783069552583659815
1783069552717582815
1783069552784579815
1783069552918580815
1783069552985683815
1783069553119454815
1783069553186490815
1783069553320491815
1783069553387502815
1783069553521502815
1783069553588331815
1783069553722291815
1783069553789343815
1783069553923416815
1783069553990395815
1783069554124370815
1783069554191264815
1783069554325192815
1783069554392297815
1783069554526230815
1783069554593232815
1783069554727370815
1783069554794214815
1783069554928085815
1783069554995247815
1783069555129271815
1783069555196124815
1783069555330220815
1783069555397093815
1783069555531036815
1783069555598142815
1783069555732151815
1783069555799100815
1783069555933104815
1783069555999969815
1783069556133862815
1783069556201004815
1783069556334914815
1783069556402018815
1783069556536000815
1783069556602957815
1783069556736722815
1783069556803800815
1783069556937880815
1783069557004967815
1783069557138888815
1783069557205774815
1783069557339642815
1783069557406786815
1783069557540846815
1783069557607795815
1783069557741767815
1783069557808612815
1783069557942544815
1783069558009637815
1783069558143688815
1783069558210699815
1783069558344589815
1783069558411543815
1783069558545380815
1783069558612519815
1783069558679515815
1783069558813516815
1783069558880463815
1783069559014398815
1783069559081292815
1783069559215393815
1783069559282390815
1783069559416452815
1783069559483404815
1783069559617287815
1783069559684170815
1783069559818333815
1783069559885323815
1783069560019277815
1783069560086353815
1783069560220251815
1783069560287002815
1783069560421257815
1783069560488257815
1783069560622268815
1783069560689145815
1783069560823097815
1783069560889982815
1783069561024026815
1783069561091034815
1783069561225056815
1783069561292184815
1783069561426013815
1783069561492874815
1783069561626988815
1783069561693940815
1783069561828026815
1783069561895083815
1783069562028901815
1783069562095879815
1783069562229883815
1783069562296876815
1783069562430839815
1783069562497971815
1783069562631801815
1783069562698624815
1783069562832769815
1783069562899779815
1783069563033822815
1783069563100831815
1783069563234626815
1783069563301547815
1783069563435697815
1783069563502664815
1783069563636664815
1783069563703699815
1783069563837514815
1783069563904358815
1783069564038507815
1783069564105524815
1783069564239477815
1783069564306573815
1783069564440464815
1783069564507304815
1783069564641459815
1783069564708446815
1783069564842367815
1783069564909410815
1783069565043236815
1783069565110147815
1783069565244330815
1783069565311322815
1783069565445282815
1783069565512378815
1783069565579227815
1783069565713105815
1783069565780158815
1783069565914256815
1783069565981142815
1783069566115309815
1783069566181961815
1783069566316073815
1783069566383174815
1783069566517166815
1783069566584108815
1783069566718106815
1783069566784905815
1783069566919011815
1783069566986041815
1783069567120008815
1783069567187040815
1783069567321066815
1783069567387904815
1783069567521889815
1783069567588895815
1783069567722905815
1783069567789949815
1783069567923773815
1783069567990771815
1783069568124776815
1783069568191775815
1783069568325718815
1783069568392726815
1783069568526592815
1783069568593596815
1783069568727673815
1783069568794592815
1783069568928670815
1783069568995666815
1783069569129536815
1783069569196525815
1783069569330620815
1783069569397528815
1783069569531499815
1783069569598454815
1783069569732467815
1783069569799419815
1783069569933473815
1783069570000447815
1783069570134428815
1783069570201391815
1783069570335295815
1783069570402297815
1783069570536252815
1783069570603264815
1783069570737293815
1783069570804260815
1783069570938152815
1783069571005238815
1783069571139255815
1783069571206219815
1783069571340257815
1783069571407232815
1783069571541116815
1783069571608044815
1783069571742143815
1783069571809132815
1783069571943192815
1783069572010181815
1783069572143921815
1783069572210918815
1783069572345029815
1783069572411929815
1783069572546053815
1783069572613070815
1783069572679977815
1783069572813903815
1783069572880775815
1783069573014942815
1783069573081833815
1783069573215974815
1783069573282914815
1783069573416648815
1783069573483793815
1783069573617807815
1783069573684789815
1783069573818710815
1783069573885726815
1783069574019477815
1783069574086680815
1783069574220695815
1783069574287613815
1783069574421753815
1783069574488602815
1783069574622449815
1783069574689496815
1783069574823612815
1783069574890512815
1783069575024632815
1783069575091369815
1783069575225341815
1783069575292408815
1783069575426425815
1783069575493439815
1783069575627462815
1783069575694335815
1783069575828206815
1783069575895315815
1783069576029347815
1783069576096273815
1783069576230315815
1783069576297263815
1783069576431058815
1783069576498161815
1783069576632251815
1783069576699310815
1783069576833264815
1783069576900138815
1783069577034045815
1783069577101134815
1783069577235151815
1783069577302147815
1783069577436147815
1783069577503010815
1783069577636907815
1783069577704012815
1783069577838021815
1783069577904932815
1783069578038998815
1783069578105822815
1783069578239807815
1783069578306938815
1783069578440930815
1783069578507919815
1783069578641917815
1783069578708797815
1783069578842676815
1783069578909845815
1783069579043713815
1783069579110763815
1783069579244849815
1783069579311675815
1783069579445498815
1783069579512700815
1783069579579724815
1783069579713615815
1783069579780625815
1783069579914499815
1783069579981578815
1783069580115537815
1783069580182611815
1783069580316564815
1783069580383548815
1783069580517455815
1783069580584341815
1783069580718428815
1783069580785466815
1783069580919458815
1783069580986429815
1783069581120325815
1783069581187219815
1783069581321309815
1783069581388368815
1783069581522297815
1783069581589363815
1783069581723294815
1783069581790270815
1783069581924246815
1783069581991284815
1783069582125187815
1783069582192277815
1783069582326153815
1783069582393012815
1783069582527053815
1783069582594143815
1783069582728183815
1783069582795065815
1783069582929032815
1783069582995900815
1783069583130113815
1783069583196946815
1783069583331069815
1783069583397951815
1783069583531932815
1783069583598715815
1783069583732931815
1783069583799836815
1783069583933981815
1783069584000845815
1783069584134763815
1783069584201681815
1783069584335754815
1783069584402853815
1783069584536861815
1783069584603860815
1783069584737690815
1783069584804569815
1783069584938711815
1783069585005733815
1783069585139702815
1783069585206779815
1783069585340598815
1783069585407435815
1783069585541543815
1783069585608549815
1783069585742645815
1783069585809595815
1783069585943480815
1783069586010382815
1783069586144448815
1783069586211481815
1783069586345494815
1783069586412441815
1783069586479328815
1783069586613227815
1783069586680365815
1783069586814349815
1783069586881429815
1783069587015319815
1783069587082259815
1783069587216157815
1783069587283236815
1783069587417261815
1783069587484321815
1783069587618258815
1783069587685183815
1783069587819159815
1783069587886181815
1783069588020165815
1783069588087174815
1783069588221075815
1783069588288032815
1783069588422036815
1783069588488944815
1783069588623077815
1783069588689974815
1783069588823951815
1783069588890882815
1783069589024980815
1783069589091847815
1783069589225977815
1783069589293036815
1783069589426803815
1783069589493843815
1783069589627820815
1783069589694837815
1783069589828878815
1783069589895819815
1783069590029696815
1783069590096654815
1783069590230708815
1783069590297711815
1783069590431746815
1783069590498708815
1783069590632532815
1783069590699594815
1783069590833739815
1783069590900603815
1783069591034598815
1783069591101595815
1783069591235513815
1783069591302318815
1783069591436399815
1783069591503403815
1783069591637412815
1783069591704401815
1783069591838283815
1783069591905287815
1783069592039282815
1783069592106291815
1783069592240293815
1783069592307294815
1783069592441195815
1783069592508189815
1783069592642178815
1783069592709176815
1783069592843196815
1783069592910191815
1783069593044090815
1783069593111078815
1783069593245172815
1783069593312086815
1783069593446165815
1783069593513098815
1783069593580160815
1783069593713955815
1783069593780914815
1783069593915190815
1783069593982045815
1783069594116102815
1783069594183144815
1783069594316807815
1783069594383939815
1783069594517855815
1783069594585018815
1783069594718952815
1783069594785971815
1783069594919721815
1783069594986830815
1783069595120833815
1783069595187853815
1783069595321895815
1783069595388747815
1783069595522500815
1783069595589729815
1783069595723630815
1783069595790759815
1783069595924721815
1783069595991605815
1783069596125474815
1783069596192603815
1783069596326547815
1783069596393620815
1783069596527585815
1783069596594458815
1783069596728291815
1783069596795500815
1783069596929455815
1783069596996498815
1783069597130494815
1783069597197294815
1783069597331284815
1783069597398374815
1783069597532345815
1783069597599400815
1783069597733303815
1783069597800189815
1783069597934113815
1783069598001250815
1783069598135231815
1783069598202293815
1783069598336251815
1783069598403196815
1783069598537070815
1783069598604193815
1783069598738178815
1783069598805239815
1783069598939202815
1783069599006067815
1783069599140045815
1783069599207055815
1783069599340992815
1783069599408057815
1783069599542133815
1783069599608939815
1783069599742811815
1783069599809947815
1783069599943951815
1783069600010959815
1783069600144905815
1783069600211850815
1783069600345660815
1783069600412866815
1783069600479830815
1783069600613865815
1783069600680863815
1783069600814729815
1783069600881684815
1783069601015721815
1783069601082640815
1783069601216686815
1783069601283782815
1783069601417627815
1783069601484508815
1783069601618620815
1783069601685577815
1783069601819586815
1783069601886638815
1783069602020455815
1783069602087384815
1783069602221524815
1783069602288556815
1783069602422542815
1783069602489541815
1783069602623434815
1783069602690239815
1783069602824356815
1783069602891367815
1783069603025404815
1783069603092385815
1783069603226307815
1783069603293147815
1783069603427323815
1783069603494256815
1783069603628234815
1783069603695323815
1783069603829197815
1783069603896066815
1783069604030210815
1783069604097135815
1783069604231220815
1783069604298151815
1783069604432098815
1783069604498932815
1783069604632985815
1783069604700074815
1783069604833990815
1783069604901187815
1783069605034870815
1783069605101825815
1783069605235873815
1783069605302892815
1783069605436874815
1783069605503962815
1783069605637848815
1783069605704720815
1783069605838861815
1783069605905850815
1783069606039880815
1783069606106830815
1783069606240735815
1783069606307612815
1783069606441708815
1783069606508719815
1783069606642766815
1783069606709747815
1783069606843563815
1783069606910428815
1783069607044622815
1783069607111621815
1783069607245566815
1783069607312561815
1783069607379499815
1783069607513343815
1783069607580480815
1783069607714538815
1783069607781454815
1783069607915454815
1783069607982393815
1783069608116307815
1783069608183419815
1783069608317411815
1783069608384417815
1783069608518470815
1783069608585329815
1783069608719335815
1783069608786335815
1783069608920264815
1783069608987304815
1783069609121327815
1783069609188202815
1783069609322192815
1783069609389180815
1783069609523335815
1783069609590110815
1783069609724236815
1783069609791090815
1783069609925081815
1783069609992011815
1783069610125989815
1783069610192998815
1783069610326947815
1783069610393965815
1783069610527964815
1783069610594968815
1783069610728990815
1783069610795972815
1783069610929851815
1783069610996852815
1783069611130859815
1783069611197869815
1783069611331846815
1783069611398809815
1783069611532766815
1783069611599742815
1783069611733742815
1783069611800826815
1783069611934756815
1783069612001752815
1783069612135634815
1783069612202632815
1783069612336633815
1783069612403695815
1783069612537637815
1783069612604663815
1783069612738433815
1783069612805531815
1783069612939487815
1783069613006544815
1783069613140526815
1783069613207540815
1783069613341374815
1783069613408438815
1783069613542328815
1783069613609374815
1783069613743335815
1783069613810431815
1783069613944216815
1783069614011321815
1783069614145262815
1783069614212330815
1783069614279319815
1783069614413338815
1783069614480326815
1783069614614190815
1783069614681060815
1783069614815223815
1783069614882221815
1783069615016211815
1783069615083207815
1783069615217106815
1783069615283978815
1783069615418088815
1783069615485108815
1783069615619091815
1783069615686132815
1783069615819764815
1783069615886978815
1783069616020980815
1783069616087978815
1783069616222046815
1783069616288983815
1783069616422819815
1783069616489897815
1783069616623859815
1783069616690875815
1783069616824950815
1783069616891884815
1783069617025624815
1783069617092746815
1783069617226758815
1783069617293705815
1783069617427788815
1783069617494664815
1783069617628540815
1783069617695673815
1783069617829644815
1783069617896665815
1783069618030659815
1783069618097546815
1783069618231410815
1783069618298496815
1783069618432497815
1783069618499543815
1783069618633543815
1783069618700422815
1783069618834273815
1783069618901436815
1783069619035394815
1783069619102406815
1783069619236386815
1783069619303311815
1783069619437190815
1783069619504266815
1783069619638297815
1783069619705343815
1783069619839342815
1783069619906233815
1783069620040074815
1783069620107123815
1783069620241259815
1783069620308278815
1783069620442275815
1783069620509087815
1783069620642881815
1783069620710009815
1783069620844015815
1783069620911098815
1783069621045106815
1783069621111977815
1783069621245860815
1783069621313021815
1783069621379994815
1783069621513997815
1783069621580993815
1783069621714857815
1783069621781880815
1783069621915876815
1783069621982885815
1783069622116896815
1783069622183894815
1783069622317803815
1783069622384764815
1783069622518787815
1783069622585767815
1783069622719701815
1783069622786806815
1783069622920648815
1783069622987543815
1783069623121651815
1783069623188665815
1783069623322720815
1783069623389687815
1783069623523533815
1783069623590421815
1783069623724513815
1783069623791466815
1783069623925565815
1783069623992568815
1783069624126394815
1783069624193267815
1783069624327399815
1783069624394395815
1783069624528418815
1783069624595403815
1783069624729237815
1783069624796214815
1783069624930292815
1783069624997283815
1783069625131297815
1783069625198268815
1783069625332235815
1783069625399016815
1783069625533252815
1783069625600258815
1783069625734249815
1783069625801256815
1783069625935069815
1783069626001981815
1783069626136104815
1783069626203024815
1783069626337114815
1783069626404128815
1783069626538110815
1783069626604860815
1783069626738996815
1783069626805941815
1783069626940009815
1783069627006945815
1783069627140921815
1783069627207793815
1783069627341920815
1783069627408899815
1783069627542886815
1783069627609931815
1783069627743801815
1783069627810655815
1783069627944814815
1783069628011784815
1783069628145842815
1783069628212755815
1783069628279650815
1783069628413631815
1783069628480668815
1783069628614580815
1783069628681587815
1783069628815689815
1783069628882522815
1783069629016413815
1783069629083560815
1783069629217515815
1783069629284572815
1783069629418675815
1783069629485454815
1783069629619230815
1783069629686464815
1783069629820435815
1783069629887406815
1783069630021501815
1783069630088322815
1783069630222307815
1783069630289322815
1783069630423358815
1783069630490378815
1783069630624364815
1783069630691251815
1783069630825255815
1783069630892262815
1783069631026257815
1783069631093312815
1783069631227158815
1783069631294111815
1783069631428137815
1783069631495033815
1783069631629036815
1783069631696095815
1783069631829916815
1783069631896942815
1783069632030917815
1783069632097950815
1783069632232053815
1783069632299006815
1783069632432902815
1783069632499880815
1783069632633915815
1783069632700941815
1783069632834822815
1783069632901817815
1783069633035694815
1783069633102706815
1783069633236759815
1783069633303782815
1783069633437792815
1783069633504715815
1783069633638672815
1783069633705749815
1783069633839687815
1783069633906697815
1783069634040708815
1783069634107691815
1783069634241550815
1783069634308565815
1783069634442562815
1783069634509586815
1783069634643498815
1783069634710620815
1783069634844431815
1783069634911461815
1783069635045374815
1783069635112392815
1783069635179469815
1783069635313467815
1783069635380377815
1783069635514357815
1783069635581234815
1783069635715329815
1783069635782342815
1783069635916396815
1783069635983358815
1783069636117262815
1783069636184055815
1783069636318237815
1783069636385237815
1783069636519268815
1783069636586341815
1783069636720169815
1783069636787081815
1783069636921134815
1783069636988214815
1783069637122146815
1783069637189156815
1783069637322919815
1783069637390016815
1783069637524142815
1783069637591013815
1783069637725062815
1783069637792156815
1783069637925832815
1783069637992937815
1783069638126910815
1783069638193919815
1783069638327909815
1783069638394809815
1783069638528672815
1783069638595802815
1783069638729736815
1783069638796717815
1783069638930859815
1783069638997741815
1783069639131489815
1783069639198640815
1783069639332720815
1783069639399698815
1783069639533621815
1783069639600518815
1783069639734406815
1783069639801594815
1783069639935583815
1783069640002659815
1783069640136584815
1783069640203488815
1783069640337296815
1783069640404381815
1783069640538384815
1783069640605516815
1783069640739481815
1783069640806386815
1783069640940145815
1783069641007273815
1783069641141403815
1783069641208343815
1783069641342369815
1783069641409290815
1783069641543110815
1783069641610359815
1783069641744169815
1783069641811198815
1783069641945209815
1783069642012157815
1783069642145948815
1783069642213070815
1783069642280069815
1783069642414149815
1783069642481081815
1783069642614937815
1783069642681974815
1783069642815938815
1783069642883025815
1783069643017040815
1783069643083949815
1783069643217990815
1783069643284828815
1783069643418934815
1783069643486012815
1783069643619982815
1783069643686942815
1783069643820878815
1783069643887813815
1783069644021871815
1783069644088723815
1783069644222868815
1783069644289822815
1783069644423691815
1783069644490572815
1783069644624691815
1783069644691850815
1783069644825886815
1783069644892705815
1783069645026496815
1783069645093378815
1783069645227527815
1783069645294480815
1783069645428555815
1783069645495562815
1783069645629473815
1783069645696356815
1783069645830502815
1783069645897448815
1783069646031488815
1783069646098494815
1783069646232394815
1783069646299259815
1783069646433428815
1783069646500404815
1783069646634327815
1783069646701316815
1783069646835175815
1783069646902050815
1783069647036285815
1783069647103269815
1783069647237354815
1783069647304303815
1783069647438133815
1783069647504944815
1783069647639184815
1783069647706181815
1783069647840082815
1783069647907076815
1783069648040980815
1783069648107828815
1783069648241952815
1783069648308964815
1783069648442968815
1783069648509980815
1783069648643846815
1783069648710833815
1783069648844939815
1783069648911943815
1783069649045958815
1783069649112944815
1783069649179819815
1783069649313709815
1783069649380738815
1783069649514834815
1783069649581800815
1783069649715823815
1783069649782704815
1783069649916664815
1783069649983711815
1783069650117714815
1783069650184723815
1783069650318747815
1783069650385602815
1783069650519479815
1783069650586602815
1783069650720615815
1783069650787601815
1783069650921627815
1783069650988523815
1783069651122329815
1783069651189531815
1783069651323473815
1783069651390513815
1783069651524493815
1783069651591347815
1783069651725342815
1783069651792388815
1783069651926352815
1783069651993390815
1783069652127430815
1783069652194241815
1783069652328278815
1783069652395327815
1783069652529305815
1783069652596288815
1783069652730252815
1783069652797184815
1783069652931165815
1783069652998182815
1783069653132100815
1783069653199258815
1783069653333010815
1783069653400057815
1783069653534054815
1783069653601085815
1783069653735052815
1783069653802071815
1783069653935931815
1783069654002947815
1783069654136950815
1783069654203964815
1783069654337950815
1783069654404975815
1783069654538828815
1783069654605825815
1783069654739803815
1783069654806810815
1783069654940895815
1783069655007833815
1783069655141724815
1783069655208717815
1783069655342735815
1783069655409725815
1783069655543725815
1783069655610740815
1783069655744608815
1783069655811567815
1783069655945626815
1783069656012604815
1783069656079643815
1783069656213595815
1783069656280664815
1783069656414488815
1783069656481369815
1783069656615489815
1783069656682611815
1783069656816554815
1783069656883484815
1783069657017345815
1783069657084234815
1783069657218362815
1783069657285395815
1783069657419368815
1783069657486401815
1783069657620283815
1783069657687102815
1783069657821235815
1783069657888302815
1783069658022337815
1783069658089333815
1783069658223087815
1783069658289957815
1783069658424092815
1783069658491091815
1783069658625134815
1783069658692185815
1783069658825953815
1783069658893071815
1783069659027087815
1783069659094081815
1783069659228090815
1783069659295109815
1783069659428745815
1783069659495869815
1783069659629951815
1783069659696958815
1783069659831057815
1783069659897968815
1783069660031727815
1783069660098849815
1783069660232838815
1783069660299850815
1783069660433856815
1783069660500739815
1783069660634642815
1783069660701748815
1783069660835778815
1783069660902779815
1783069661036736815
1783069661103624815
1783069661237518815
1783069661304631815
1783069661438625815
1783069661505634815
1783069661639525815
1783069661706520815
1783069661840314815
1783069661907429815
1783069662041520815
1783069662108528815
1783069662242490815
1783069662309366815
1783069662443298815
1783069662510364815
1783069662644373815
1783069662711414815
1783069662845374815
1783069662912320815
1783069662979235815
1783069663113312815
1783069663180234815
1783069663314311815
1783069663381217815
1783069663515097815
1783069663582207815
1783069663716188815
1783069663783200815
1783069663917197815
1783069663984195815
1783069664118074815
1783069664185101815
1783069664319088815
1783069664386086815
1783069664520081815
1783069664587096815
1783069664720986815
1783069664787966815
1783069664921978815
1783069664988909815
1783069665122978815
1783069665189975815
1783069665323854815
1783069665390855815
1783069665524867815
1783069665591875815
1783069665725862815
1783069665792795815
1783069665926741815
1783069665993538815
1783069666127752815
1783069666194686815
1783069666328753815
1783069666395743815
1783069666529640815
1783069666596449815
1783069666730637815
1783069666797648815
1783069666931570815
1783069666998556815
1783069667132494815
1783069667199318815
1783069667333492815
1783069667400561815
1783069667534546815
1783069667601524815
1783069667735371815
1783069667802314815
1783069667936468815
1783069668003407815
1783069668137488815
1783069668204399815
1783069668338329815
1783069668405186815
1783069668539325815
1783069668606309815
1783069668740318815
1783069668807327815
1783069668941222815
1783069669008082815
1783069669142232815
1783069669209160815
1783069669343121815
1783069669410294815
1783069669544111815
1783069669610974815
1783069669745084815
1783069669812091815
1783069669946131815
1783069670013150815
1783069670080060815
1783069670213787815
1783069670281013815
1783069670414914815
1783069670482032815
1783069670616013815
1783069670682877815
1783069670816662815
1783069670883790815
1783069671017879815
1783069671084828815
1783069671218930815
1783069671285675815
1783069671419649815
1783069671486762815
1783069671620861815
1783069671687667815
1783069671821768815
1783069671888645815
1783069672022535815
1783069672089668815
1783069672223720815
1783069672290668815
1783069672424688815
1783069672491513815
1783069672625378815
1783069672692497815
1783069672826509815
1783069672893533815
1783069673027512815
1783069673094432815
1783069673228437815
1783069673295393815
1783069673429411815
1783069673496441815
1783069673630401815
1783069673697296815
1783069673831333815
1783069673898334815
1783069674032349815
1783069674099340815
1783069674233248815
1783069674300253815
1783069674434342815
1783069674501218815
1783069674635271815
1783069674702215815
1783069674836157815
1783069674903097815
1783069675037145815
1783069675104146815
1783069675238102815
1783069675305145815
1783069675438905815
1783069675505941815
1783069675639999815
1783069675706912815
1783069675840929815
1783069675907926815
1783069676041951815
1783069676108844815
1783069676242906815
1783069676309896815
1783069676443847815
1783069676510823815
1783069676644773815
1783069676711773815
1783069676845774815
1783069676912773815
1783069676979786815
1783069677113817815
1783069677180784815
1783069677314631815
1783069677381551815
1783069677515669815
1783069677582666815
1783069677716675815
1783069677783679815
1783069677917552815
1783069677984390815
1783069678118580815
1783069678185524815
1783069678319479815
1783069678386494815
1783069678520357815
1783069678587277815
1783069678721404815
1783069678788371815
1783069678922371815
1783069678989417815
1783069679123308815
1783069679190158815
1783069679324319815
1783069679391320815
1783069679525268815
1783069679592363815
1783069679726250815
1783069679793123815
1783069679927266815
1783069679994247815
1783069680128254815
1783069680195280815
1783069680328922815
1783069680396126815
1783069680530050815
1783069680597147815
1783069680731168815
1783069680798190815
1783069680931917815
1783069680999052815
1783069681133006815
1783069681200013815
1783069681334052815
1783069681401050815
1783069681534772815
1783069681601899815
1783069681735959815
1783069681802908815
1783069681936918815
1783069682003777815
1783069682137671815
1783069682204790815
1783069682338787815
1783069682405800815
1783069682539720815
1783069682606622815
1783069682740494815
1783069682807603815
1783069682941594815
1783069683008604815
1783069683142651815
1783069683209559815
1783069683343446815
1783069683410524815
1783069683544621815
1783069683611500815
1783069683745632815
1783069683812392815
1783069683879452815
1783069684013459815
1783069684080439815
1783069684214385815
1783069684281382815
1783069684415279815
1783069684482373815
1783069684616268815
1783069684683368815
1783069684817331815
1783069684884269815
1783069685018161815
1783069685085232815
1783069685219249815
1783069685286246815
1783069685420310815
1783069685487333815
1783069685621131815
1783069685688145815
1783069685822180815
1783069685889146815
1783069686023169815
1783069686090072815
1783069686223933815
1783069686290932815
1783069686424935815
1783069686491951815
1783069686626022815
1783069686693051815
1783069686826940815
1783069686893935815
1783069687027847815
1783069687094849815
1783069687228949815
1783069687295938815
1783069687429814815
1783069687496673815
1783069687630859815
1783069687697721815
1783069687831806815
1783069687898738815
1783069688032620815
1783069688099570815
1783069688233707815
1783069688300697815
1783069688434627815
1783069688501758815
1783069688635601815
1783069688702388815
1783069688836584815
1783069688903503815
1783069689037626815
1783069689104604815
1783069689238436815
1783069689305329815
1783069689439476815
1783069689506505815
1783069689640485815
1783069689707400815
1783069689841300815
1783069689908152815
1783069690042294815
1783069690109282815
1783069690243273815
1783069690310301815
1783069690444184815
1783069690511099815
1783069690645189815
1783069690712272815
1783069690779274815
1783069690913228815
1783069690980168815
1783069691114057815
1783069691181084815
1783069691315196815
1783069691382201815
1783069691516169815
1783069691583044815
1783069691716905815
1783069691783950815
1783069691918035815
1783069691985064815
1783069692118979815
1783069692185926815
1783069692319801815
1783069692386926815
1783069692520965815
1783069692587973815
1783069692721939815
1783069692788766815
1783069692922711815
1783069692989814815
1783069693123752815
1783069693190839815
1783069693324746815
1783069693391632815
1783069693525567815
1783069693592702815
1783069693726719815
1783069693793719815
1783069693927716815
1783069693994707815
1783069694128498815
1783069694195600815
1783069694329664815
1783069694396653815
1783069694530650815
1783069694597482815
1783069694731400815
1783069694798503815
1783069694932412815
1783069694999473815
1783069695133417815
1783069695200356815
1783069695334446815
1783069695401374815
1783069695535376815
1783069695602532815
1783069695736449815
1783069695803273815
1783069695937240815
1783069696004234815
1783069696138257815
1783069696205351815
1783069696339166815
1783069696406171815
1783069696540232815
1783069696607174815
1783069696741105815
1783069696808065815
1783069696942046815
1783069697009047815
1783069697143051815
1783069697210069815
1783069697344053815
1783069697411057815
1783069697544923815
1783069697611941815
1783069697745939815
1783069697812954815
1783069697879965815
1783069698013938815
1783069698081021815
1783069698214822815
1783069698281722815
1783069698415847815
1783069698482826815
1783069698616839815
1783069698683857815
1783069698817721815
1783069698884551815
1783069699018676815
1783069699085738815
1783069699219774815
1783069699286782815
1783069699420703815
1783069699487474815
1783069699621622815
1783069699688572815
1783069699822535815
1783069699889577815
1783069700023535815
1783069700090380815
1783069700224512815
1783069700291459815
1783069700425433815
1783069700492531815
1783069700626388815
1783069700693301815
1783069700827396815
1783069700894403815
1783069701028396815
1783069701095402815
1783069701229280815
1783069701296159815
1783069701430254815
1783069701497290815
1783069701631334815
1783069701698317815
1783069701832011815
1783069701899194815
1783069702033229815
1783069702100189815
1783069702234190815
1783069702301217815
1783069702435019815
1783069702502067815
1783069702636081815
1783069702703229815
1783069702837072815
1783069702903950815
1783069703037832815
1783069703104976815
1783069703238893815
1783069703305888815
1783069703439881815
1783069703506896815
1783069703640718815
1783069703707849815
1783069703841850815
1783069703908905815
1783069704042882815
1783069704109731815
1783069704243579815
1783069704310741815
1783069704444732815
1783069704511675815
1783069704645751815
1783069704712749815
1783069704779619815
1783069704913631815
1783069704980630815
1783069705114658815
1783069705181657815
1783069705315465815
1783069705382475815
1783069705516500815
1783069705583522815
1783069705717436815
1783069705784532815
1783069705918369815
1783069705985379815
1783069706119518815
1783069706186370815
1783069706320409815
1783069706387376815
1783069706521308815
1783069706588234815
1783069706722304815
1783069706789279815
1783069706923319815
1783069706990267815
1783069707124204815
1783069707191191815
1783069707325204815
1783069707392200815
1783069707526256815
1783069707593234815
1783069707727085815
1783069707793987815
1783069707928091815
1783069707995019815
1783069708129126815
1783069708196155815
1783069708329922815
1783069708396872815
1783069708530975815
1783069708598020815
1783069708731973815
1783069708799021815
1783069708932849815
1783069708999727815
1783069709133874815
1783069709200869815
1783069709334874815
1783069709401876815
1783069709535761815
1783069709602583815
1783069709736685815
1783069709803764815
1783069709937756815
1783069710004767815
1783069710138644815
1783069710205538815
1783069710339675815
1783069710406606815
1783069710540577815
1783069710607648815
1783069710741491815
1783069710808381815
1783069710942496815
1783069711009547815
1783069711143500815
1783069711210461815
1783069711344508815
1783069711411283815
1783069711545355815
1783069711612388815
1783069711679428815
1783069711813394815
1783069711880222815
1783069712014104815
1783069712081226815
1783069712215229815
1783069712282229815
1783069712416271815
1783069712483210815
1783069712616989815
1783069712684128815
1783069712818147815
1783069712885251815
1783069713019130815
1783069713086089815
1783069713220012815
1783069713287095815
1783069713421135815
1783069713488102815
1783069713622103815
1783069713688984815
1783069713822779815
1783069713889987815
1783069714023984815
1783069714090982815
1783069714225025815
1783069714291891815
1783069714425749815
1783069714492882815
1783069714626894815
1783069714693895815
1783069714827886815
1783069714894774815
1783069715028605815
1783069715095769815
1783069715229767815
1783069715296707815
1783069715430860815
1783069715497580815
1783069715631749815
1783069715698647815
1783069715832670815
1783069715899616815
1783069716033668815
1783069716100501815
1783069716234573815
1783069716301503815
1783069716435537815
1783069716502673815
1783069716636508815
1783069716703458815
1783069716837402815
1783069716904354815
1783069717038358815
1783069717105358815
1783069717239243815
1783069717306300815
1783069717440316815
1783069717507320815
1783069717641296815
1783069717708355815
1783069717842236815
1783069717909221815
1783069718043263815
1783069718110261815
1783069718244191815
1783069718311169815
1783069718445112815
1783069718512103815
1783069718646100815
1783069718713166815
1783069718780110815
1783069718914133815
1783069718981139815
1783069719115002815
1783069719181829815
1783069719315992815
1783069719382999815
1783069719517011815
1783069719583976815
1783069719717903815
1783069719784849815
1783069719918905815
1783069719985807815
1783069720119891815
1783069720186833815
1783069720320769815
1783069720387647815
1783069720521791815
1783069720588785815
1783069720722781815
1783069720789802815
1783069720923686815
1783069720990550815
1783069721124687815
1783069721191721815
1783069721325681815
1783069721392703815
1783069721526537815
1783069721593352815
1783069721727566815
1783069721794650815
1783069721928492815
1783069721995569815
1783069722129406815
1783069722196285815
1783069722330423815
1783069722397416815
1783069722531394815
1783069722598487815
1783069722732249815
1783069722799278815
1783069722933256815
1783069723000263815
1783069723134358815
1783069723201263815
1783069723335119815
1783069723402321815
1783069723536224815
1783069723603240815
1783069723737228815
1783069723804253815
1783069723938003815
1783069724005163815
1783069724139131815
1783069724206196815
1783069724340043815
1783069724406935815
1783069724540883815
1783069724608013815
1783069724742038815
1783069724809013815
1783069724943026815
1783069725009896815
1783069725143778815
1783069725210919815
1783069725344925815
1783069725411859815
1783069725545926815
1783069725612706815
1783069725679727815
1783069725813785815
1783069725880733815
1783069726014826815
1783069726081845815
1783069726215686815
1783069726282648815
1783069726416684815
1783069726483605815
1783069726617696815
1783069726684711815
1783069726818605815
1783069726885556815
1783069727019578815
1783069727086608815
1783069727220579815
1783069727287593815
1783069727421538815
1783069727488423815
1783069727622442815
1783069727689499815
1783069727823488815
1783069727890518815
1783069728024314815
1783069728091325815
1783069728225315815
1783069728292374815
1783069728426354815
1783069728493377815
1783069728627239815
1783069728694292815
1783069728828259815
1783069728895265815
1783069729029254815
1783069729096277815
1783069729230147815
1783069729297065815
1783069729431168815
1783069729498052815
1783069729632163815
1783069729699151815
1783069729833017815
1783069729899918815
1783069730034039815
1783069730101025815
1783069730235047815
1783069730301957815
1783069730435946815
1783069730502800815
1783069730636912815
1783069730703927815
1783069730837924815
1783069730904855815
1783069731038801815
1783069731105681815
1783069731239780815
1783069731306770815
1783069731440866815
1783069731507827815
1783069731641698815
1783069731708572815
1783069731842697815
1783069731909783815
1783069732043715815
1783069732110722815
1783069732244633815
1783069732311466815
1783069732445625815
1783069732512595815
1783069732579595815
1783069732713627815
1783069732780521815
1783069732914368815
1783069732981471815
1783069733115492815
1783069733182483815
1783069733316496815
1783069733383341815
1783069733517231815
1783069733584393815
1783069733718385815
1783069733785372815
1783069733919416815
1783069733986228815
1783069734120140815
1783069734187235815
1783069734321268815
1783069734388266815
1783069734522387815
1783069734589064815
1783069734722944815
1783069734790183815
1783069734924073815
1783069734991087815
1783069735125174815
1783069735192070815
1783069735325915815
1783069735393074815
1783069735527069815
1783069735594104815
1783069735728045815
1783069735794935815
1783069735928803815
1783069735995849815
1783069736129946815
1783069736196947815
1783069736330979815
1783069736397747815
1783069736531725815
1783069736598856815
1783069736732832815
1783069736799835815
1783069736933885815
1783069737000711815
1783069737134742815
1783069737201718815
1783069737335748815
1783069737402754815
1783069737536757815
1783069737603619815
1783069737737605815
1783069737804651815
1783069737938610815
1783069738005635815
1783069738139449815
1783069738206507815
1783069738340452815
1783069738407527815
1783069738541459815
1783069738608521815
1783069738742434815
1783069738809419815
1783069738943349815
1783069739010390815
1783069739144396815
1783069739211393815
1783069739345289815
1783069739412230815
1783069739546335815
1783069739613252815
1783069739680286815
1783069739814332815
1783069739881230815
1783069740015220815
1783069740081980815
1783069740216103815
1783069740283204815
1783069740417191815
1783069740484190815
1783069740618051815
1783069740684931815
1783069740819058815
1783069740886070815
1783069741020081815
1783069741087066815
1783069741220943815
1783069741287819815
1783069741421967815
1783069741488964815
1783069741622918815
1783069741689968815
1783069741823834815
1783069741890733815
1783069742024751815
1783069742091892815
1783069742225798815
1783069742292763815
1783069742426730815
1783069742493632815
1783069742627727815
1783069742694735815
1783069742828665815
1783069742895746815
1783069743029643815
1783069743096499815
1783069743230668815
1783069743297622815
1783069743431638815
1783069743498628815
1783069743632409815
1783069743699596815
1783069743833514815
1783069743900453815
1783069744034494815
1783069744101528815
1783069744235189815
1783069744302331815
1783069744436315815
1783069744503338815
1783069744637364815
1783069744704372815
1783069744838222815
1783069744905223815
1783069745039271815
1783069745106264815
1783069745240428815
1783069745307207815
1783069745441074815
1783069745508183815
1783069745642220815
1783069745709199815
1783069745843240815
1783069745910076815
1783069746043948815
1783069746111094815
1783069746245112815
1783069746311974815
1783069746446088815
1783069746512921815
1783069746579876815
1783069746713995815
1783069746780908815
1783069746915034815
1783069746982065815
1783069747115816815
1783069747182750815
1783069747316857815
1783069747383893815
1783069747517907815
1783069747584864815
1783069747718753815
1783069747785758815
1783069747919733815
1783069747986742815
1783069748120682815
1783069748187683815
1783069748321625815
1783069748388642815
1783069748522673815
1783069748589660815
1783069748723690815
1783069748790595815
1783069748924565815
1783069748991539815
1783069749125507815
1783069749192550815
1783069749326543815
1783069749393478815
1783069749527426815
1783069749594418815
1783069749728331815
1783069749795437815
1783069749929340815
1783069749996383815
1783069750130316815
1783069750197336815
1783069750331246815
1783069750398223815
1783069750532249815
1783069750599231815
1783069750733219815
1783069750800106815
1783069750934233815
1783069751001245815
1783069751135238815
1783069751202277815
1783069751336150815
1783069751402967815
1783069751537142815
1783069751604100815
1783069751738155815
1783069751805200815
1783069751939015815
1783069752005915815
1783069752140016815
1783069752206985815
1783069752341018815
1783069752408071815
1783069752541875815
1783069752608678815
1783069752742809815
1783069752809793815
1783069752943820815
1783069753010800815
1783069753144699815
1783069753211568815
1783069753345703815
1783069753412707815
1783069753479827815
1783069753613751815
1783069753680580815
1783069753814523815
1783069753881672815
1783069754015591815
1783069754082692815
1783069754216683815
1783069754283573815
1783069754417349815
1783069754484522815
1783069754618503815
1783069754685532815
1783069754819557815
1783069754886353815
1783069755020269815
1783069755087430815
1783069755221390815
1783069755288408815
1783069755422403815
1783069755489245815
1783069755623208815
1783069755690334815
1783069755824318815
1783069755891286815
1783069756025314815
1783069756092144815
1783069756226110815
1783069756293254815
1783069756427242815
1783069756494256815
1783069756628309815
1783069756695022815
1783069756828980815
1783069756896117815
1783069757030034815
1783069757097202815
1783069757231067815
1783069757297923815
1783069757431867815
1783069757499013815
1783069757632999815
1783069757700085815
1783069757834200815
1783069757900952815
1783069758034920815
1783069758101889815
1783069758235973815
1783069758302909815
1783069758436930815
1783069758503785815
1783069758637713815
1783069758704715815
1783069758838792815
1783069758905791815
1783069759039831815
1783069759106595815
1783069759240587815
1783069759307586815
1783069759441609815
1783069759508586815
1783069759642471815
1783069759709537815
1783069759843481815
1783069759910500815
1783069760044564815
1783069760111584815
1783069760245420815
1783069760312444815
1783069760379334815
1783069760513488815
1783069760580413815
1783069760714415815
1783069760781444815
1783069760915361815
1783069760982250815
1783069761116364815
1783069761183380815
1783069761317299815
1783069761384279815
1783069761518149815
1783069761585111815
1783069761719257815
1783069761786247815
1783069761920182815
1783069761987294815
1783069762121038815
1783069762187909815
1783069762322143815
1783069762389143815
1783069762523179815
1783069762590136815
1783069762724107815
1783069762790926815
1783069762925019815
1783069762992025815
1783069763125940815
1783069763193032815
1783069763326912815
1783069763393791815
1783069763527822815
1783069763594914815
1783069763728907815
1783069763795985815
1783069763929793815
1783069763996602815
1783069764130792815
1783069764197735815
1783069764331777815
1783069764398806815
1783069764532694815
1783069764599608815
1783069764733648815
1783069764800712815
1783069764934694815
1783069765001737815
1783069765135500815
1783069765202540815
1783069765336603815
1783069765403515815
1783069765537585815
1783069765604556815
1783069765738242815
1783069765805500815
1783069765939440815
1783069766006512815
1783069766140486815
1783069766207349815
1783069766341225815
1783069766408340815
1783069766542377815
1783069766609328815
1783069766743383815
1783069766810260815
1783069766944047815
1783069767011186815
1783069767145134815
1783069767212211815
1783069767279227815
1783069767413067815
1783069767480070815
1783069767614054815
1783069767681079815
1783069767815055815
1783069767882093815
1783069768016019815
1783069768083016815
