1770731353.623875 -0.063822836 8.856529236 1.656720996 -0.017469887 0.020834804 0.679798067 0.732895195
1770731353.922702 -0.056576431 9.261738777 1.646994591 -0.017619187 0.018732006 0.679602087 0.733130097
1770731354.218027 -0.018481743 9.709444046 1.623893380 -0.017384859 0.036700215 0.679351807 0.732688308
1770731354.523998 -0.016999828 10.142479897 1.607516170 -0.015948741 0.028262440 0.684032142 0.728729665
1770731354.822061 -0.029189864 10.546398163 1.592940927 -0.019317646 0.020529730 0.688342035 0.724838316
1770731355.123363 -0.010667443 10.966494560 1.582160950 -0.016627582 0.027347762 0.688232660 0.724783719
1770731355.431495 0.006471884 11.389102936 1.566454291 -0.013384782 0.030460209 0.686805904 0.726079106
1770731355.725272 0.011763752 11.803693771 1.554324269 -0.014356277 0.025675349 0.685324490 0.727643549
1770731356.023354 0.014777379 12.199035645 1.547534943 -0.013356930 0.016534681 0.682460785 0.730613172
1770731356.345640 0.047437541 12.679922104 1.521132588 -0.022719666 0.032302018 0.677291036 0.734654546
1770731356.418021 0.051092964 12.784780502 1.517405152 -0.023340860 0.031214813 0.676268458 0.735623419
1770731356.518019 0.042188246 12.901861191 1.520762086 -0.015991217 0.010969160 0.674099624 0.738385916
1770731356.620703 0.047167208 13.020833969 1.523314834 -0.014920304 0.012845315 0.673814595 0.738638222
1770731356.722361 0.063503779 13.156964302 1.516180158 -0.012628054 0.015896404 0.672149420 0.740137219
1770731356.821918 0.063555107 13.294007301 1.515801430 -0.015796246 0.011377546 0.669935822 0.742163777
1770731357.020613 0.072488636 13.576408386 1.508802056 -0.018010030 0.011942392 0.672991991 0.739334047
1770731357.221045 0.095789671 13.892801285 1.489374876 -0.023539031 0.027791336 0.675854445 0.736134827
1770731357.421571 0.138331294 14.176847458 1.476905942 -0.017072748 0.042621657 0.678087711 0.733545601
1770731357.522814 0.135533959 14.301054001 1.476635337 -0.014468311 0.032434229 0.677399695 0.734757364
1770731357.727683 0.138930842 14.576035500 1.463077188 -0.017421845 0.032561466 0.679028094 0.733182967
1770731357.920750 0.149834752 14.830232620 1.459021449 -0.013110484 0.025887655 0.677602649 0.734855533
1770731358.022210 0.159371138 14.960785866 1.460253835 -0.007748189 0.023752628 0.677592099 0.735013425
1770731358.221376 0.149341717 15.228875160 1.452858567 -0.013442509 0.019707467 0.681717873 0.731226206
1770731358.322294 0.153222024 15.381114006 1.442903280 -0.016628567 0.023138700 0.684769034 0.728202999
1770731358.437998 0.153212965 15.555052757 1.434272170 -0.021532793 0.027949337 0.689210236 0.723701894
1770731358.536736 0.145979971 15.690485954 1.433630586 -0.021948783 0.024502257 0.694319546 0.718914568
1770731358.621222 0.145960808 15.804174423 1.431094408 -0.019238994 0.024604468 0.696824074 0.716561735
1770731358.720623 0.156002373 15.929668427 1.430868387 -0.012370288 0.025429277 0.696853340 0.716655970
1770731359.020221 0.149966866 16.310646057 1.434558630 -0.006271624 0.014271050 0.696409404 0.717475474
1770731359.221943 0.150734499 16.592121124 1.420040727 -0.011168350 0.021101799 0.696878374 0.716791868
1770731359.421003 0.149739653 16.893390656 1.405950904 -0.020706857 0.029530499 0.694692552 0.718402088
1770731359.621248 0.143965825 17.172094345 1.399469733 -0.019150628 0.024818955 0.692274451 0.720953166
1770731359.819725 0.151940554 17.425025940 1.397769809 -0.012978167 0.020272873 0.690701544 0.722739339
1770731359.932230 0.136782497 17.574102402 1.390694499 -0.018822204 0.016410248 0.691208363 0.722223997
1770731360.121161 0.148699462 17.857501984 1.375723720 -0.023197534 0.025764357 0.689957201 0.723019481
1770731360.319667 0.152111173 18.140810013 1.364681482 -0.023689583 0.024718840 0.686740398 0.726096034
1770731360.531192 0.161475331 18.421369553 1.358782649 -0.020269779 0.023765441 0.685123503 0.727756917
1770731360.719778 0.162413687 18.676296234 1.356894732 -0.017901585 0.017928159 0.684430659 0.728637695
1770731360.919366 0.183939219 18.951896667 1.352852941 -0.012184265 0.021594262 0.683029711 0.729969680
1770731361.117327 0.172661915 19.220861435 1.346070290 -0.020504322 0.011095754 0.679469287 0.733333528
1770731361.320604 0.199305162 19.529916763 1.330533504 -0.021739697 0.026771406 0.679661691 0.732714653
1770731361.519022 0.205614626 19.793924332 1.338770270 -0.011504222 0.014102378 0.679972112 0.733012080
1770731361.723553 0.233231589 20.092748642 1.320799112 -0.016784946 0.028849443 0.678630531 0.733721137
1770731361.820387 0.231369540 20.219951630 1.325569630 -0.009462368 0.017835574 0.677737236 0.735026956
1770731361.919004 0.235974029 20.361532211 1.320717931 -0.014861431 0.022635290 0.677681446 0.734856963
1770731362.017621 0.252882004 20.513626099 1.306483150 -0.017563881 0.031769019 0.676314533 0.735717952
1770731362.318650 0.277519464 20.848386765 1.295114040 -0.019291859 0.036094822 0.667867303 0.743154347
1770731362.618919 0.263458908 20.867748260 1.303194880 -0.015068172 0.021057859 0.665001333 0.746393204
1770731362.818887 0.261188328 20.900152206 1.311230421 -0.009632851 0.012135508 0.663651228 0.747881651
1770731362.918412 0.269504428 20.959857941 1.315846443 -0.005225919 0.009124208 0.662678957 0.748829901
1770731363.318301 0.307627141 21.429464340 1.300922513 -0.008690908 0.016370468 0.670208216 0.741941750
1770731363.516631 0.314019471 21.712327957 1.296747446 -0.006244935 0.014297064 0.684978545 0.728396297
1770731363.620498 0.305365235 21.871316910 1.290344238 -0.014373818 0.015402041 0.683919668 0.729253113
1770731363.817856 0.320532948 22.152431488 1.282238960 -0.018052116 0.019677015 0.681007862 0.731789112
1770731364.017787 0.330139458 22.437707901 1.265635371 -0.022078788 0.024064746 0.678510368 0.733864605
1770731364.218002 0.337112457 22.727890015 1.259754181 -0.023236765 0.017307177 0.675690770 0.736615598
1770731364.418226 0.342795193 22.996000290 1.257857561 -0.018906122 0.009222689 0.674644768 0.737842798
1770731364.617207 0.361591876 23.276935577 1.247154951 -0.022607040 0.014475626 0.672370791 0.739727616
1770731364.816916 0.384697527 23.576112747 1.235685110 -0.027473062 0.023105102 0.670482218 0.741056740
1770731365.018723 0.410607249 23.863960266 1.225301981 -0.021996541 0.019904975 0.667331278 0.744169950
1770731365.218287 0.442217678 24.132595062 1.222270846 -0.016703382 0.025468307 0.665735006 0.745566487
1770731365.316605 0.454658359 24.267499924 1.217973351 -0.016352557 0.026254620 0.665431440 0.745817900
1770731365.417789 0.458436668 24.406072617 1.211833239 -0.018413030 0.023023602 0.664502323 0.746704578
1770731365.518571 0.468046248 24.543354034 1.211405635 -0.015336347 0.020696966 0.664232731 0.747081876
1770731365.614920 0.480934441 24.684171677 1.204086900 -0.018513996 0.025490200 0.662480175 0.748416722
1770731366.018520 0.536080122 25.245027542 1.186663032 -0.013769315 0.027602822 0.658286512 0.752135158
1770731366.218605 0.567914605 25.517148972 1.183572531 -0.006822436 0.030538116 0.662206233 0.748668075
1770731366.317894 0.581678510 25.665407181 1.179166198 -0.006917019 0.034939978 0.665263295 0.745758832
1770731366.420961 0.594094396 25.815769196 1.174370289 -0.004394147 0.036734298 0.672854722 0.738849103
1770731366.615853 0.579481721 26.098016739 1.164091468 -0.008417013 0.030750643 0.693011224 0.720221519
1770731366.816473 0.568484545 26.361257553 1.158981323 -0.006459444 0.031603407 0.706296444 0.707180917
1770731367.015037 0.538972080 26.622877121 1.149596572 -0.013450938 0.021250041 0.702425539 0.711312890
1770731367.121747 0.543208838 26.778133392 1.140112877 -0.013155811 0.027058318 0.701598585 0.711937070
1770731367.316474 0.540608943 27.071908951 1.124532938 -0.020234238 0.033837099 0.699540079 0.713504970
1770731367.515832 0.544295609 27.334014893 1.121535063 -0.009967556 0.027585860 0.697626352 0.715861142
1770731367.716037 0.539682150 27.585033417 1.120906234 -0.005887856 0.021428244 0.697501361 0.716238856
1770731367.918135 0.547815263 27.867465973 1.112005711 -0.006585049 0.029428313 0.695901275 0.717504144
1770731368.117960 0.533722401 28.151956558 1.097835302 -0.014511336 0.024412697 0.694031596 0.719384193
1770731368.215089 0.546596348 28.295101166 1.090138316 -0.012970655 0.031321585 0.692775369 0.720356286
1770731368.414881 0.541085899 28.565231323 1.081122518 -0.015889984 0.026108667 0.689891398 0.723267436
1770731368.616042 0.542724729 28.844308853 1.070167303 -0.017613448 0.025196513 0.687672198 0.725370228
1770731368.815491 0.548060894 29.116931915 1.063509703 -0.016123159 0.023424422 0.685847759 0.727189302
1770731369.014033 0.546781003 29.378129959 1.059064984 -0.014321270 0.014786081 0.683780372 0.729397595
1770731369.515888 0.588343561 30.126005173 1.028515697 -0.015700582 0.029418895 0.683267117 0.729406714
1770731370.013817 0.592621088 30.829526901 1.001192093 -0.023465537 0.024584988 0.681197941 0.731310010
1770731370.214717 0.602237105 31.107501984 0.990905046 -0.019897483 0.022036027 0.681030154 0.731653214
1770731370.415201 0.629102111 31.392604828 0.979849994 -0.014215243 0.029331721 0.680481732 0.732039809
1770731370.612742 0.632731080 31.665569305 0.967314720 -0.016848948 0.022280132 0.676786900 0.735648930
1770731370.814083 0.654179990 31.948846817 0.957310557 -0.016417885 0.029437894 0.677655756 0.734606504
1770731371.113234 0.664378226 32.362438202 0.941824973 -0.019145342 0.022129092 0.673511088 0.738597810
1770731371.314207 0.678697109 32.642139435 0.928446829 -0.022794126 0.024946231 0.671820581 0.739942789
1770731371.512650 0.705788851 32.933799744 0.915278196 -0.021328304 0.031057976 0.669620991 0.741746783
1770731371.713511 0.727150977 33.191505432 0.914109349 -0.014822114 0.025792293 0.667169213 0.744312048
1770731371.913189 0.734879196 33.456443787 0.899546385 -0.021699000 0.024773421 0.666581333 0.744704545
1770731372.214380 0.773608267 33.873668671 0.885448456 -0.015528076 0.024013318 0.668678701 0.743001401
1770731372.534573 0.786926448 34.331790924 0.862454355 -0.021043804 0.027878838 0.677671552 0.734534740
1770731372.712533 0.796227276 34.577613831 0.850896955 -0.019586656 0.025728947 0.683457077 0.729274213
1770731372.916594 0.796900094 34.867141724 0.836599052 -0.022333160 0.026723107 0.685859442 0.726900339
1770731373.213005 0.809021652 35.268115997 0.823066711 -0.019729277 0.023734903 0.684318244 0.728530109
1770731373.412393 0.818091869 35.528511047 0.819721997 -0.015207008 0.021641418 0.684852958 0.728201151
1770731373.611980 0.825546384 35.824752808 0.801366687 -0.023405449 0.025915187 0.682601333 0.729956210
1770731373.911689 0.842432618 36.223052979 0.794678688 -0.016015917 0.018378342 0.677661300 0.734970033
1770731374.213122 0.865155280 36.641456604 0.780568838 -0.016151005 0.021467622 0.676163971 0.736261368
1770731374.419896 0.906955779 36.953571320 0.765081108 -0.014635907 0.037809711 0.674462974 0.737194657
1770731374.623195 0.900522768 37.212314606 0.766767979 -0.014063096 0.019224526 0.671811104 0.740339458
1770731374.812783 0.926637352 37.466274261 0.758843303 -0.010069040 0.020842236 0.669890821 0.742098749
1770731375.012282 0.946170866 37.767444611 0.742844641 -0.018660579 0.030370612 0.667667508 0.743605793
1770731375.211245 0.964020014 38.039844513 0.738287628 -0.013404394 0.024699053 0.667032838 0.744498193
1770731375.411345 0.977062166 38.316543579 0.733096182 -0.012805134 0.023664556 0.670176327 0.741714060
1770731375.605802 0.999825478 38.580596924 0.729770839 -0.008459695 0.027600290 0.677226782 0.735207975
1770731375.811039 1.009806395 38.881851196 0.717550814 -0.015170043 0.033272270 0.677038729 0.735038459
1770731376.011508 1.017544985 39.149768829 0.710726619 -0.014929741 0.029932711 0.676072001 0.736075938
1770731376.311116 1.050267100 39.563282013 0.691337585 -0.016099788 0.034234252 0.671678782 0.739875972
1770731376.613900 1.066918254 39.957813263 0.683528721 -0.010924963 0.026500151 0.672428191 0.739607155
1770731376.911567 1.094493747 40.375762939 0.667478800 -0.017417878 0.032505661 0.670785666 0.740733862
1770731377.109356 1.114851832 40.628170013 0.666534007 -0.008241829 0.026389943 0.669788003 0.742037654
1770731377.311541 1.135172606 40.899684906 0.662289441 -0.003112813 0.034132853 0.682518780 0.730064034
1770731377.510496 1.137201905 41.175888062 0.653880239 -0.006033461 0.028836003 0.682743311 0.730064154
1770731377.712013 1.161199212 41.442604065 0.647312284 -0.002871880 0.036878824 0.683033526 0.729449749
1770731377.916290 1.149926662 41.718486786 0.645494819 -0.005275806 0.027097085 0.686635435 0.726477683
1770731378.109957 1.172272325 42.001853943 0.632167041 -0.006389077 0.037646450 0.685239494 0.727316201
1770731378.311021 1.167016029 42.272140503 0.625835001 -0.011439086 0.031976800 0.682261884 0.730318725
1770731378.510035 1.187011600 42.535640717 0.621685028 -0.006001512 0.032663293 0.680171371 0.732300520
1770731378.810333 1.201210141 42.944087982 0.608467698 -0.007295172 0.029719550 0.676170468 0.736109436
1770731379.109881 1.220753074 43.377227783 0.593325675 -0.011382739 0.032348868 0.673614323 0.738287091
1770731379.406690 1.247781157 43.772693634 0.591121197 -0.003890680 0.023256566 0.670303106 0.741712749
1770731379.708925 1.275720596 44.218475342 0.567865491 -0.012335700 0.028199928 0.666528881 0.744843483
1770731379.908769 1.288496256 44.497303009 0.560825229 -0.013024847 0.019195100 0.663925171 0.747439206
1770731380.209993 1.347335815 44.907165527 0.550470829 -0.010445415 0.028026534 0.659774840 0.750867963
1770731380.508591 1.381288648 45.369461060 0.515541911 -0.016685151 0.045813099 0.669677436 0.741049945
1770731380.809194 1.392636657 45.792537689 0.508887112 -0.010854505 0.030513391 0.676232696 0.735975921
1770731381.112083 1.400204897 46.213008881 0.496591628 -0.013075029 0.027285744 0.679319561 0.733218610
1770731381.308244 1.398293853 46.483741760 0.492849201 -0.010405390 0.017978655 0.679846883 0.733059824
1770731381.507046 1.439239383 46.788608551 0.473236650 -0.012147599 0.037876844 0.679072678 0.732992589
1770731381.709352 1.441995144 47.077152252 0.463389367 -0.011766315 0.026759647 0.677139699 0.735273719
1770731381.906941 1.462676287 47.363761902 0.446019799 -0.011814443 0.030487735 0.676148295 0.736039698
1770731382.108183 1.476686001 47.633739471 0.444670141 -0.006333950 0.024221826 0.673407495 0.738847494
1770731382.429000 1.493610144 48.029197693 0.428805709 -0.009857060 0.024212716 0.672214329 0.739894986
1770731382.706537 1.485291958 48.273998260 0.424294293 -0.009803751 0.014190950 0.679335177 0.733625472
1770731383.207052 1.489202619 48.516738892 0.413066298 -0.006922918 0.019331481 0.705835402 0.708078265
1770731383.706245 1.441924453 48.663341522 0.398441643 -0.008421772 0.020124473 0.747949362 0.663397253
1770731384.004214 1.383355379 48.840415955 0.374245465 -0.016055819 0.025974916 0.780007660 0.625024378
1770731384.305551 1.316788197 48.951805115 0.363527864 -0.019341674 0.020545205 0.805431485 0.592016816
1770731384.805852 1.217302322 49.083560944 0.352410287 -0.012181565 0.015083860 0.839215815 0.543452799
1770731385.105656 1.118346572 49.231399536 0.336520642 -0.013337605 0.014443156 0.853205204 0.521204829
1770731385.504710 0.926643193 49.412033081 0.290866584 -0.037094891 0.002127972 0.881131172 0.471409827
1770731385.805576 0.812226832 49.517379761 0.265530586 -0.045740411 0.005518466 0.899473369 0.434539974
1770731386.203835 0.670373261 49.612144470 0.244639665 -0.044464637 0.005357550 0.923322141 0.381405830
1770731386.604779 0.499664366 49.737197876 0.225289613 -0.037529480 0.015716664 0.943662345 0.328399092
1770731387.004684 0.281277418 49.848739624 0.208803803 -0.030756108 0.020763913 0.961800635 0.271224350
1770731387.204074 0.185083359 49.864334106 0.212940529 -0.009813084 0.008342273 0.968813181 0.247457445
1770731387.703906 -0.135709003 49.951435089 0.179411918 -0.002560515 0.004720645 0.983830452 0.179022208
1770731388.102436 -0.343607396 49.989162445 0.164793864 -0.006340865 0.009119335 0.992473960 0.121950835
1770731388.521011 -0.555430174 49.980457306 0.146188393 -0.003351370 0.000705169 0.996742070 0.080582887
1770731388.903462 -0.726477623 49.972999573 0.129705876 -0.007986338 0.004809698 0.999683440 0.023371316
1770731389.102543 -0.788834929 49.944931030 0.124860510 -0.004465471 -0.000366593 0.999986649 0.002593889
1770731391.802873 -1.171965361 49.688175201 0.000439152 -0.020601787 0.002787321 0.933515370 -0.357934326
1770731392.502083 -1.151898384 49.662570953 -0.010799736 -0.019873101 0.000890673 0.906104326 -0.422586322
1770731393.213248 -1.230463624 49.549072266 -0.017623059 -0.017551582 0.003741981 0.898526907 -0.438551635
1770731393.604360 -1.243508816 49.480987549 -0.019357190 -0.014236869 0.001669734 0.873389304 -0.486811727
1770731394.002869 -1.254093409 49.413688660 -0.023388758 -0.015686620 0.001743650 0.846720636 -0.531803668
1770731395.701613 -1.291095495 49.069694519 -0.042936467 -0.012787547 -0.010346242 0.780041695 -0.625511229
1770731396.000472 -1.306216717 48.999507904 -0.052476831 -0.018592745 -0.015415370 0.781714082 -0.623169243
1770731396.300583 -1.321159244 48.915405273 -0.062112793 -0.022360479 -0.016460627 0.778748393 -0.626721621
1770731396.900302 -1.325870275 48.657577515 -0.084559865 -0.023961568 -0.031602878 0.762696922 -0.645539045
1770731397.218681 -1.339254498 48.538234711 -0.083167754 -0.024141138 -0.025310626 0.753188014 -0.656874776
1770731397.501795 -1.349431396 48.445873260 -0.064477056 -0.011835522 -0.007492127 0.746718168 -0.664993107
1770731397.702183 -1.372272253 48.368984222 -0.044865951 -0.007991186 0.009637791 0.740563333 -0.671869993
1770731397.896737 -1.357520103 48.241104126 -0.035057232 -0.013153585 -0.010725289 -0.739776194 0.672638953
1770731398.298245 -1.415047526 47.752616882 -0.051282197 -0.017146543 -0.002196105 0.740977287 -0.671307623
1770731398.498937 -1.431005001 47.440879822 -0.055263050 -0.020623917 -0.006851729 0.742212713 -0.669811964
1770731398.697867 -1.442706347 47.183120728 -0.047710054 -0.009157313 -0.004184516 0.745251179 -0.666707814
1770731398.898273 -1.470118284 46.922069550 -0.050920747 -0.013231883 -0.002752305 0.745560348 -0.666301191
1770731399.098628 -1.496430397 46.663089752 -0.042903021 -0.013820367 0.003481921 0.746705174 -0.665002584
1770731399.299550 -1.519063950 46.407405853 -0.036377765 -0.009699670 0.005925087 0.747872233 -0.663745522
1770731399.498063 -1.535790086 46.144786835 -0.034738474 -0.013848559 0.002552356 0.743155181 -0.668971002
1770731399.698969 -1.547489166 45.869762421 -0.028821632 -0.010452765 0.001380838 0.737331748 -0.675448656
1770731399.804585 -1.562084794 45.718677521 -0.033122525 -0.018171914 0.003292268 0.733868182 -0.679040849
1770731399.998275 -1.564537287 45.472923279 -0.025700279 -0.012466088 0.001909309 0.731387913 -0.681845188
1770731400.194403 -1.581209183 45.227527618 -0.021904863 -0.012294318 0.006078414 0.734946430 -0.677986503
1770731400.398131 -1.604404211 44.938526154 -0.024496421 -0.016076194 0.003135152 0.740518570 -0.671836376
1770731400.497258 -1.608224630 44.801422119 -0.023195326 -0.017601466 0.001570812 0.740791678 -0.671502352
1770731400.698908 -1.639108658 44.536041260 -0.020859018 -0.020490559 0.005642337 0.744987786 -0.666739583
1770731400.897275 -1.650000930 44.275920868 -0.015913472 -0.016050069 0.003077683 0.747414112 -0.664157450
1770731400.997963 -1.682089210 44.145908356 -0.014193930 -0.020163335 0.012202613 0.748343349 -0.662892759
1770731401.098604 -1.685139894 44.013786316 -0.008392364 -0.014756549 0.010232073 0.750089228 -0.661092758
1770731401.203786 -1.697603226 43.877471924 -0.004373260 -0.014585141 0.013359702 0.749970973 -0.661175013
1770731401.397532 -1.722303152 43.618648529 -0.001819216 -0.017501621 0.012003298 0.748378873 -0.662931979
1770731401.597044 -1.737717390 43.364013672 0.010915823 -0.012967678 0.014834701 0.745437980 -0.666283727
1770731401.796901 -1.753773332 43.099170685 0.015982389 -0.012593560 0.011939997 0.742498696 -0.669622719
1770731401.997270 -1.775366068 42.825859070 0.012467116 -0.023034928 0.008752616 0.739242017 -0.672988951
1770731402.196370 -1.782804132 42.572162628 0.018944681 -0.020807222 0.006627909 0.736023128 -0.676604211
1770731402.398530 -1.795439601 42.317646027 0.026616968 -0.014816327 0.009235860 0.738881648 -0.673609138
1770731402.594030 -1.822196245 42.063552856 0.026740320 -0.016584178 0.013879883 0.742250383 -0.669773698
1770731402.800792 -1.842389345 41.786361694 0.029538766 -0.019306904 0.010431913 0.747776449 -0.663587809
1770731402.997308 -1.862811565 41.528434753 0.034110039 -0.018851651 0.008708148 0.750661969 -0.660360157
1770731403.196483 -1.886332393 41.262962341 0.034348950 -0.018743234 0.009381286 0.748188794 -0.663154781
1770731403.396966 -1.905816913 40.997051239 0.040712357 -0.020183152 0.009040001 0.743944705 -0.667875230
1770731403.496112 -1.902920008 40.875679016 0.043790899 -0.012605360 0.008181742 0.740390003 -0.672009587
1770731403.695622 -1.919823289 40.612697601 0.046133958 -0.015653281 0.008397727 0.733105242 -0.679883242
1770731403.895589 -1.923702240 40.355716705 0.053740546 -0.010927410 0.013085779 0.726549745 -0.686902463
1770731404.094112 -1.928291440 40.091133118 0.054516569 -0.011658050 0.005679375 0.730629444 -0.682651103
1770731404.296521 -1.940291882 39.825130463 0.057579644 -0.013312411 0.005649940 0.733391702 -0.679652512
1770731404.496137 -1.950098515 39.544795990 0.056387246 -0.012095034 0.001496915 0.738815665 -0.673797429
1770731404.697485 -1.975739241 39.277565002 0.061562560 -0.012331568 0.005842418 0.742827475 -0.669343948
1770731404.889958 -1.994054317 39.028118134 0.066448875 -0.010895209 0.007072947 0.746938765 -0.664766014
1770731405.091425 -2.029410124 38.745937347 0.061004572 -0.022401998 0.002614808 0.751240134 -0.659643531
1770731405.196671 -2.044242382 38.610191345 0.062849373 -0.017316241 0.003073028 0.753982306 -0.656659186
1770731405.394902 -2.081889629 38.356796265 0.069799721 -0.014093987 0.013268684 0.756031573 -0.654248893
1770731405.594976 -2.102576494 38.092735291 0.071171261 -0.015542703 0.014523050 0.751608312 -0.659266591
1770731405.794870 -2.119664192 37.816318512 0.072612442 -0.018501375 0.007025889 0.746139765 -0.665495217
1770731405.994743 -2.126889706 37.550552368 0.074206971 -0.018671419 0.004617259 0.737658918 -0.674899578
1770731406.193743 -2.135814667 37.297595978 0.080315217 -0.015814358 0.005449590 0.737038732 -0.675643563
1770731406.395761 -2.151952744 37.033020020 0.083434954 -0.013997854 0.006459995 0.742000878 -0.670221746
1770731406.594515 -2.173041344 36.762279510 0.085213676 -0.014354624 0.005307352 0.747370243 -0.664231539
1770731406.793239 -2.199167013 36.493427277 0.082651243 -0.014289781 0.006271828 0.752240300 -0.658703983
1770731406.993650 -2.214570761 36.222099304 0.087631166 -0.013155789 0.004243500 0.751090586 -0.660054386
1770731407.190799 -2.240170717 35.950778961 0.080847599 -0.019282568 0.003737456 0.747439563 -0.664039433
1770731407.394658 -2.260907412 35.690753937 0.090658911 -0.015645878 0.007194695 0.751552701 -0.659448266
1770731407.595139 -2.288762093 35.447952271 0.104353160 0.007404895 -0.017936233 -0.752404213 0.658415735
1770731407.794895 -2.307188988 35.166854858 0.099095024 -0.014450196 0.010612870 0.749263227 -0.662029624
1770731407.992074 -2.326692343 34.897956848 0.099988677 -0.019716376 0.010067815 0.742001414 -0.670032680
1770731408.194616 -2.323102474 34.651065826 0.108612604 -0.011245197 0.007727452 0.736924171 -0.675837755
1770731408.393684 -2.325073242 34.398006439 0.113536187 -0.010102695 0.003744861 0.732399344 -0.680790126
1770731408.593812 -2.336714745 34.130714417 0.110696539 -0.011008870 0.001808266 0.736104727 -0.676775813
1770731408.793434 -2.355351210 33.867622375 0.115761608 -0.010794514 0.008249703 0.738688290 -0.673910320
1770731408.992771 -2.368106127 33.601108551 0.114778042 -0.011536966 0.006083209 0.739665091 -0.672848880
1770731409.191571 -2.384323359 33.332336426 0.111788042 -0.020265967 0.000996713 0.737608492 -0.674923778
1770731409.394481 -2.393316269 33.079135895 0.123500556 -0.013412460 0.002739440 0.739946604 -0.672526360
1770731409.590200 -2.414678574 32.831924438 0.127162814 -0.010439648 0.007915777 0.744417429 -0.667586029
1770731409.792429 -2.440896988 32.564796448 0.133487701 -0.011917864 0.012619093 0.746346712 -0.665331006
1770731409.993550 -2.464646339 32.296875000 0.138038248 -0.017578436 0.010850641 0.742832124 -0.669159055
1770731410.192713 -2.467236996 32.041011810 0.146858901 -0.013139845 0.007628195 0.735575080 -0.677272856
1770731410.392593 -2.464346170 31.785066605 0.153343499 -0.009807133 0.005971853 0.727388918 -0.686129391
1770731410.592087 -2.477322578 31.517152786 0.153420180 -0.017164636 0.004109892 0.724358857 -0.689197183
1770731410.792342 -2.477430582 31.281551361 0.168716684 0.006088609 -0.013642184 -0.727785110 0.685642540
1770731410.992554 -2.499142885 31.018577576 0.172153115 -0.012675613 0.013372988 0.731787205 -0.681284070
1770731411.193874 -2.512696028 30.738414764 0.172450438 -0.017998863 0.006403783 0.736108184 -0.676594257
1770731411.393076 -2.539141178 30.466299057 0.173600361 -0.023295702 0.007364653 0.739017308 -0.673243165
1770731411.508718 -2.547256947 30.312936783 0.174303144 -0.022626949 0.006005722 0.740596950 -0.671541691
1770731411.691739 -2.569640160 30.083541870 0.186268747 -0.018988278 0.012624330 0.742094696 -0.669907212
1770731411.891236 -2.582867146 29.836990356 0.193921924 -0.011728380 0.015909860 0.744278848 -0.667576492
1770731412.091719 -2.612857819 29.573261261 0.204803109 -0.019058524 0.019645158 0.739936888 -0.672119260
1770731412.290999 -2.610006571 29.304006577 0.210219175 -0.010701845 0.015166418 0.736128449 -0.676587403
1770731412.490868 -2.635480404 29.032348633 0.216047347 -0.016903387 0.016902706 0.737503409 -0.674920261
1770731412.690423 -2.642583609 28.768661499 0.220886439 -0.011715956 0.011503553 0.743404388 -0.668640733
1770731412.891128 -2.674909115 28.485267639 0.223130032 -0.018954838 0.008706328 0.747695923 -0.663713694
1770731413.090191 -2.691762686 28.224737167 0.229534358 -0.012200659 0.008901770 0.752107680 -0.658867121
1770731413.289791 -2.722312450 27.974010468 0.239915535 -0.008734760 0.014108333 0.755343735 -0.655118704
1770731413.490295 -2.746029615 27.698696136 0.241696119 -0.008561416 0.008756306 0.757115841 -0.653165936
1770731413.689994 -2.782631397 27.410671234 0.238830179 -0.022790678 0.005250485 0.751195669 -0.659665167
1770731413.890175 -2.785911798 27.147991180 0.245857120 -0.011160308 0.006471507 0.744446099 -0.667558014
1770731414.090449 -2.796377659 26.895160675 0.256637633 0.003375759 -0.010002214 -0.737190604 0.675602436
1770731414.290691 -2.814579964 26.634593964 0.258394390 -0.007492289 0.010904931 0.734258771 -0.678740740
1770731414.489099 -2.828583241 26.364238739 0.260575026 -0.011910469 0.007077034 0.736348569 -0.676460564
1770731414.695998 -2.857230186 26.078512192 0.260439515 -0.018181138 0.006474365 0.740843773 -0.671400070
1770731414.895915 -2.866825819 25.813682556 0.263695121 -0.016464921 0.003561856 0.743752897 -0.668242395
1770731415.089550 -2.891467571 25.562829971 0.266302824 -0.013448302 0.007186577 0.751510680 -0.659544647
1770731415.289889 -2.912093163 25.294755936 0.268852115 -0.012621134 0.004970824 0.755409002 -0.655113161
1770731415.498577 -2.950977802 25.011896133 0.265183181 -0.016616177 0.004384812 0.760045350 -0.649642766
1770731415.687707 -2.966600418 24.763492584 0.266801119 -0.009503660 0.001654859 0.759884417 -0.649986744
1770731415.888826 -2.994597197 24.497644424 0.265621930 -0.014686049 0.001567120 0.753280699 -0.657533407
1770731416.089025 -3.007797956 24.235961914 0.263715506 -0.015070627 -0.000943160 0.748109937 -0.663402975
1770731416.289554 -3.013315439 23.984100342 0.266552866 -0.008495215 -0.000933927 0.742853105 -0.669399977
1770731416.493326 -3.026224136 23.733156204 0.272714853 -0.000761145 0.004790291 0.743548632 -0.668664396
1770731416.690385 -3.051148415 23.468347549 0.269960910 -0.003797074 0.001499253 0.750826061 -0.660487413
1770731416.888060 -3.089073181 23.191581726 0.268333972 -0.011050088 0.001178949 0.756152511 -0.654301047
1770731417.097655 -3.114825726 22.901826859 0.264335543 -0.012055894 -0.003549767 0.761488676 -0.648056507
1770731417.290550 -3.138689280 22.663284302 0.272045493 -0.004446501 0.003154716 0.757429719 -0.652893901
1770731417.488322 -3.154476404 22.416915894 0.273699284 0.002251686 0.002575317 0.753149033 -0.657841086
1770731417.688377 -3.182179213 22.145105362 0.264208287 -0.010008264 -0.005127601 0.753702164 -0.657119930
1770731417.887800 -3.201793671 21.886888504 0.263116091 -0.007703850 -0.007692305 0.754088104 -0.656683147
1770731418.087508 -3.237581015 21.624032974 0.260164887 -0.006022701 -0.007730864 0.763280451 -0.645992994
1770731418.287656 -3.281326532 21.351432800 0.251157582 -0.007578506 -0.014042011 0.773750961 -0.633288860
1770731418.685685 -3.299501896 20.837980270 0.251695961 0.007453781 -0.022535870 0.749417067 -0.661672652
1770731418.886962 -3.298097610 20.637407303 0.249502867 0.005552207 -0.020441404 0.732438087 -0.680504143
1770731419.387174 -3.295313120 20.673913956 0.248582631 0.009480394 -0.015491316 0.727561831 -0.685801744
1770731419.687349 -3.293800831 20.559705734 0.249127984 0.011656581 -0.017565500 0.732097924 -0.680873215
1770731419.886992 -3.296941042 20.418834686 0.251552761 0.015054825 -0.017789066 0.736310422 -0.676242590
1770731420.089317 -3.314663649 20.235792160 0.258784115 0.017578360 -0.012693412 0.739494383 -0.672813535
1770731420.289940 -3.329723597 19.974168777 0.251611471 0.013818177 -0.018195709 0.741885602 -0.670137227
1770731420.490847 -3.337248564 19.664333344 0.240336955 -0.001147529 -0.030880667 0.732112646 -0.680482328
1770731420.686505 -3.338305950 19.415863037 0.248905927 0.005366536 -0.023187427 0.729729950 -0.683321238
1770731420.881596 -3.400327921 19.158767700 0.232357383 -0.031724777 -0.021642245 0.727786243 -0.684728026
1770731421.088456 -3.404045582 18.974996567 0.224586695 -0.034765095 -0.023085456 0.720467865 -0.692231655
1770731421.288020 -3.394043922 18.907625198 0.234285206 -0.019411676 -0.014121110 0.716966748 -0.696693957
1770731421.686704 -3.387045622 18.675708771 0.240086645 -0.007848619 -0.001273463 0.711604774 -0.702535033
1770731421.887956 -3.388900518 18.549709320 0.240853384 -0.009647989 -0.000251379 0.713688135 -0.700397193
1770731422.086609 -3.392046452 18.511327744 0.242034525 -0.009207098 0.002376310 0.713513732 -0.700576782
1770731422.284411 -3.385821104 18.497028351 0.248901263 0.001622794 -0.007441461 -0.713882506 0.700224161
1770731422.685360 -3.385524035 18.144832611 0.245806366 -0.001651289 -0.003140531 0.726554453 -0.687099814
1770731422.884291 -3.409651995 17.908870697 0.243302241 -0.012542468 -0.001912917 0.730525017 -0.682768166
1770731423.084374 -3.410006762 17.715942383 0.253873169 -0.001356537 0.002615879 0.736422420 -0.676515639
1770731423.287716 -3.428900242 17.477191925 0.248449117 -0.007222519 -0.001053093 0.741779387 -0.670604348
1770731423.484415 -3.441365719 17.259944916 0.252937198 -0.005700742 -0.000258422 0.744631052 -0.667451978
1770731423.684291 -3.461419344 17.025604248 0.253241777 -0.005672522 -0.000043604 0.749909222 -0.661516488
1770731423.887373 -3.492273569 16.766145706 0.251732707 -0.009617955 -0.000624755 0.755905390 -0.654609919
1770731424.085114 -3.516033411 16.554157257 0.252806842 -0.007666731 0.001099196 0.761789739 -0.647778034
1770731424.294388 -3.548782587 16.334093094 0.251110971 -0.012383965 -0.000934916 0.767162979 -0.641331911
1770731424.487572 -3.579616547 16.146402359 0.254340976 -0.011554275 0.000931280 0.769126415 -0.638991475
1770731424.684546 -3.601673126 15.967712402 0.254579306 -0.012956984 0.001205841 0.765579164 -0.643210053
1770731424.883438 -3.613403320 15.787519455 0.256703913 -0.009141210 0.001778850 0.757275045 -0.653029740
1770731425.082811 -3.618469954 15.606669426 0.268256038 -0.000234790 0.002353334 0.750192761 -0.661214948
1770731425.283935 -3.620791674 15.392199516 0.265834332 -0.002727943 -0.002393399 0.741412401 -0.671039939
1770731425.481611 -3.625483274 15.200626373 0.275679648 0.002329449 -0.000178079 0.739193141 -0.673489511
1770731425.681595 -3.637879133 14.984332085 0.284325957 -0.006903212 -0.003308242 -0.741859496 0.670511663
1770731425.883125 -3.657069206 14.731496811 0.281963885 -0.002223490 -0.005412050 0.745368958 -0.666626513
1770731426.082394 -3.663154840 14.536198616 0.295782268 -0.010097550 0.001494618 -0.749091923 0.662387431
1770731426.283726 -3.695298910 14.296331406 0.294214010 0.003897216 -0.002840281 0.754957378 -0.655756116
1770731426.483103 -3.705717325 14.029919624 0.288266182 -0.004122761 -0.016740248 0.749279559 -0.662029386
1770731426.682658 -3.720293760 13.814912796 0.301723957 0.003754264 -0.009929467 0.747114718 -0.664610386
1770731426.882154 -3.725434780 13.604890823 0.300648987 0.003733033 -0.011623390 0.740535498 -0.671906412
1770731427.083021 -3.739880085 13.354031563 0.294215113 -0.005450789 -0.014547256 0.732880235 -0.680180430
1770731427.277383 -3.771560192 13.097713470 0.288573653 -0.019294946 -0.009399259 0.727601647 -0.685664177
1770731427.490389 -3.766256332 12.864417076 0.299285233 -0.004234461 0.003064341 0.725959957 -0.687717199
1770731427.684326 -3.775677204 12.612993240 0.299617171 -0.005607709 0.002448558 0.731159985 -0.682178617
1770731427.886716 -3.785055876 12.354165077 0.303581268 -0.005060325 0.003033627 0.735855103 -0.677113414
1770731428.083099 -3.801546574 12.090193748 0.305253416 -0.002015058 0.005800650 0.745782256 -0.666161597
1770731428.283215 -3.824192286 11.804372787 0.304036796 -0.002421992 0.002421620 0.757988572 -0.652258813
1770731428.482205 -3.859800577 11.533711433 0.307510257 -0.002132508 0.005395568 0.770922005 -0.636903226
1770731428.681937 -3.906600952 11.253898621 0.299483836 -0.010415677 0.000638993 0.776196718 -0.630404413
1770731428.881759 -3.944097519 10.972008705 0.297422826 -0.009182286 -0.009857662 0.781414926 -0.623866260
1770731429.681015 -3.994096041 10.523871422 0.289716691 0.004201310 -0.009475316 0.759523153 -0.650397599
1770731430.189264 -3.996231794 10.526228905 0.284189463 0.002785676 -0.007747388 0.759389997 -0.650583744
1770731430.487757 -3.992270470 10.443284035 0.284867316 0.006708453 -0.007937286 0.750813127 -0.660432875
1770731430.979657 -4.008050442 10.108832359 0.273668081 -0.004601559 -0.015326267 0.733484328 -0.679518044
1770731431.379920 -3.992040157 9.908911705 0.277410239 0.001095738 -0.013102049 0.707578301 -0.706512630
1770731431.580135 -3.973290205 9.820319176 0.274794638 0.002804012 -0.016122045 0.698636293 -0.715289831
1770731431.781493 -3.971918344 9.709222794 0.268922180 -0.003227273 -0.014915968 0.688186884 -0.725373030
1770731432.680577 -3.934093237 9.117080688 0.264677882 -0.006822005 -0.012936711 0.697666585 -0.716273367
1770731432.882109 -3.928003311 8.950706482 0.267805189 -0.003089818 -0.013658572 0.708771527 -0.705299199
1770731433.079469 -3.922115564 8.782558441 0.269655824 -0.000279837 -0.014296247 0.716745257 -0.697188556
1770731433.279271 -3.924292088 8.636507988 0.276053071 0.005982481 -0.007801533 0.721537530 -0.692305624
1770731433.479337 -3.929898262 8.474114418 0.275086015 0.003707026 -0.009349110 0.724810719 -0.688874602
1770731433.679882 -3.921409607 8.296018600 0.277890712 0.006962586 -0.013705221 0.727040529 -0.686422527
1770731433.881601 -3.936667919 8.069408417 0.277238309 0.004033377 -0.011923769 0.729641378 -0.683714151
1770731434.079409 -3.957279205 7.812952995 0.274184287 -0.006897887 -0.014412121 0.732282341 -0.680813730
1770731434.279689 -3.967118740 7.584541798 0.274925798 -0.005850080 -0.016028726 0.735132754 -0.677708507
1770731434.478127 -3.979895353 7.379548073 0.278911114 -0.001922652 -0.010917909 0.736140490 -0.676738024
1770731434.678443 -3.995415211 7.142783165 0.277936190 -0.004770584 -0.012410334 0.738279879 -0.674363434
1770731434.877851 -4.016464710 6.927314758 0.277090013 -0.008657840 -0.009956997 0.739850283 -0.672642231
1770731435.077670 -4.015204430 6.700554371 0.281304121 -0.000657692 -0.012442904 0.740935683 -0.671460450
1770731435.776563 -4.096704483 5.955649853 0.287505925 -0.012664234 -0.004528264 0.746707261 -0.665016890
1770731436.177266 -4.135229588 5.537969112 0.301072776 -0.010338590 0.003768108 0.744895637 -0.667090297
1770731436.478659 -4.173828602 5.230550766 0.288701653 -0.016300028 -0.002182521 0.754453242 -0.656147659
1770731436.675993 -4.196857452 5.016022205 0.289996803 -0.023290712 -0.007629517 0.753616512 -0.656857371
1770731436.973485 -4.207387447 4.789670944 0.297378749 -0.003022039 0.001231534 0.754560649 -0.656222165
1770731437.277895 -4.231710911 4.519919395 0.295731306 -0.008198844 -0.002205409 0.751245081 -0.659968734
1770731437.576763 -4.261806011 4.220980167 0.299698323 -0.009397111 -0.001328645 0.751385987 -0.659794629
1770731437.776582 -4.265753746 4.059013844 0.305587858 -0.001292123 0.001186552 0.749021769 -0.662543058
1770731438.076689 -4.294882298 3.762645960 0.305248469 -0.007359392 0.001260651 0.744854510 -0.667185187
1770731438.475572 -4.310024261 3.375546217 0.308711737 -0.004415178 0.001401779 0.738813400 -0.673894167
1770731438.774220 -4.323399067 3.066081762 0.306515455 -0.008792304 -0.000064423 0.734128058 -0.678954184
1770731439.075478 -4.319645882 2.754587412 0.311966896 -0.000330839 -0.000121510 0.731370509 -0.681980371
1770731439.270574 -4.334055424 2.525777340 0.305340379 -0.006962474 -0.002669417 0.732663274 -0.680550516
1770731439.476502 -4.340574265 2.341212273 0.310928643 -0.001245869 -0.002317454 0.736559927 -0.676367283
1770731439.774628 -4.357132435 2.064969778 0.310009331 -0.004475735 -0.002684523 0.737798214 -0.675001264
1770731440.173886 -4.372026920 1.731941700 0.316945851 -0.000960042 -0.000450653 0.737241566 -0.675628543
1770731440.571798 -4.393360615 1.368851900 0.335668206 -0.009275098 -0.013412229 -0.737565577 0.675078690
1770731440.973272 -4.473331928 0.905495703 0.321928322 -0.023488589 0.011066408 0.743196905 -0.668568909
1770731441.173930 -4.522750378 0.705721200 0.313490629 -0.042341072 0.014431284 0.741602778 -0.669346213
1770731441.480011 -4.489829540 0.582098365 0.342035830 -0.000922751 -0.031370994 -0.730574489 0.682111502
1770731442.072863 -4.463473320 0.341420084 0.344112873 -0.012644143 -0.047250640 -0.693537891 0.718757808
1770731442.670614 -4.354162216 0.131975502 0.342953652 -0.026340529 -0.036241729 -0.635170221 0.771071732
1770731443.181675 -4.239437103 -0.163609803 0.315318942 -0.008765270 -0.014022448 -0.582426429 0.812715173
1770731443.573423 -4.119748592 -0.344563544 0.309973538 -0.014322500 -0.012696659 -0.534181356 0.845153272
1770731444.072125 -3.871603012 -0.661193728 0.264808297 0.006337911 -0.013166818 0.473938257 -0.880436897
1770731444.270892 -3.777875423 -0.754812419 0.249491692 0.006398393 -0.015984988 0.442153722 -0.896774054
1770731444.669567 -3.610420465 -0.872855067 0.220532402 0.002633323 -0.025152527 0.380173713 -0.924569309
1770731445.072364 -3.434096336 -0.979098856 0.191194773 0.000878350 -0.024902785 0.312976182 -0.949434042
1770731445.470762 -3.293812275 -0.998917937 0.173959702 0.015454726 -0.020351950 0.251015961 -0.967645586
1770731445.766542 -3.219568729 -1.011129379 0.159601688 0.012318727 -0.017571276 0.200148672 -0.979530513
1770731445.972769 -3.166244745 -0.999336004 0.150120914 0.014579413 -0.015787574 0.167794064 -0.985587835
1770731446.370109 -2.964741945 -1.010501385 0.128064215 -0.016338598 0.014422735 -0.111363791 0.993540704
1770731446.769839 -2.727399111 -1.011986852 0.093934335 0.016249161 -0.024936473 0.058068994 -0.997868836
1770731447.170914 -2.468053818 -0.978999972 0.051879495 -0.016460981 0.035529140 0.013169595 0.999146342
1770731447.668229 -2.276624203 -0.901966691 0.020585999 -0.014326754 0.033218034 0.088390552 0.995428801
1770731448.069622 -2.107356787 -0.798008025 -0.006280035 -0.015632080 0.031690497 0.153260589 0.987553895
1770731448.370171 -1.991726160 -0.702748299 -0.028841868 -0.020737153 0.030475589 0.202997386 0.978485167
1770731449.371031 -1.655326128 -0.374173373 -0.111549772 -0.016417751 0.031313047 0.378938168 0.924746335
1770731449.866423 -1.633601189 -0.247762248 -0.127488673 -0.018577179 0.025519529 0.449709922 0.892616689
1770731450.268588 -1.560325623 -0.076088786 -0.158826649 -0.018849043 0.043490738 0.506229877 0.861095011
1770731450.468449 -1.545008779 0.000093356 -0.168900549 -0.020462342 0.044908177 0.542182565 0.838810325
1770731451.170350 -1.535537124 0.225054696 -0.201112777 -0.022786528 0.048439775 0.656017959 0.752844512
1770731451.468757 -1.530815125 0.350013196 -0.220635772 -0.026537932 0.061737362 0.685289681 0.725163758
1770731451.769649 -1.538056731 0.451452971 -0.225303620 -0.020024432 0.052842662 0.696001947 0.715812802
1770731452.166831 -1.529670358 0.793894529 -0.266087830 -0.022450346 0.057131629 0.685958326 0.725047112
1770731452.368650 -1.503832102 1.073152900 -0.303849190 -0.027077392 0.059993967 0.667012334 0.742133498
1770731452.568405 -1.483937263 1.347934604 -0.317499518 -0.023812883 0.045306318 0.656228662 0.752824247
1770731452.770541 -1.448962450 1.610627651 -0.332243323 -0.013536070 0.049263995 0.653385818 0.755299211
1770731452.976377 -1.444799542 1.870505571 -0.333582699 -0.011784018 0.028071390 0.655749559 0.754364431
1770731453.166682 -1.421449184 2.154696703 -0.357887268 -0.016899712 0.035198435 0.665683091 0.745212436
1770731453.367798 -1.421510458 2.484847546 -0.381129146 -0.026580581 0.043211903 0.679559410 0.731864274
1770731453.566951 -1.381541371 2.780838490 -0.404793322 -0.020158911 0.055562343 0.678884208 0.731862485
1770731453.767025 -1.371105313 3.032001734 -0.410871148 -0.009962581 0.046090186 0.678094506 0.733460546
1770731453.967445 -1.375506997 3.272037983 -0.407668829 0.002607760 0.027958026 0.684836149 0.728155971
1770731454.167220 -1.381097794 3.545330763 -0.415197313 0.002534516 0.028337838 0.699171126 0.714388072
1770731454.367245 -1.401120424 3.820866823 -0.424591303 -0.000716652 0.029066250 0.707079768 0.706535816
1770731454.565795 -1.417508006 4.091561317 -0.433952510 -0.010605363 0.024705948 0.700361431 0.713281870
1770731454.765399 -1.423767686 4.365100384 -0.442765206 -0.012211493 0.026415143 0.699317336 0.714218795
1770731454.965022 -1.413039684 4.628085136 -0.441792905 -0.003165441 0.027325694 0.697726727 0.715835750
1770731455.165775 -1.432458043 4.871785164 -0.437932879 0.000166402 0.013572078 0.695862353 0.718046963
1770731455.375345 -1.424447060 5.181612968 -0.458379745 -0.009390842 0.026675181 0.693357170 0.720039070
1770731455.568260 -1.431462526 5.451626778 -0.465082377 -0.009675422 0.024340434 0.692177713 0.721251667
1770731455.768384 -1.432370663 5.715483665 -0.471356213 -0.011430936 0.022767605 0.690088689 0.723276317
1770731455.964580 -1.441548705 5.981695175 -0.480009556 -0.015686724 0.017654955 0.688623488 0.724734485
1770731456.172446 -1.428739667 6.269492149 -0.489302635 -0.014124510 0.021782791 0.686882019 0.726305187
1770731456.364431 -1.431543231 6.529118061 -0.495395184 -0.015193314 0.018628316 0.686119437 0.727091670
1770731456.565046 -1.428278565 6.799911022 -0.500636935 -0.014238842 0.014187429 0.684902012 0.728357911
1770731456.767043 -1.424135089 7.077577114 -0.507543147 -0.015925007 0.011672581 0.682836533 0.730304420
1770731456.964804 -1.414371729 7.342208385 -0.512130499 -0.014687514 0.009702887 0.679898202 0.733095348
1770731457.169641 -1.400324345 7.628328800 -0.517641962 -0.014842792 0.009178944 0.676967561 0.735805988
1770731457.365541 -1.380588293 7.907251358 -0.525619507 -0.018511306 0.011967000 0.672878146 0.739424944
1770731457.563145 -1.376056552 8.168733597 -0.530846059 -0.022008477 0.009324806 0.673916340 0.738420963
1770731457.861027 -1.355872631 8.599773407 -0.553127289 -0.033985477 0.013020120 0.668953001 0.742413223
1770731458.065806 -1.317457318 8.906430244 -0.568610013 -0.035703052 0.023801642 0.665741444 0.744947731
1770731458.263863 -1.285101295 9.167396545 -0.571502686 -0.023741027 0.020546217 0.663335085 0.747663677
1770731458.564482 -1.255258918 9.567285538 -0.586421013 -0.025177840 0.015070730 0.659798324 0.750869572
1770731458.764067 -1.223013401 9.857472420 -0.597732067 -0.024472255 0.016272957 0.657368422 0.752996147
1770731458.963478 -1.188231230 10.146905899 -0.614922762 -0.026815126 0.023031056 0.655880928 0.754036248
1770731459.160684 -1.164561391 10.417805672 -0.629137576 -0.028166464 0.022168005 0.655005991 0.754773021
1770731459.364158 -1.129959822 10.695350647 -0.634837151 -0.023957221 0.019408237 0.653316319 0.756457031
1770731459.663604 -1.070164442 11.096277237 -0.639588952 -0.016993968 0.024095999 0.652988255 0.756793797
1770731459.973558 -1.032462478 11.509976387 -0.644695044 -0.013597691 0.011373817 0.650688946 0.759137452
1770731460.164178 -0.981295824 11.778063774 -0.658645511 -0.014315511 0.023462014 0.646728575 0.762224913
1770731460.364320 -0.945069432 12.072790146 -0.670415282 -0.019982329 0.027820515 0.646331310 0.762287796
1770731460.563166 -0.906241357 12.347434998 -0.683484256 -0.018636690 0.025332296 0.642421126 0.765706360
1770731460.764492 -0.883383930 12.602475166 -0.686143041 -0.018793691 0.016001750 0.640355706 0.767681777
1770731460.962689 -0.824947000 12.893778801 -0.704544246 -0.019934164 0.027126340 0.635527015 0.771344423
1770731461.163557 -0.778511047 13.194137573 -0.718840897 -0.025871737 0.032082409 0.633497715 0.772646070
1770731461.362968 -0.749205530 13.426632881 -0.717635274 -0.018058252 0.016981812 0.630188107 0.776046753
1770731461.565727 -0.695167124 13.691617966 -0.717527449 -0.017414404 0.015080906 0.622082233 0.782612860
1770731461.762008 -0.654854119 13.967375755 -0.727943182 -0.019473841 0.012977877 0.624895692 0.780357420
1770731461.965915 -0.573197365 14.268646240 -0.745396137 -0.020110555 0.032452509 0.623812497 0.780640960
1770731462.176817 -0.500321805 14.571304321 -0.760721743 -0.013237142 0.042981990 0.634091437 0.771949053
1770731462.362230 -0.486115187 14.853416443 -0.773417473 -0.017501432 0.032403689 0.643810093 0.764298618
1770731462.576597 -0.451634347 15.123180389 -0.775280714 -0.005951928 0.029339036 0.664866328 0.746362209
1770731462.762388 -0.449218750 15.358716011 -0.777639270 -0.008019720 0.019383684 0.664451063 0.747037351
1770731462.962319 -0.431980878 15.650123596 -0.793583155 -0.012899306 0.026228521 0.666817307 0.744647861
1770731463.260520 -0.404713571 16.077892303 -0.809557617 -0.019844972 0.025924081 0.661282301 0.749426365
1770731463.458348 -0.357420295 16.347053528 -0.812922418 -0.008548284 0.033731692 0.661053836 0.749531150
1770731463.657767 -0.342383176 16.609640121 -0.811448336 -0.004031832 0.019071275 0.659640908 0.751328111
1770731463.862451 -0.317295998 16.885738373 -0.820212781 -0.007278847 0.026229676 0.662558436 0.748515427
1770731464.066648 -0.297865540 17.174016953 -0.824131727 -0.009674530 0.028300794 0.665035188 0.746212900
1770731464.262154 -0.268245757 17.461595535 -0.840768814 -0.012073829 0.035936020 0.664993882 0.745886147
1770731464.456699 -0.247779861 17.705463409 -0.839270115 -0.005697506 0.031478800 0.664308727 0.746773481
1770731464.659873 -0.239099920 17.972621918 -0.851478040 -0.011560700 0.027450051 0.662678599 0.748311460
1770731464.859033 -0.205722868 18.262742996 -0.867887914 -0.015566006 0.036048625 0.659088016 0.751040041
1770731465.161335 -0.177621678 18.657428741 -0.875025332 -0.012629278 0.027933409 0.656876922 0.753374457
1770731465.359925 -0.137751043 18.929870605 -0.881428599 -0.010710581 0.033615202 0.656258643 0.753710747
1770731465.561983 -0.131153181 19.204433441 -0.884396672 -0.012048899 0.023555076 0.659473777 0.751261890
1770731465.761911 -0.101142749 19.473930359 -0.890590250 -0.010316051 0.025454819 0.662665308 0.748411953
1770731465.956842 -0.087283835 19.732427597 -0.893510163 -0.008565683 0.026254309 0.668275356 0.743401229
1770731466.158128 -0.084256172 20.017368317 -0.903367579 -0.014072038 0.023023598 0.674340367 0.737927496
1770731466.361619 -0.049078688 20.292478561 -0.910145938 -0.010350769 0.032019369 0.673154414 0.738735974
1770731466.559484 -0.054767758 20.543386459 -0.906329036 -0.004844237 0.014513487 0.675600767 0.737108886
1770731466.757951 -0.027197003 20.840871811 -0.927953243 -0.011211731 0.029147798 0.674129188 0.737953067
1770731466.960989 -0.014966078 21.133972168 -0.941437781 -0.015111000 0.033692610 0.674690247 0.737176776
1770731467.158920 -0.022592373 21.375808716 -0.935221493 -0.011928675 0.010897201 0.671492457 0.740835249
1770731467.358239 0.005433727 21.659275055 -0.949659228 -0.012035883 0.022561789 0.671782494 0.740306973
1770731467.557999 0.019768234 21.936044693 -0.954777777 -0.009438064 0.018097760 0.669586241 0.742453933
1770731467.757930 0.043223258 22.207950592 -0.962793410 -0.009087526 0.022197207 0.667822063 0.743934453
1770731468.061840 0.064306937 22.644268036 -0.986637294 -0.018863095 0.022692747 0.663670242 0.747443020
1770731468.258790 0.083690099 22.927757263 -1.000952363 -0.021852793 0.022265639 0.659411907 0.751134217
1770731468.461813 0.092461556 23.188314438 -1.005479813 -0.019435195 0.011630513 0.658433557 0.752297997
1770731468.659142 0.118937038 23.457611084 -1.017543316 -0.022454128 0.015274902 0.656704962 0.753658414
1770731468.858490 0.163089260 23.758716583 -1.034578681 -0.024951020 0.029005615 0.655605733 0.754133463
1770731469.064564 0.193165302 24.043960571 -1.045309663 -0.020131530 0.022915863 0.654127181 0.755769312
1770731469.258295 0.218525261 24.288148880 -1.049685717 -0.015214232 0.022553610 0.655318618 0.754862428
1770731469.457054 0.249980792 24.555812836 -1.060620785 -0.015364035 0.026461609 0.657176912 0.753114998
1770731469.656235 0.267964214 24.840791702 -1.070163250 -0.017041562 0.025558759 0.659767210 0.750841975
1770731469.858679 0.284593284 25.124933243 -1.085502982 -0.018494770 0.028356198 0.672475040 0.739345133
1770731470.055826 0.283001989 25.392292023 -1.095531344 -0.020787964 0.026246095 0.681921065 0.730659187
1770731470.357279 0.291306257 25.790843964 -1.102631211 -0.016528264 0.021385340 0.681274772 0.731528699
1770731470.557395 0.304736972 26.045513153 -1.104882360 -0.010939297 0.019845348 0.680849135 0.732073069
1770731470.760389 0.313060760 26.337331772 -1.123112082 -0.018430930 0.024613194 0.679486930 0.733043015
1770731470.956639 0.330683738 26.608718872 -1.129997015 -0.016147355 0.025310295 0.676626027 0.735714674
1770731471.156604 0.335664690 26.871217728 -1.139371395 -0.017001603 0.022421306 0.676099181 0.736273229
1770731471.357372 0.345961630 27.162645340 -1.155500054 -0.023870273 0.024652276 0.674264491 0.737692356
1770731471.555667 0.384580106 27.443910599 -1.163014412 -0.014678635 0.031854361 0.673896790 0.737992644
1770731471.756091 0.392134041 27.705497742 -1.169803023 -0.012717856 0.023532989 0.672510803 0.739603758
1770731471.955377 0.407937914 27.975299835 -1.176405311 -0.012776180 0.021545375 0.672026634 0.740103304
1770731472.156007 0.427610964 28.260076523 -1.189877510 -0.014507330 0.027599307 0.671836078 0.740043342
1770731472.355706 0.444817007 28.543085098 -1.202282667 -0.017717250 0.026535040 0.668397069 0.743120015
1770731472.557103 0.472285837 28.822584152 -1.213096619 -0.016775886 0.026020046 0.665631771 0.745637894
1770731472.754207 0.482286423 29.089744568 -1.222512007 -0.019257409 0.020313218 0.664984047 0.746332943
1770731472.952843 0.504731774 29.366395950 -1.229877353 -0.019943975 0.015945118 0.660132527 0.750715017
1770731473.156114 0.526796401 29.640350342 -1.239250541 -0.020921877 0.012056209 0.657321990 0.753222823
1770731473.355406 0.571185768 29.930953979 -1.252974391 -0.022365427 0.024308240 0.655027509 0.754882753
1770731473.558273 0.610279620 30.227552414 -1.267536759 -0.024379630 0.028382726 0.652115345 0.757196009
1770731473.756016 0.630093396 30.476066589 -1.264192462 -0.018476989 0.014919374 0.649395287 0.760080218
1770731473.953295 0.670008898 30.750482559 -1.282699585 -0.019308763 0.018186916 0.645628393 0.763190985
1770731474.154658 0.711166084 31.054218292 -1.300290704 -0.029102456 0.024543418 0.639895737 0.767518222
1770731474.354942 0.760693789 31.320142746 -1.305963397 -0.021269068 0.023210691 0.638976872 0.768581510
1770731474.555067 0.824930489 31.590951920 -1.315131068 -0.013860488 0.035033785 0.639962316 0.767482162
1770731474.755793 0.836448133 31.854108810 -1.319227219 -0.016766269 0.015955212 0.636456013 0.770965695
1770731474.953326 0.893106282 32.136379242 -1.336443424 -0.015579720 0.023913469 0.636128426 0.771055162
1770731475.154961 0.928478241 32.416675568 -1.347244143 -0.017013231 0.024633156 0.636134207 0.770997465
1770731475.354583 0.968133390 32.701442719 -1.359020948 -0.019990262 0.027391657 0.637847006 0.769416213
1770731475.553935 1.012800932 32.989856720 -1.369592905 -0.017849745 0.030324476 0.640136600 0.767454803
1770731475.754947 1.060337305 33.265159607 -1.374946237 -0.011145467 0.033083551 0.644592226 0.763729036
1770731475.950937 1.068848968 33.525539398 -1.385875583 -0.015360253 0.024981996 0.648468912 0.760676026
1770731476.155137 1.099056721 33.820465088 -1.404565096 -0.020950768 0.026833382 0.646817625 0.761884451
1770731476.357592 1.139968157 34.092121124 -1.408687949 -0.017426455 0.026399160 0.641989052 0.766061008
1770731476.554779 1.162151456 34.367774963 -1.421727538 -0.017372265 0.021976629 0.645595253 0.763165712
1770731476.754754 1.218012810 34.665657043 -1.441332340 -0.018615648 0.037086524 0.650606692 0.758280277
1770731476.954972 1.222716689 34.934734344 -1.449390054 -0.018373540 0.028821019 0.663341761 0.747535646
1770731477.152879 1.234899879 35.198215485 -1.462532043 -0.016805876 0.027136611 0.671628416 0.740200281
1770731477.453400 1.260643721 35.590724945 -1.468192101 -0.011604248 0.024210045 0.671636164 0.740394592
1770731477.653341 1.269673586 35.883140564 -1.487435579 -0.021180142 0.024560990 0.670033813 0.741621792
1770731477.854265 1.301520705 36.168853760 -1.498053074 -0.014727782 0.030002754 0.667632401 0.743740559
1770731478.054752 1.305346847 36.412784576 -1.495911479 -0.011939408 0.016084665 0.665028453 0.746549428
1770731478.261202 1.333622336 36.706512451 -1.508933544 -0.014759324 0.023930596 0.665187478 0.746146917
1770731478.452219 1.377619267 37.000488281 -1.527165890 -0.015466777 0.038790654 0.663279593 0.747205615
1770731478.651924 1.383163333 37.245281219 -1.526284933 -0.011404052 0.019340282 0.660155296 0.750793457
1770731478.855889 1.411955953 37.513954163 -1.534158349 -0.008637320 0.022474460 0.663041115 0.748195708
1770731479.051959 1.432019830 37.810569763 -1.551309705 -0.018455787 0.030612029 0.663107276 0.747670472
1770731479.253594 1.449442863 38.082134247 -1.559264779 -0.016718889 0.023486501 0.662828743 0.748215854
1770731479.450395 1.464347243 38.340061188 -1.565261364 -0.016012106 0.020509450 0.667883754 0.743810654
1770731479.653633 1.490115285 38.610225677 -1.569732666 -0.012206974 0.021314146 0.668436766 0.743363380
1770731479.852649 1.509997964 38.896305084 -1.583317280 -0.017020730 0.027773153 0.670883417 0.740847111
1770731480.053853 1.506684661 39.188995361 -1.600052834 -0.021912023 0.028988179 0.683863878 0.728704154
1770731480.352729 1.521960497 39.590435028 -1.616305232 -0.021576677 0.026450118 0.680241585 0.732192874
1770731480.647846 1.534431338 39.995338440 -1.630798459 -0.020811968 0.022722647 0.676793933 0.735527456
1770731480.855733 1.548336744 40.274974823 -1.637828708 -0.020602390 0.020958751 0.673134625 0.738935828
1770731481.050806 1.560871243 40.526809692 -1.639452100 -0.015563227 0.014637938 0.672659874 0.739643335
1770731481.251734 1.595601201 40.805206299 -1.649487734 -0.013638435 0.024871718 0.670072615 0.741753459
1770731481.462788 1.616992712 41.084987640 -1.658517599 -0.016398197 0.021327198 0.663833320 0.747396529
1770731481.649396 1.638353586 41.331314087 -1.665488958 -0.016116915 0.019910295 0.661119759 0.749843001
1770731481.852911 1.673443675 41.605571747 -1.667574406 -0.012913984 0.021090424 0.658291638 0.752356648
1770731482.051693 1.705065489 41.880268097 -1.677899718 -0.016898861 0.021688586 0.655498981 0.754695415
1770731482.351531 1.754613876 42.299060822 -1.692029715 -0.016676584 0.028130978 0.652097583 0.757429481
1770731482.650863 1.807843208 42.700901031 -1.702017546 -0.012080289 0.025824789 0.648352563 0.760806262
1770731482.853216 1.826595187 42.972892761 -1.706479788 -0.016943099 0.018891672 0.645847738 0.763044417
1770731483.050835 1.868425131 43.260147095 -1.722687960 -0.018720923 0.025099710 0.644512832 0.763952136
1770731483.250275 1.908346295 43.529331207 -1.729634643 -0.014215390 0.024760718 0.642826855 0.765479326
1770731483.451219 1.938465238 43.797874451 -1.735383511 -0.013951904 0.021442924 0.641553283 0.766651690
1770731483.649725 1.967880249 44.076999664 -1.748941779 -0.017677115 0.023437200 0.645695627 0.763030469
1770731483.850026 2.001122713 44.368621826 -1.757048607 -0.019488910 0.023366148 0.651854157 0.757733643
1770731484.051553 2.027927637 44.644210815 -1.759837985 -0.012827243 0.017601322 0.656760991 0.753784299
1770731484.249006 2.071954012 44.910709381 -1.762221932 -0.006416345 0.024742400 0.659104049 0.751617193
1770731484.449759 2.088362932 45.195537567 -1.784153819 -0.011718972 0.025610607 0.657363474 0.753047228
1770731484.650259 2.116799116 45.449146271 -1.803800225 -0.023211215 0.034916766 0.654984236 0.754478455
1770731484.951137 2.146815300 45.734615326 -1.813658237 -0.017035993 0.030530542 0.653993547 0.755691886
1770731485.161886 2.150564432 45.966571808 -1.819289327 -0.015768168 0.016152153 0.654978156 0.755310535
1770731485.346501 2.189236164 46.235996246 -1.828496814 -0.012868263 0.020716043 0.654583216 0.755596519
1770731485.552423 2.216855526 46.526969910 -1.845031142 -0.015159664 0.021034213 0.652769923 0.757112324
1770731485.755316 2.263166666 46.823493958 -1.861942768 -0.016890250 0.032144871 0.651492298 0.757785797
1770731485.949116 2.299534798 47.121726990 -1.883859038 -0.017506540 0.034242839 0.649852157 0.759087026
1770731486.150316 2.316001415 47.428234100 -1.911537409 -0.030288896 0.029849909 0.646230698 0.761956275
1770731486.447935 2.365621567 47.747673035 -1.905996680 -0.007490639 0.010186986 0.641906142 0.766678929
1770731487.048731 2.375525951 48.317531586 -1.936374068 -0.011741970 0.011123802 0.684602201 0.728737533
1770731487.447461 2.317825079 48.694637299 -1.956452727 -0.015171450 0.008183659 0.729467571 0.683798194
1770731487.848594 2.214115381 49.047191620 -1.988739610 -0.023346821 0.008382399 0.775551260 0.630796969
1770731488.246704 2.066403151 49.354022980 -2.027387857 -0.041981023 0.005722485 0.803791702 0.593400240
1770731488.645854 1.963338017 49.510051727 -2.048936367 -0.039807022 0.000064352 0.832521021 0.552561522
1770731489.046330 1.803565860 49.723163605 -2.077501059 -0.040138446 -0.000666050 0.863579273 0.502612352
1770731489.447857 1.659372449 49.905158997 -2.098810196 -0.038652614 0.012474407 0.892868042 0.448482960
1770731489.941404 1.512408614 50.055549622 -2.120902777 -0.031991541 0.025710225 0.920024872 0.389704734
1770731490.157229 1.411532164 50.123435974 -2.135747671 -0.035766751 0.028352762 0.928046167 0.369658411
1770731490.545718 1.271942616 50.169776917 -2.135937929 -0.007226455 0.010278836 0.949627519 0.313129127
1770731491.044118 1.076249003 50.212955475 -2.165924549 -0.001267590 0.009251623 0.970548511 0.240724728
1770731491.243386 0.995079756 50.240322113 -2.175665855 -0.001917158 0.010686697 0.979259372 0.202319369
1770731491.645845 0.792216301 50.253482819 -2.193426847 -0.012276311 0.004854716 0.988901377 0.147985756
1770731492.043690 0.635168850 50.260517120 -2.206716299 -0.011849270 0.006475004 0.995712340 0.091513105
1770731492.444393 0.501035929 50.250671387 -2.215325356 -0.001990826 0.007775943 0.998815417 0.047992561
1770731492.844047 0.312124550 50.226367950 -2.241622686 -0.013894485 0.006849627 0.999869347 -0.004636742
1770731493.143667 0.220795751 50.184108734 -2.254808426 -0.013398970 0.003625390 0.998790085 -0.047176905
1770731493.544286 0.046191469 50.122253418 -2.282591581 -0.024860824 0.002659517 0.993845701 -0.107915014
1770731494.742748 -0.099938124 49.965694427 -2.344262362 -0.022417679 0.004880408 0.950615525 -0.309521765
1770731495.043504 -0.108831547 49.925128937 -2.350052118 -0.022470452 0.003586130 0.935829222 -0.351718485
1770731495.243352 -0.115603685 49.890083313 -2.349466801 -0.018698180 0.003800586 0.925031006 -0.379412085
1770731495.643151 -0.171614259 49.775043488 -2.356293201 -0.018954916 0.004192383 0.901338875 -0.432679325
1770731496.043327 -0.203721613 49.662723541 -2.361993790 -0.012652229 0.001748151 0.874145746 -0.485495776
1770731496.442749 -0.236390024 49.547313690 -2.369903326 -0.016488597 0.001257181 0.840252936 -0.541942358
1770731496.938323 -0.248026043 49.431213379 -2.378745317 -0.013318156 -0.004699363 0.817282796 -0.576063633
1770731497.449940 -0.274791241 49.271202087 -2.390723467 -0.010103253 -0.013918905 0.814508975 -0.579895854
1770731497.642785 -0.305376679 49.158409119 -2.406483173 -0.024667760 -0.019640455 0.802223146 -0.596190989
1770731498.445673 -0.367027491 48.800640106 -2.433982372 -0.024658645 -0.029602749 0.793440819 -0.607426763
1770731498.742871 -0.387232304 48.704685211 -2.423135519 -0.017414348 -0.016004272 0.783215225 -0.621300578
1770731499.141254 -0.396168679 48.628021240 -2.404965162 -0.004368069 0.001949781 0.756427348 -0.654060245
1770731499.340376 -0.369216591 48.584331512 -2.384948492 -0.021589445 -0.007434999 -0.754363120 0.656060100
1770731499.642930 -0.406718940 48.419006348 -2.396160126 -0.011582321 -0.011543902 -0.754819751 0.655728459
1770731499.942353 -0.434787810 48.236625671 -2.396375179 -0.007098856 -0.013789401 -0.751961350 0.659024715
1770731500.142396 -0.459500909 48.038330078 -2.406815767 -0.010802547 -0.001820352 0.751729429 -0.659380674
1770731500.341932 -0.479594350 47.780082703 -2.410657644 -0.013762453 -0.010760198 0.756583273 -0.653663933
1770731500.541447 -0.514382362 47.560039520 -2.412958384 -0.016045166 -0.005573313 0.758118987 -0.651894987
1770731500.742713 -0.527572095 47.406112671 -2.409804344 -0.009683223 -0.003863979 0.761716783 -0.647826254
1770731500.940755 -0.548276961 47.253242493 -2.413370848 -0.010610220 -0.005450716 0.764343083 -0.644699454
1770731501.142106 -0.567328870 47.090671539 -2.410245657 -0.009810003 -0.004343933 0.763458490 -0.645767748
1770731501.344347 -0.593768954 46.921421051 -2.405813694 -0.011988819 0.000827984 0.759387910 -0.650527120
1770731501.539836 -0.614084363 46.760669708 -2.401573896 -0.010325916 0.005075003 0.757248402 -0.653025627
1770731501.842063 -0.630440593 46.558784485 -2.394070625 0.002001964 -0.008271263 -0.758192360 0.651975334
1770731502.140516 -0.671105623 46.319179535 -2.401483297 -0.015345375 0.003144097 0.759527504 -0.650286496
1770731502.438689 -0.685857594 46.144702911 -2.394573927 -0.009195724 0.004162291 0.761470497 -0.648120999
1770731502.636903 -0.706098497 46.004180908 -2.394718885 -0.012437748 0.004686125 0.761508048 -0.648019135
1770731502.938007 -0.739711821 45.769527435 -2.391626835 -0.012425418 0.005496564 0.763428688 -0.645749331
1770731503.238529 -0.761670709 45.558776855 -2.387510300 -0.009727098 0.006443418 0.759989977 -0.649830163
1770731503.438617 -0.791296124 45.389236450 -2.394159317 -0.021903593 0.003016701 0.757727027 -0.652197003
1770731503.638659 -0.791116297 45.256008148 -2.389210463 -0.012982436 0.001872703 0.756171405 -0.654242158
1770731503.840654 -0.806787252 45.110782623 -2.389180183 -0.015267901 0.000139416 0.757227719 -0.652972519
1770731504.039380 -0.833738983 44.962440491 -2.388621807 -0.017042149 0.004576209 0.758748472 -0.651144683
1770731504.238450 -0.853156090 44.824447632 -2.387798548 -0.016762126 0.005263608 0.760137975 -0.649524093
1770731504.438395 -0.862859190 44.683292389 -2.384180546 -0.013405667 0.002951453 0.761986971 -0.647446871
1770731504.638527 -0.890913904 44.529209137 -2.385270119 -0.019748185 0.003137673 0.763512254 -0.645483673
1770731504.839193 -0.906340301 44.399085999 -2.376835108 -0.010213670 0.010448304 0.763306916 -0.645870805
1770731505.238780 -0.944257915 44.126148224 -2.375194550 -0.009617889 0.011563306 0.764308631 -0.644675136
1770731505.444259 -0.976354897 44.006366730 -2.377111197 -0.020126302 0.010674945 0.767690778 -0.640415370
1770731505.737876 -0.982262909 43.896060944 -2.372499228 -0.013988538 0.011949394 0.765858233 -0.642746210
1770731506.537399 -1.030111432 43.440254211 -2.368200064 -0.013081047 0.012271008 0.758542359 -0.651376843
1770731506.737206 -1.051892400 43.314636230 -2.366140127 -0.017878866 0.012092258 0.760549426 -0.648921132
1770731507.037403 -1.071709037 43.129047394 -2.365602255 -0.017962979 0.011514703 0.762945473 -0.646110594
1770731507.237597 -1.094433784 42.950817108 -2.360013008 -0.014765805 0.011715464 0.767975807 -0.640201390
1770731507.437073 -1.126116633 42.795902252 -2.362956524 -0.021667885 0.011844124 0.769090831 -0.638662338
1770731507.637502 -1.140481591 42.650512695 -2.359994650 -0.015260308 0.012628277 0.771626234 -0.635767758
1770731507.837052 -1.158763051 42.495857239 -2.356405973 -0.014528270 0.007931049 0.775126696 -0.631589115
1770731508.036600 -1.195589900 42.317626953 -2.354348898 -0.013433458 0.012253469 0.778588951 -0.627270818
1770731508.243450 -1.235175133 42.120445251 -2.352572918 -0.016612152 0.011994653 0.780851305 -0.624380767
1770731508.430686 -1.249935269 41.964122772 -2.350904942 -0.013332636 0.007235191 0.780762613 -0.624643683
1770731508.639560 -1.275995374 41.805233002 -2.349348068 -0.012983255 0.007705014 0.776489854 -0.629948974
1770731508.836123 -1.300459266 41.634063721 -2.352813721 -0.017978437 0.004117402 0.772816896 -0.634360969
1770731509.036652 -1.318711042 41.478137970 -2.348861456 -0.014254145 0.005488782 0.768635094 -0.639505148
1770731509.235451 -1.329843521 41.331268311 -2.345650911 -0.011224887 0.004403726 0.763232052 -0.646011889
1770731509.635419 -1.346676111 41.109706879 -2.340965748 -0.006802441 0.005826294 0.754154742 -0.656635642
1770731509.835339 -1.360331059 40.987712860 -2.340365410 -0.009418757 0.006541824 0.749922633 -0.661426246
1770731510.135547 -1.378381848 40.769783020 -2.336882591 -0.009775454 0.005978951 0.749561667 -0.661835432
1770731510.337895 -1.391874194 40.595569611 -2.335231781 -0.009182273 0.004878543 0.749116778 -0.662356317
1770731510.537362 -1.416016698 40.431362152 -2.334242582 -0.011996856 0.006240348 0.751856863 -0.659187675
1770731510.738196 -1.426696539 40.280868530 -2.330421448 -0.008297714 0.005920148 0.753059685 -0.657873333
1770731510.935130 -1.440704942 40.112930298 -2.327296734 -0.008002756 0.004663676 0.754232764 -0.656541765
1770731511.334502 -1.476426005 39.790298462 -2.328895330 -0.009242880 0.001658281 0.757849216 -0.652362108
1770731511.535170 -1.495522261 39.606502533 -2.329133511 -0.010375061 -0.000364734 0.759851038 -0.650014281
1770731511.733390 -1.520810008 39.429656982 -2.324944496 -0.007676310 0.003143369 0.762523353 -0.646907449
1770731511.933527 -1.536073565 39.284904480 -2.324098349 -0.006712955 0.001872006 0.765558660 -0.643328428
1770731512.134252 -1.552507639 39.150047302 -2.324434996 -0.007684610 0.001784172 0.767710209 -0.640748620
1770731512.534777 -1.613335013 38.829666138 -2.329285145 -0.021476306 0.002963589 0.768193185 -0.639850914
1770731512.734358 -1.633986354 38.691287994 -2.329667330 -0.021741856 0.005043174 0.766146719 -0.642277956
1770731512.933213 -1.640597820 38.563999176 -2.323642492 -0.013971115 0.007495036 0.765350759 -0.643418074
1770731513.129177 -1.647188187 38.431217194 -2.321853876 -0.009756869 0.005026924 0.763058484 -0.646236360
1770731513.333520 -1.684000611 38.272869110 -2.324706554 -0.017817756 0.010239922 0.760862052 -0.648588121
1770731513.832672 -1.705657721 37.934402466 -2.318177700 -0.011296099 0.007007130 0.755065680 -0.655514419
1770731514.032782 -1.725700259 37.790550232 -2.320623636 -0.016877748 0.006121440 0.752787590 -0.658018649
1770731514.333778 -1.735867500 37.599128723 -2.314841270 -0.011420139 0.008005925 0.748008668 -0.663542509
1770731514.532619 -1.755840421 37.426540375 -2.315813541 -0.016392887 0.007356179 0.748314261 -0.663101077
1770731515.132808 -1.812965274 36.916030884 -2.314050436 -0.015930472 0.009665241 0.758436203 -0.651480854
1770731515.329467 -1.845030427 36.680873871 -2.318223238 -0.020517234 0.004953647 0.762439072 -0.646715820
1770731515.532409 -1.874638200 36.481346130 -2.318411589 -0.023628958 0.002510644 0.765801787 -0.642637610
1770731515.731749 -1.887666583 36.345005035 -2.309390545 -0.013225950 0.006641421 0.769095600 -0.638962328
1770731515.931779 -1.927119255 36.165397644 -2.311008692 -0.017362138 0.010774205 0.771753967 -0.635592818
1770731516.130512 -1.950295806 35.995052338 -2.306241751 -0.014256073 0.010083349 0.771974683 -0.635413349
1770731516.331160 -1.975800514 35.834030151 -2.302837849 -0.015413361 0.012826242 0.767728627 -0.640461266
1770731516.531734 -1.992938042 35.672927856 -2.293358326 0.009609808 -0.015597763 -0.764144778 0.644784689
1770731516.732504 -2.009346724 35.470420837 -2.305845022 -0.015921900 0.002084751 0.761594534 -0.647854865
1770731517.034141 -2.037142754 35.220920563 -2.295797586 -0.017765153 0.005534297 0.753921688 -0.656700730
1770731517.332436 -2.048810720 35.010421753 -2.288134336 -0.006281772 0.008630751 0.752889931 -0.658059835
1770731517.532835 -2.078798771 34.850639343 -2.281534910 -0.011638921 0.014346459 0.753934503 -0.656689882
1770731517.731822 -2.097702265 34.636749268 -2.282025337 -0.013252045 0.008148240 0.758248150 -0.651780546
1770731517.936326 -2.126069069 34.413280487 -2.281195641 -0.014233639 0.006131434 0.761650145 -0.647803068
1770731518.129466 -2.151462317 34.222782135 -2.280724764 -0.015302650 0.002821862 0.764886558 -0.643977046
1770731518.332012 -2.175864935 34.068778992 -2.276185513 -0.014387190 0.006965268 0.766779184 -0.641711831
1770731518.530325 -2.191100359 33.911987305 -2.277428389 -0.014626169 0.003605001 0.766015112 -0.642645955
1770731518.736589 -2.204884529 33.743762970 -2.268684864 -0.008783470 0.004339693 0.763200998 -0.646086872
1770731518.937870 -2.236656427 33.537876129 -2.274301291 -0.019404398 0.002605194 0.758888304 -0.650926411
1770731519.130767 -2.249930620 33.383182526 -2.265534401 -0.011584737 0.006261314 0.759680569 -0.650163174
1770731519.330905 -2.271692276 33.206604004 -2.264801502 -0.014282465 0.006289716 0.759648860 -0.650146186
1770731519.529914 -2.295466185 33.018383026 -2.264652014 -0.017193766 0.003611673 0.761846125 -0.647519827
1770731519.731680 -2.317673445 32.842784882 -2.256675482 -0.011410099 0.008581563 0.762580395 -0.646735847
1770731519.927388 -2.353570700 32.636180878 -2.256633520 -0.019091900 0.007035214 0.763289154 -0.645736516
1770731520.240992 -2.381762028 32.354984283 -2.246656656 -0.012709071 0.010001360 0.757912815 -0.652155459
1770731520.530016 -2.400065184 32.101573944 -2.240255356 -0.007651275 0.007815460 0.756743968 -0.653619885
1770731520.729322 -2.432445288 31.895713806 -2.243319511 -0.016842175 0.005984239 0.758007407 -0.652001083
1770731520.929913 -2.445497274 31.719406128 -2.232934475 -0.007123444 0.009267020 0.760110915 -0.649688244
1770731521.129668 -2.472626448 31.497413635 -2.226589918 -0.006368759 0.010354802 0.762990296 -0.646295607
1770731521.329452 -2.506656647 31.290241241 -2.225008965 -0.008532956 0.012087253 0.766316056 -0.642293513
1770731521.529421 -2.541774273 31.072978973 -2.222360611 -0.014081726 0.008034774 0.771768630 -0.635696828
1770731521.729605 -2.580064297 30.870719910 -2.222660303 -0.018198218 0.006226761 0.777365923 -0.628754616
1770731521.929470 -2.600854397 30.740829468 -2.217462778 -0.012116025 0.009296929 0.780760944 -0.624643207
1770731522.128064 -2.625669003 30.591600418 -2.217019796 -0.012639660 0.009758279 0.779725552 -0.625917792
1770731522.327033 -2.660626888 30.392086029 -2.218007326 -0.018147686 0.009871043 0.774648905 -0.632054150
1770731522.528667 -2.687033653 30.219856262 -2.210917473 -0.014912523 0.014222828 0.771800101 -0.635531306
1770731522.728601 -2.695948362 30.076822281 -2.202504873 0.006595176 -0.015213315 -0.767509222 0.640823543
1770731522.928384 -2.720488548 29.914007187 -2.198161125 0.010670695 -0.016774671 -0.762067199 0.647192776
1770731523.128398 -2.730574846 29.765356064 -2.192256451 0.008277156 -0.016391506 -0.756914139 0.653256416
1770731523.328178 -2.733697414 29.623090744 -2.191610575 -0.007948505 0.011691208 0.748596966 -0.662874639
1770731523.527808 -2.735347986 29.484508514 -2.188117504 -0.008701219 0.011964594 0.740018845 -0.672423482
1770731523.728584 -2.747363329 29.312297821 -2.189218521 -0.013366614 0.009355327 0.735753298 -0.677053213
1770731523.927816 -2.757204533 29.173192978 -2.180711746 -0.010312041 0.010696699 0.737944722 -0.674697697
1770731524.229148 -2.776241779 28.963167191 -2.180104256 -0.012970888 0.010656622 0.741148114 -0.671131730
1770731524.435766 -2.783801794 28.805807114 -2.179900169 -0.013100383 0.007234864 0.742767453 -0.669382274
1770731524.627671 -2.799880266 28.633699417 -2.177610159 -0.015293859 0.003847698 0.745985806 -0.665775120
1770731524.827817 -2.817277908 28.474763870 -2.173668861 -0.014929608 0.007741955 0.747092724 -0.664507151
1770731525.027550 -2.823960781 28.301055908 -2.169798374 -0.008502678 0.005926372 0.750253856 -0.661068738
1770731525.227823 -2.854820967 28.106834412 -2.165566444 -0.013452894 0.006779970 0.753971457 -0.656734526
1770731525.428470 -2.876381159 27.935911179 -2.164846897 -0.014796190 0.007741140 0.755182922 -0.655301452
1770731525.625360 -2.881731272 27.778812408 -2.158511639 -0.006325977 0.006461094 0.757575095 -0.652685523
1770731525.825747 -2.925445557 27.567169189 -2.159886122 -0.016102614 0.008776466 0.760183036 -0.649450064
1770731526.226475 -2.973996401 27.155395508 -2.161068439 -0.015802363 0.001984268 0.765911281 -0.642749012
1770731526.427855 -2.995090723 27.060377121 -2.153755188 -0.012155106 0.011114700 0.767065346 -0.641357541
1770731526.728698 -3.013765335 26.919326782 -2.152095556 -0.011147042 0.010275065 0.769071341 -0.638983071
1770731527.024041 -3.032600641 26.756650925 -2.150691509 -0.009619772 0.009145348 0.768008828 -0.640301704
1770731527.325592 -3.063760281 26.514053345 -2.150395632 -0.015777260 0.008567918 0.760187089 -0.649456084
1770731527.625797 -3.085716963 26.258424759 -2.148568630 -0.016864579 0.007782737 0.751015842 -0.660022974
1770731527.925566 -3.110132694 25.990369797 -2.143616438 -0.014345016 0.010511849 0.752888203 -0.657908082
1770731528.125604 -3.134295702 25.809026718 -2.147880793 -0.021039657 0.006532655 0.756144524 -0.654033840
1770731528.425181 -3.149065018 25.577560425 -2.139498234 -0.011780652 0.007428518 0.757685542 -0.652471185
1770731528.624150 -3.182950497 25.375627518 -2.144648552 -0.017512001 0.006514119 0.760703385 -0.648830652
1770731528.825279 -3.211946011 25.198606491 -2.147380352 -0.023113783 0.004685730 0.762362599 -0.646720350
1770731529.231179 -3.254511356 24.875621796 -2.148250103 -0.019597359 0.003386456 0.765701711 -0.642888308
1770731529.423297 -3.277489185 24.723045349 -2.146507025 -0.017899534 0.005564865 0.763753772 -0.645235479
1770731529.625395 -3.290623188 24.572692871 -2.145452976 -0.017935231 0.004159945 0.759591341 -0.650140107
1770731530.024421 -3.312214851 24.272439957 -2.145392656 -0.015470494 0.003940728 0.746272743 -0.665448844
1770731530.223232 -3.323400021 24.119047165 -2.143014669 -0.014790592 0.004879659 0.745077252 -0.666796327
1770731530.425090 -3.344021559 23.960662842 -2.136662483 -0.012680874 0.009555717 0.748243809 -0.663233876
1770731530.624647 -3.363814592 23.775062561 -2.136320114 -0.015373468 0.006550859 0.753067732 -0.657730699
1770731530.824342 -3.381789684 23.595399857 -2.135871172 -0.015861321 0.007243336 0.754307151 -0.656290174
1770731531.022995 -3.410568714 23.431779861 -2.136390924 -0.019417422 0.007564683 0.756464958 -0.653702259
1770731531.323323 -3.430714369 23.231277466 -2.131398439 -0.015661832 0.007906320 0.762759864 -0.646443784
1770731531.522406 -3.460646868 23.079177856 -2.133553743 -0.020471428 0.009733221 0.764859617 -0.643798172
1770731531.723903 -3.480857372 22.947631836 -2.134179592 -0.022353265 0.007552437 0.768952250 -0.638870776
1770731532.221790 -3.517108679 22.640501022 -2.132200003 -0.018602990 0.007784275 0.765690148 -0.642893434
1770731532.424752 -3.534104109 22.494970322 -2.131112814 -0.018305270 0.007257461 0.757394671 -0.652660489
1770731532.624507 -3.549795389 22.350191116 -2.133269787 -0.017050182 0.006131393 0.760711491 -0.648837209
1770731532.822005 -3.573071003 22.185821533 -2.132632494 -0.019474557 0.005488733 0.764085829 -0.644797325
1770731533.220998 -3.621925116 21.858272552 -2.132031918 -0.013308019 0.006120990 0.771666348 -0.635858834
1770731533.423558 -3.663276672 21.673824310 -2.137106895 -0.018808495 0.005051516 0.778833926 -0.626927793
1770731533.621213 -3.689688921 21.497121811 -2.137364864 -0.016986439 0.001897463 0.781380355 -0.623821080
1770731534.022779 -3.748177052 21.173200607 -2.138370752 -0.014238355 0.002152842 0.779689252 -0.626001060
1770731534.221632 -3.764775276 21.024307251 -2.136122704 -0.009400242 0.001213843 0.777177691 -0.629209816
1770731534.522361 -3.790178299 20.816343307 -2.139611959 -0.011035086 -0.002033339 0.768748820 -0.639452457
1770731534.721919 -3.799420357 20.683219910 -2.135458469 -0.006324024 -0.001203253 0.762770355 -0.646637440
1770731535.018816 -3.812923431 20.503076553 -2.138430357 -0.006249398 -0.001986457 0.757822275 -0.652428091
1770731535.220869 -3.828864574 20.336471558 -2.139490366 -0.003665265 -0.004860111 0.760588527 -0.649205685
1770731535.620773 -3.880110264 19.975730896 -2.143398762 -0.009016182 -0.004726560 0.763462961 -0.645771325
1770731535.821802 -3.888086557 19.817070007 -2.141062021 -0.003655974 -0.006507888 0.761402845 -0.648236036
1770731536.117287 -3.930133343 19.564861298 -2.149461746 -0.015347783 -0.003179373 0.759378850 -0.650460005
1770731536.321387 -3.956560612 19.400081635 -2.155683041 -0.018669227 -0.003441826 0.765912473 -0.642664492
1770731536.520497 -3.988519669 19.252788544 -2.153674841 -0.017482327 0.004127242 0.778888583 -0.626904964
1770731536.723002 -4.018555164 19.130975723 -2.153582811 -0.016215088 0.006578998 0.790528178 -0.612175643
1770731536.921412 -4.039218426 19.024919510 -2.152426958 -0.014036689 0.006985679 0.792486370 -0.609687984
1770731537.120030 -4.052750587 18.925170898 -2.147661448 -0.006991845 0.011649426 0.788106441 -0.615388989
1770731537.324812 -4.072744370 18.795375824 -2.145514011 -0.007856809 0.012982129 0.779883325 -0.625741005
1770731537.521241 -4.084649086 18.648616791 -2.145220280 -0.006532917 0.008834850 0.773953915 -0.633146524
1770731537.719626 -4.086408138 18.491189957 -2.149153709 -0.004151996 0.000820952 0.764978826 -0.644041538
1770731538.122450 -4.123222351 18.203630447 -2.145277262 -0.007815983 0.000663237 0.760898113 -0.648823917
1770731538.418432 -4.141915798 17.993812561 -2.139137983 0.000185867 0.001276125 0.764396071 -0.644745767
1770731538.619830 -4.165054321 17.833045959 -2.143179893 -0.005905570 -0.000314690 0.763080597 -0.646276295
1770731538.820079 -4.177720547 17.683549881 -2.138564348 -0.001891140 0.001323431 0.759602368 -0.650383770
1770731539.019773 -4.195148468 17.495601654 -2.146556377 -0.009280547 -0.006405195 0.758771360 -0.651259482
1770731539.217871 -4.210034847 17.339151382 -2.144181252 -0.006901152 -0.002876747 0.755214036 -0.655435622
1770731539.521713 -4.235425472 17.096458435 -2.149720907 -0.016023472 -0.006198079 0.750451326 -0.660702467
1770731539.820028 -4.241068840 16.880439758 -2.152404308 -0.013969005 -0.006437141 0.743744195 -0.668287396
1770731540.018465 -4.264504433 16.726804733 -2.148526907 -0.013984408 -0.001479660 0.746020257 -0.665774882
1770731540.218047 -4.268465519 16.547803879 -2.151026964 -0.012595889 -0.004745185 0.744050086 -0.667988360
1770731540.415201 -4.287909508 16.383152008 -2.144092560 -0.005873311 0.003546146 0.745877147 -0.666048229
1770731540.617844 -4.313639641 16.191720963 -2.149966955 -0.016369544 0.001779356 0.746815264 -0.664827764
1770731540.814570 -4.318964005 16.009334564 -2.146210670 -0.010116977 -0.000169761 0.749073744 -0.662409365
1770731541.018854 -4.345012188 15.803128242 -2.144579887 -0.012250243 0.002084337 0.751489341 -0.659628153
1770731541.217359 -4.356363297 15.620845795 -2.138253927 -0.004628461 0.003353594 0.754391789 -0.656399667
1770731541.518181 -4.386916161 15.390692711 -2.131714344 0.003115546 -0.009080292 -0.756438732 0.653994024
1770731541.917459 -4.423437595 15.064681053 -2.124801874 -0.003014970 0.007574410 0.760678828 -0.649077296
1770731542.121283 -4.445382118 14.861726761 -2.125878334 -0.006359031 0.002218165 0.760870695 -0.648868620
1770731542.317649 -4.470205307 14.677177429 -2.120836020 -0.007775645 0.003626017 0.759799004 -0.650101423
1770731542.517611 -4.486431122 14.494801521 -2.120724916 -0.007941543 0.002096655 0.758092284 -0.652095556
1770731542.717526 -4.498894215 14.315802574 -2.122675180 -0.007326494 -0.001844035 0.756619513 -0.653811693
1770731543.016062 -4.537624359 14.079895973 -2.121682644 -0.016609872 0.000430522 0.754561245 -0.656019211
1770731543.317827 -4.553707123 13.836541176 -2.120530128 -0.010260516 -0.001073981 0.759102762 -0.650889039
1770731543.516682 -4.607046127 13.659607887 -2.128955841 -0.027088918 0.002922262 0.763043702 -0.645772338
1770731543.817156 -4.628321171 13.408949852 -2.117103577 -0.008828602 0.005842546 0.769362211 -0.638725042
1770731544.016629 -4.676323891 13.232949257 -2.119381666 -0.012352166 0.011719005 0.771949649 -0.635455668
1770731544.216240 -4.697609901 13.074208260 -2.111817360 -0.010574664 0.010181660 0.772825778 -0.634448409
1770731544.516414 -4.732915401 12.844927788 -2.108742952 0.006825440 -0.013112766 -0.771101952 0.636540055
1770731544.837875 -4.749337196 12.580944061 -2.105939150 -0.005750724 0.004878974 0.764106095 -0.645046532
1770731545.121935 -4.771246910 12.354981422 -2.106564999 -0.008429762 0.003080267 0.757324159 -0.652977407
1770731545.514526 -4.794517517 12.080722809 -2.103059769 -0.007992810 0.003512835 0.750792384 -0.660480499
1770731545.915954 -4.823961735 11.765505791 -2.101508856 -0.006573895 0.002431205 0.755330563 -0.655306458
1770731546.120452 -4.850828648 11.594765663 -2.103312016 -0.009049033 0.002929310 0.759567201 -0.650359213
1770731546.417133 -4.887155533 11.334364891 -2.101009369 -0.011519852 0.000127037 0.764584422 -0.644420564
1770731546.617752 -4.896845341 11.201772690 -2.095388412 -0.005210864 0.001670992 0.759359121 -0.650648654
1770731546.814616 -4.908154964 11.073538780 -2.094406843 -0.006337781 0.002985860 0.745996416 -0.665913224
1770731547.213603 -4.916299820 10.750492096 -2.102472067 -0.013545655 -0.008263107 0.735192299 -0.677672923
1770731547.414233 -4.923532009 10.580709457 -2.101971865 -0.012810344 -0.006681689 0.732580364 -0.680527329
1770731547.615202 -4.940116882 10.401988029 -2.106036186 -0.015777308 -0.006888532 0.736214519 -0.676529288
1770731547.816839 -4.951257229 10.247835159 -2.107257605 -0.011903451 -0.005986927 0.742562830 -0.669643998
1770731548.019451 -4.964305878 10.100515366 -2.102016926 -0.006054839 -0.002071532 0.746950030 -0.664849401
1770731549.113393 -5.065948963 9.119129181 -2.095228434 0.005959275 -0.007755195 0.765105426 -0.643830717
1770731549.414471 -5.100212574 8.818300247 -2.098102808 0.005888192 -0.014014143 0.767673016 -0.640661418
1770731549.713445 -5.137738228 8.572698593 -2.101903200 0.003242574 -0.013286814 0.768567681 -0.639622271
1770731549.914901 -5.159290314 8.427509308 -2.102358103 0.002064941 -0.012060976 0.766680062 -0.641912758
1770731550.313678 -5.211479664 8.090847969 -2.107500792 -0.006548769 -0.014161242 0.765360236 -0.643412948
1770731550.512708 -5.224322796 7.933389187 -2.109168530 -0.002505819 -0.015655458 0.765355766 -0.643412113
1770731550.714488 -5.244933128 7.785598278 -2.111165524 -0.001182460 -0.014266296 0.766752839 -0.641782880
1770731550.911839 -5.264287949 7.645300865 -2.111774683 -0.000094237 -0.012813365 0.766414762 -0.642218232
1770731551.112584 -5.280980587 7.492715359 -2.111177921 0.001343678 -0.010350219 0.761245847 -0.648379326
1770731551.312661 -5.299597740 7.311749458 -2.112484217 0.000233175 -0.010330321 0.758726180 -0.651327670
1770731552.232427 -5.382261753 6.609767437 -2.118809462 -0.002598807 -0.008826534 0.757873595 -0.652336478
1770731552.620784 -5.406152248 6.256611347 -2.117079496 -0.000931914 -0.005451850 0.745740414 -0.666213691
1770731553.010974 -5.443840027 5.967965126 -2.118230820 -0.013963183 -0.006131622 0.744218826 -0.667761862
1770731553.416187 -5.451194763 5.670686722 -2.121367693 -0.002592716 -0.005950154 0.747537315 -0.664188206
1770731553.711079 -5.479792595 5.412317276 -2.114776611 -0.000578759 -0.001659476 0.746192694 -0.665727794
1770731554.109892 -5.499353409 5.102430820 -2.106281519 0.001958562 0.000856433 0.745434046 -0.666576087
1770731554.309478 -5.540976524 4.881747723 -2.117046118 -0.017198028 -0.003081815 0.749169827 -0.662147582
1770731554.609010 -5.553328514 4.670317173 -2.104324579 -0.004347654 0.002548432 0.752174854 -0.658944368
1770731554.910106 -5.592010498 4.388700485 -2.106620312 -0.011329029 -0.000207950 0.756329596 -0.654092610
1770731555.410374 -5.635940552 4.008904934 -2.095465660 -0.003202589 0.004320349 0.761547565 -0.648086727
1770731555.809849 -5.678822994 3.679315090 -2.096291304 -0.004549250 0.002267576 0.764208734 -0.644948959
1770731556.111154 -5.699025631 3.420250416 -2.091758728 -0.002295678 0.000000330 0.759077668 -0.650995970
1770731556.312723 -5.718152046 3.233869791 -2.092258930 -0.003469223 0.000499419 0.754511237 -0.656277776
1770731556.507802 -5.731762886 3.054667234 -2.094979525 -0.006886680 -0.001219594 0.748434722 -0.663171709
1770731556.708454 -5.733057499 2.880202532 -2.090590477 -0.001928247 -0.003140981 0.743787706 -0.668405890
1770731556.906516 -5.739241123 2.706054211 -2.089538336 -0.000420161 -0.003675992 0.742453158 -0.669887781
1770731558.706988 -5.960311413 1.231407166 -2.114980221 -0.023039481 0.022237659 0.751751125 -0.658668995
1770731558.906450 -5.943570137 1.143336535 -2.090044737 -0.004750573 -0.035678033 -0.745384574 0.665662348
1770731559.305121 -5.977156162 0.886577785 -2.066817284 -0.014022574 -0.051354926 -0.746371210 0.663397372
1770731559.705920 -5.943386555 0.621567905 -2.050868988 -0.021719666 -0.035610318 -0.732228637 0.679780424
1770731560.105570 -5.925991535 0.280341089 -2.060914040 -0.001358236 -0.013819681 -0.705686033 0.708388686
1770731561.304567 -5.719049931 -0.330431908 -2.094569445 -0.005840152 -0.011857359 0.592696607 -0.805317342
1770731561.598216 -5.637435913 -0.432677299 -2.100443363 -0.002181158 -0.019837039 0.555688262 -0.831151128
1770731562.004926 -5.568755627 -0.592716217 -2.102627993 -0.007602162 -0.020064710 0.551006615 -0.834224999
1770731562.205780 -5.535596848 -0.696746528 -2.106016159 -0.007615375 -0.010335508 0.552922010 -0.833134174
1770731562.616631 -5.405438423 -0.907442212 -2.092162132 -0.013430025 0.005360019 -0.555176198 0.831606984
1770731563.303729 -5.196524620 -1.570146680 -2.166957378 -0.032842297 -0.022227049 0.568208158 -0.821928740
1770731563.506934 -5.136731148 -1.685898542 -2.168496132 -0.017786207 -0.016655337 0.574871719 -0.817880630
1770731563.802694 -5.080803394 -1.818625450 -2.167886972 -0.008517555 -0.003835673 0.574109197 -0.818725526
1770731564.101745 -5.021025658 -1.910533547 -2.159848452 -0.006258130 -0.010132557 -0.561879456 0.827133358
1770731564.402477 -4.908143997 -2.050492525 -2.170829296 -0.010557925 -0.005885029 -0.526419222 0.850139260
1770731564.703195 -4.760725021 -2.209859848 -2.183391094 -0.016143018 0.003145740 -0.487886488 0.872752130
1770731565.003808 -4.592940331 -2.362314463 -2.208839178 0.007208482 -0.019471046 0.442952991 -0.896304369
1770731565.306118 -4.477697849 -2.450439930 -2.211309910 0.010710346 -0.010008576 0.393945366 -0.919016957
1770731565.702462 -4.324138641 -2.586080551 -2.254861355 -0.021254325 -0.025323004 0.324231833 -0.945399821
1770731566.001409 -4.206418514 -2.600467443 -2.271079540 -0.012176192 -0.031107690 0.279747397 -0.959492266
1770731566.309719 -4.140707016 -2.594562531 -2.283059120 -0.006272879 -0.025748162 0.244425461 -0.969305873
1770731566.701248 -4.024124622 -2.590708971 -2.308854818 -0.002958616 -0.037139565 0.200024217 -0.979082286
1770731569.500395 -3.334419727 -2.371776819 -2.472215891 -0.002867407 0.012842061 0.134408221 0.990838766
1770731572.399795 -3.156728983 -2.151789188 -2.564995527 -0.003516738 0.017875791 0.414327949 0.909945309
1770731575.397907 -3.115258694 -1.911137938 -2.621292353 0.008605883 0.006179796 0.551103115 0.834369898
1770731576.693417 -3.165125847 -1.861416817 -2.643922329 0.011082428 0.000131877 0.622903943 0.782219827
1770731576.996390 -3.169964075 -1.839688659 -2.648782492 0.012434581 -0.000525294 0.643930852 0.764982462
1770731577.495830 -3.167608261 -1.811450243 -2.655434608 0.012652230 -0.003777475 0.648792684 0.760850728
1770731577.802698 -3.154946566 -1.735505819 -2.658378601 0.006987596 -0.002099622 0.639451385 0.768796921
1770731578.195503 -3.155552864 -1.579291821 -2.668551922 -0.000575592 0.010026521 0.672585487 0.739951372
1770731578.395664 -3.163362265 -1.520603299 -2.669612885 0.006599087 0.005550421 0.695766449 0.718216419
1770731578.794994 -3.200783014 -1.389508724 -2.680515289 -0.006836757 0.000496203 0.699301958 0.714793563
1770731579.094845 -3.193207264 -1.310426712 -2.687775850 -0.008095605 0.013292473 0.705383003 0.708655596
1770731579.498327 -3.190147638 -1.216070175 -2.689687014 -0.008062188 0.019708505 0.710992455 0.702877223
1770731579.993952 -3.205734730 -1.087426305 -2.690962315 -0.012131155 0.014939887 0.710007787 0.703930795
1770731580.395334 -3.186362743 -1.024581313 -2.693515062 -0.013191435 0.021964081 0.696008623 0.717576206
1770731580.894572 -3.139972448 -1.027836442 -2.690865278 -0.010313320 0.022643790 0.653659344 0.756379724
1770731581.493531 -3.143729687 -1.027104735 -2.687963009 -0.010062691 0.022499507 0.656262159 0.754130244
1770731581.993620 -3.150309086 -1.015752196 -2.684478283 -0.009039395 0.019884747 0.663153946 0.748164237
1770731582.590855 -3.148959398 -0.935721576 -2.683356047 -0.010532644 0.016102184 0.661034465 0.750108778
1770731583.105024 -3.140803099 -0.861603916 -2.686413050 -0.009870899 0.017233150 0.661902249 0.749327123
1770731583.690949 -3.130551100 -0.817255735 -2.689781904 -0.010215744 0.021659994 0.660099208 0.750796676
1770731584.193832 -3.125179529 -0.803855717 -2.690585613 -0.010371731 0.023270123 0.657046735 0.753419220
1770731584.792263 -3.125726700 -0.803887308 -2.691166639 -0.010410405 0.023247926 0.657328486 0.753173530
1770731585.292517 -3.126694202 -0.805449963 -2.691452980 -0.010354853 0.023127602 0.657832384 0.752738059
1770731585.889308 -3.127337456 -0.805921733 -2.691653490 -0.010370095 0.023050133 0.658018172 0.752577782
1770731586.392406 -3.128252983 -0.806512117 -2.691343784 -0.010443477 0.022907376 0.657982826 0.752611935
