1403636579.763555527 0.000000000 0.000000000 0.000000000 -0.000000000 -0.000000000 -0.000000000 1.000000000
1403636580.063555479 -0.001574400 0.130755782 0.041102707 -0.020686148 0.005907901 -0.000255791 0.999768555
1403636580.113555431 -0.001952355 0.155410349 0.047812622 -0.023210663 0.005637098 0.001904568 0.999712944
1403636580.563555479 -0.008544993 0.297187388 0.075745508 -0.070605211 0.001779827 -0.000936307 0.997502327
1403636580.863555670 -0.011556270 0.138845131 0.039456293 -0.049159773 0.012246337 -0.012220989 0.998641074
1403636581.063555479 -0.018123990 -0.008179711 0.008488280 -0.020250710 0.019269755 -0.018954247 0.999429524
1403636581.213555574 -0.018605003 -0.094247572 -0.010527383 0.002315081 0.020798467 -0.013408164 0.999691129
1403636582.163555622 -0.000644380 0.252783388 0.066898510 -0.053031903 0.020194640 -0.009251655 0.998345733
1403636582.263555527 -0.003471165 0.260401100 0.067787297 -0.062473346 0.017531097 -0.010085031 0.997841716
1403636583.013555527 -0.004853468 -0.151437640 -0.030267218 0.012267060 0.041734654 -0.003971140 0.999045551
1403636584.063555479 0.013269112 0.275402099 0.074182607 -0.064113960 0.023223307 -0.012038574 0.997599721
1403636586.363555670 0.006011442 0.108302027 -0.018727340 -0.166812018 0.043504793 0.012870752 0.984944403
1403636587.663555622 0.159005731 0.084293462 -0.003818120 -0.195784628 0.034735706 0.017882125 0.979868352
1403636588.213555574 0.334436685 0.086279109 0.014250342 -0.205328107 0.065647520 0.031888820 0.975968182
1403636589.613555431 -0.076552011 0.092629924 -0.037608013 -0.193498895 0.020444084 0.014195359 0.980784774
1403636589.813555479 -0.167504072 0.101829678 -0.043452024 -0.193959042 0.010269341 0.011060218 0.980893552
1403636590.013555527 -0.236642629 0.113818534 -0.048618156 -0.201623857 -0.007050692 0.009682577 0.979389787
1403636592.163555622 0.232157394 0.102873862 0.044395559 -0.149994031 0.098228283 0.038948216 0.983023942
1403636592.563555479 0.243770018 0.068729311 0.149079278 -0.163121313 0.077162765 0.041689966 0.982700050
1403636592.813555479 0.175793186 0.050723784 0.216897935 -0.152023390 0.026294030 0.018335648 0.987856984
1403636592.963555574 0.099551290 0.051027454 0.228788942 -0.159627169 -0.017289415 0.009168144 0.986983359
1403636593.113555431 0.008317284 0.059162814 0.207462132 -0.167184398 -0.058615521 -0.003341132 0.984176040
1403636593.263555527 -0.081242636 0.073535398 0.158977240 -0.169251829 -0.094964087 -0.003682642 0.980980158
1403636593.463555574 -0.155257210 0.102822945 0.075074546 -0.177115902 -0.109645508 -0.006650951 0.978040695
1403636593.713555574 -0.149513394 0.151320994 -0.030428259 -0.192966998 -0.078864276 0.009501030 0.977984607
1403636593.863555670 -0.100325875 0.173017830 -0.078865714 -0.195410177 -0.030314472 0.030704729 0.979771972
1403636593.963555574 -0.052568033 0.180150121 -0.104776375 -0.185579285 0.008890687 0.045534987 0.981533468
1403636594.263555527 0.116506577 0.178295508 -0.106244415 -0.173576698 0.110456347 0.074617200 0.975757539
1403636594.613555431 0.286520183 0.136103243 0.030087691 -0.151447490 0.140474379 0.064028852 0.976335466
1403636594.913555384 0.237326026 0.105452158 0.153447330 -0.137688592 0.094789587 0.047130112 0.984802306
1403636595.863555670 0.019336820 0.187407464 0.001981051 -0.164524570 -0.028318712 -0.006209583 0.985946894
1403636595.963555574 0.075767942 0.199906558 -0.021149516 -0.165715739 0.003184260 0.001976862 0.986166418
1403636596.113555431 0.134610206 0.218530878 -0.063640557 -0.171952963 0.046778779 0.015118420 0.983877718
1403636596.613555431 0.014687231 0.233652934 -0.238038272 -0.157657012 0.063522369 0.020185774 0.985241950
1403636597.613555431 0.051736616 0.108394086 0.139860705 -0.158323973 -0.021932866 -0.026686000 0.986782789
1403636598.363555670 -0.022618676 0.206887409 -0.022949293 -0.187036633 -0.063335821 -0.053854067 0.978828669
1403636598.663555622 0.012379995 0.232379064 0.033341255 -0.165288240 -0.066749088 -0.056358997 0.982368588
1403636598.863555670 0.029846096 0.245601386 0.108799957 -0.121273711 -0.089700207 -0.051598158 0.987210333
1403636599.013555527 0.040889397 0.266344339 0.158808112 -0.093552597 -0.092470571 -0.049762692 0.990060985
1403636599.113555431 0.045030046 0.277342409 0.182710022 -0.075239792 -0.098688252 -0.045208808 0.991239488
1403636599.213555574 0.047423415 0.283075064 0.200308934 -0.046391949 -0.103835098 -0.040629230 0.992680907
1403636600.013555527 0.057808578 0.312862575 0.254060864 0.015831897 -0.083395891 -0.024737194 0.996083617
1403636611.013555527 0.059226684 0.313414693 0.253514260 0.019340353 -0.085688159 -0.018517265 0.995962143
1403636624.363555670 0.062053286 0.313713938 0.252596676 0.011178032 -0.080352895 -0.018583143 0.996530533
1403636624.613555431 0.077974752 0.316186130 0.243009865 -0.005830525 -0.071905732 -0.021281192 0.997167349
1403636624.913555384 0.120008856 0.322649270 0.215038300 -0.013768590 -0.061371535 -0.052669950 0.996629238
1403636625.063555479 0.140773609 0.307803094 0.188245103 -0.031768531 -0.056771468 -0.069521308 0.995456994
1403636625.713555574 0.144305959 0.241292343 0.162791133 -0.031454239 -0.068374202 -0.056870498 0.995540738
1403636627.763555527 0.226318762 -0.050652828 0.114809118 -0.022910573 -0.060390122 -0.042259753 0.997016728
1403636629.163555622 0.471289486 -0.201621518 0.198064730 -0.028406845 0.006187470 -0.022250893 0.999329627
1403636629.663555622 0.622978389 -0.228807807 0.289100021 -0.019806564 0.059452247 0.012489229 0.997956514
1403636629.963555574 0.747495413 -0.188020706 0.384782970 -0.036589451 0.122580417 0.027091540 0.991413772
1403636630.163555622 0.837363005 -0.196062297 0.455622554 -0.022869868 0.145955861 0.032219186 0.988501787
1403636630.313555479 0.906714439 -0.222817525 0.508153260 -0.006325292 0.154907838 0.032067869 0.987388074
1403636630.763555527 1.100881100 -0.343536377 0.644204497 -0.017953949 0.153078526 0.020728284 0.987833500
1403636631.763555527 1.473457575 -0.410542279 1.053579807 -0.012092602 0.139549971 0.017865269 0.989980042
1403636633.113555431 1.766108155 -0.505021274 1.610149980 -0.017330749 0.045592669 -0.016061772 0.998680651
1403636634.163555622 1.977994561 -0.633071780 2.223849773 -0.026803875 0.032113548 0.008340902 0.999089956
1403636635.113555431 2.259973526 -0.871706605 2.852882624 -0.018800741 0.000608854 -0.032445103 0.999296546
1403636635.863555670 2.422440290 -1.090053439 3.350833654 -0.014449835 -0.012225811 -0.006063981 0.999802470
1403636636.563555479 2.660007954 -1.462155938 3.814816713 0.013809649 -0.000034660 -0.036702201 0.999230862
1403636638.013555527 2.798019886 -1.758336663 4.476291656 -0.009772621 -0.014844434 -0.032833714 0.999302804
1403636639.163555622 2.881055832 -1.923958421 5.075386524 -0.021702949 -0.029285396 -0.003020459 0.999330878
1403636640.013555527 3.130666018 -1.966582060 5.700486183 -0.001452551 -0.022956122 -0.031405404 0.999242008
1403636641.263555527 3.388664961 -2.144416809 6.291886330 -0.004402247 -0.056849495 -0.049560357 0.997142196
1403636643.913555384 3.797862291 -2.353295088 6.859621048 -0.043877088 -0.002857232 -0.025628775 0.998704076
1403636645.013555527 4.117250443 -2.352236509 7.462936401 -0.012160785 0.002126277 -0.026941253 0.999560773
1403636646.063555479 4.513977528 -2.505578041 8.225015640 -0.023154067 0.011397291 -0.012258893 0.999591768
1403636646.563555479 4.748942852 -2.712958336 8.656407356 0.015468683 0.120821461 0.029807398 0.992106080
1403636647.363555670 5.133158207 -3.025017262 9.081877708 -0.003042924 0.154593796 0.034197103 0.987381458
1403636648.263555527 5.625198841 -3.113982439 9.342876434 0.008403173 0.228246301 0.060982194 0.971655428
1403636649.413555384 6.203138351 -3.130293846 9.379652023 0.002933221 0.346860141 0.090065852 0.933577895
1403636651.263555527 6.747344971 -3.237004280 8.955103874 0.010929824 0.497198343 0.139274493 0.856315970
1403636652.563555479 6.712142944 -2.968793631 8.420974731 -0.007748731 0.635179222 0.215580881 0.741628170
1403636654.163555622 6.893397808 -2.772698641 7.703190327 0.015497920 0.643876076 0.190133840 0.740967333
1403636655.263555527 6.752730370 -2.662066460 7.299559116 0.019815618 0.726910233 0.212571278 0.652703881
1403636656.013555527 6.482810974 -2.462975740 7.091506481 0.015150340 0.776622474 0.266028494 0.570838749
1403636656.813555479 6.215988636 -2.366832733 6.703115940 0.016179448 0.799588323 0.246854722 0.547228932
1403636657.913555384 5.712741852 -2.066785336 6.218123436 0.026263317 0.787252247 0.279098541 0.549225032
1403636658.663555622 5.347757816 -1.823216558 5.715949059 -0.016774591 0.800917029 0.261275619 0.538503230
1403636659.913555384 5.002395153 -1.359763622 5.235398769 -0.002201279 0.807890475 0.248966679 0.534157038
1403636661.063555479 4.999220371 -0.922993183 5.193696976 -0.011310226 0.813419938 0.235472247 0.531763911
1403636662.713555574 5.032673359 -0.890949428 5.669664383 0.008453405 0.802214801 0.270888448 0.531976879
1403636664.513555527 5.519114017 -0.682393074 6.037897110 -0.007063641 0.804930568 0.232325003 0.545950532
1403636665.763555527 6.231471062 -0.920324445 6.690595150 -0.014210952 0.791710675 0.239988670 0.561602771
1403636667.463555574 6.866087914 -1.269908428 7.479243755 -0.001898882 0.787090600 0.239755377 0.568332791
1403636669.013555527 7.504222393 -1.254202843 8.002250671 -0.014414084 0.800924838 0.233998194 0.550959468
1403636669.663555622 7.787737846 -1.321938753 8.370891571 0.016869510 0.804559350 0.222025797 0.550549030
1403636671.963555574 6.353367805 -1.384079933 7.261773109 -0.064940400 0.568430245 0.212691993 0.792106032
1403636673.313555479 6.161498070 -1.233173847 6.444931507 -0.056585286 0.532730341 0.168385491 0.827431440
1403636675.713555574 7.009034634 -1.333574057 7.503045559 -0.017797370 0.459602326 0.100666881 0.882221758
1403636676.463555574 7.339582920 -1.340860009 8.098104477 -0.030156679 0.315643549 0.048556384 0.947154701
1403636677.663555622 7.594800949 -1.544422269 9.078867912 0.022167496 0.192773685 0.028489463 0.980579019
1403636678.663555622 7.650539875 -1.759203196 9.491179466 -0.010254539 -0.009666915 -0.030216129 0.999444067
1403636679.913555384 7.521664619 -1.918070436 9.729356766 0.008772434 -0.248737484 -0.112464920 0.961979389
1403636682.013555527 6.657359123 -1.832469940 8.916894913 0.001363536 -0.241964981 -0.113434084 0.963630557
1403636684.063555479 5.560808182 -1.440882206 7.727048874 -0.013712950 -0.248879820 -0.107655860 0.962434947
1403636685.813555479 4.951966763 -1.067888737 6.600739479 -0.003323429 -0.240670711 -0.117859170 0.963418841
1403636686.663555622 4.662339211 -0.839900792 6.047548771 -0.020853680 -0.244580597 -0.107135929 0.963466346
1403636687.413555384 4.425486565 -0.733758569 5.663859367 -0.006280202 -0.249743015 -0.104026094 0.962687731
1403636688.013555527 4.305522919 -0.522622585 5.432113171 -0.002949371 -0.252403706 -0.105954193 0.961799026
1403636688.563555479 4.220380306 -0.302155733 5.219006538 -0.004768678 -0.249489710 -0.116676278 0.961310983
1403636689.113555431 4.089441299 -0.081489161 4.982666492 -0.015926482 -0.270327747 -0.121484064 0.954940259
1403636689.763555527 3.862965584 -0.085930049 4.692042351 -0.042861976 -0.291831553 -0.113063097 0.948796093
1403636690.663555622 3.583625793 -0.224937350 4.694687843 -0.037486624 -0.289162189 -0.095936969 0.951722682
1403636691.313555479 3.602957487 -0.287630975 4.985555172 0.032387808 -0.299876034 -0.076944254 0.950318336
1403636691.713555574 3.855568409 -0.421319902 5.086734772 -0.001954415 -0.294863313 -0.117602840 0.948272884
1403636692.963555574 4.670901299 -0.931574047 5.134368420 -0.010589724 -0.273375541 -0.157649577 0.948841572
1403636693.813555479 4.881366253 -1.127794623 5.123622894 -0.045999072 -0.288377643 -0.131545648 0.947321594
1403636695.463555574 4.929918289 -1.286854386 5.532204151 -0.009617539 -0.284040570 -0.119333498 0.951308548
1403636699.313555479 4.291854382 -1.018799305 5.211757660 -0.016590329 0.077180475 0.023248414 0.996607959
1403636700.963555574 4.315899372 -0.640841126 5.048695564 -0.006166980 0.292415619 0.085136846 0.952474058
1403636702.363555670 4.712537766 -0.522822142 4.892879009 -0.009238712 0.371470422 0.113074273 0.921487153
1403636703.513555527 5.129275799 -0.211098790 5.049871445 -0.000174381 0.388615936 0.117110103 0.913927138
1403636704.813555479 5.679568768 -0.180344522 5.160140991 -0.040860228 0.376170278 0.112754256 0.918756127
1403636705.563555479 6.126580715 -0.193133891 5.500049591 -0.029118817 0.374689281 0.101328135 0.921136618
1403636706.063555479 6.429163456 -0.246546865 5.826964378 0.003317492 0.366465122 0.121431313 0.922467768
1403636706.413555384 6.654063225 -0.278823137 6.036301136 -0.007715027 0.370730668 0.095919266 0.923741758
1403636707.413555384 7.212444782 -0.513579369 6.656128407 -0.023481270 0.386610866 0.097993873 0.916721284
1403636708.313555479 7.707210064 -0.801905215 7.388264179 -0.002179401 0.371636391 0.112729937 0.921506226
1403636709.313555479 8.259038925 -0.916027188 8.053209305 -0.002219938 0.397048265 0.088969633 0.913472593
1403636710.813555479 8.371403694 -1.058926344 9.088220596 0.007364673 0.317346901 0.094269045 0.943583667
1403636713.763555527 6.995999336 -1.609194875 9.214795113 0.004969048 0.203343421 0.062857144 0.977075160
1403636715.163555622 6.378373146 -1.529076338 8.519880295 -0.030271040 0.102099597 0.006044949 0.994295120
1403636718.713555574 5.611383438 -1.069900751 7.084963799 -0.017379593 -0.158166066 -0.057769425 0.985567987
1403636722.563555479 5.087272167 -0.339006931 5.724117279 -0.004279911 -0.034348879 -0.036360998 0.998739064
1403636727.713555574 4.735839844 -0.484179348 4.152394295 0.000398565 0.095682353 0.000399405 0.995411813
1403636730.113555431 4.093420029 -0.464588910 3.181451321 -0.011662705 0.027985228 -0.017387383 0.999389112
1403636733.213555574 3.652687311 -0.138550103 2.466404438 0.004140856 0.025097711 -0.030512914 0.999210656
1403636735.313555479 2.984329939 -0.037446577 1.479786873 -0.021122750 0.010443639 -0.015635032 0.999600053
1403636739.713555574 2.340282917 -0.146993473 0.955874324 -0.005872362 0.231313363 0.058797725 0.971083164
1403636743.113555431 2.804277182 0.694030285 1.212432146 -0.014002836 0.237720072 0.067179099 0.968906641
1403636744.663555622 3.221856833 1.170489192 1.832831621 0.016760550 0.285820752 0.098758258 0.953033268
1403636749.263555527 3.332255363 0.745753169 2.466765404 0.010440823 0.322646558 0.110232055 0.940020800
1403636752.363555670 3.078545809 -0.231633395 2.004717827 -0.000199941 0.263547689 0.067049123 0.962313414
1403636757.213555574 1.275962949 -0.260704666 0.854841471 0.000837939 -0.065103494 -0.050493315 0.996599853
1403636757.913555384 0.849841177 -0.167231798 0.489939511 -0.041501570 -0.090799749 -0.067894451 0.992684960
1403636762.013555527 -0.087645307 0.272591293 0.114332780 -0.007705524 -0.107644118 -0.052338384 0.992780983
1403636762.513555527 -0.149205685 0.266229630 0.114983886 -0.036541078 -0.103867695 -0.052510422 0.992531598
1403636762.663555622 -0.177593365 0.287189215 0.134249538 -0.021734780 -0.115740083 -0.017373813 0.992889702
1403636762.813555479 -0.188471258 0.330500007 0.166174084 -0.010644319 -0.110113218 -0.036744855 0.993182600
1403636762.863555670 -0.188006639 0.329958647 0.170003459 0.020128191 -0.114094190 -0.027135488 0.992895305
1403636762.913555384 -0.181553468 0.328538358 0.163548380 0.031775128 -0.110201024 -0.033458125 0.992837667
1403636762.963555574 -0.183645070 0.324183226 0.164964855 0.001954604 -0.098981969 -0.049672630 0.993846774
1403636763.013555527 -0.177310109 0.329350770 0.175710291 -0.005259185 -0.089872554 -0.039790433 0.995144188
1403636763.113555431 -0.151507273 0.338027060 0.149889350 0.002135415 -0.076719016 -0.017909052 0.996889651
1403636763.313555479 -0.150120154 0.344142854 0.153753117 0.004655452 -0.068644665 -0.008514734 0.997593999
