1403638518.127829552 -0.064741117 -0.000776325 -0.023572104 -0.831740572 -0.007526266 -0.007558237 0.555062022
1403638522.227829456 -0.069541373 0.000054423 -0.000971074 -0.832594062 -0.013026939 -0.000141916 0.553730445
1403638522.377829313 -0.071502301 0.002824615 0.049484881 -0.824984717 -0.015807714 0.009827756 0.564848429
1403638522.527829409 -0.072697403 0.008275762 0.116636278 -0.828152039 -0.016487882 0.024507213 0.559724706
1403638522.727829456 -0.076117334 0.020766899 0.210015982 -0.824321613 -0.023120226 0.035936379 0.564506784
1403638522.977829456 -0.074935702 0.031821589 0.338083832 -0.810885818 -0.019800018 0.060537807 0.581727878
1403638523.677829266 -0.032575796 0.022592440 0.200569669 -0.825704321 -0.028183773 0.029303992 0.562636050
1403638523.877829313 -0.021395131 0.008815029 0.107817040 -0.830702237 -0.034085056 0.022526454 0.555215779
1403638524.127829552 -0.015504981 -0.007199364 0.062160683 -0.835784381 -0.052003422 0.004754428 0.546568851
1403638524.327829599 -0.014792999 -0.006010257 0.141689203 -0.838159399 -0.053851850 0.017213369 0.542487327
1403638524.527829409 -0.016184731 0.006983943 0.264013901 -0.825752631 -0.050026636 0.030700867 0.560970039
1403638524.727829456 -0.021811703 0.026738850 0.370785117 -0.812918988 -0.040534931 0.021460392 0.580567903
1403638525.577829361 -0.031666482 0.029399094 0.179943466 -0.837280710 -0.056835921 0.028753104 0.543050595
1403638525.927829504 -0.025981362 0.025679468 0.080908693 -0.834024163 -0.042640523 0.014636478 0.549882947
1403638526.277829409 0.065136487 0.013598029 0.097797528 -0.837140040 -0.022339815 0.001143839 0.546531040
1403638526.627829552 0.234057869 -0.011504921 0.139280943 -0.820187289 0.013377668 -0.005230733 0.571914757
1403638527.027829409 0.483065224 -0.055837697 0.149208394 -0.819417219 0.037910983 -0.032280869 0.571030755
1403638527.377829313 0.617783295 -0.067602169 0.164020679 -0.815086591 0.083194342 -0.072261853 0.568762494
1403638528.177829266 0.291205365 0.041177953 0.169522646 -0.815611839 0.054148773 -0.040629911 0.574625486
1403638529.577829361 0.034754088 0.064710931 0.129691987 -0.845053307 0.044500563 -0.051522062 0.530330166
1403638529.827829599 0.009320568 0.035067671 0.071211704 -0.841872898 0.041533867 -0.051701428 0.535585590
1403638530.377829313 0.007401282 0.086808581 0.006396480 -0.837818983 0.058331045 -0.058938352 0.539613854
1403638530.927829504 0.024127514 0.118278642 -0.024835121 -0.843560624 0.068949056 -0.057586092 0.529467037
1403638539.127829552 0.020867261 0.136016422 -0.021000682 -0.818041999 0.065020831 -0.061622377 0.568139298
1403638539.427829504 0.023696252 0.166044222 0.035340880 -0.813819047 0.063120325 -0.060783643 0.574473439
1403638539.777829409 0.025637750 0.202222842 0.125348036 -0.817927474 0.059504634 -0.058743097 0.569212697
1403638540.777829409 0.025744978 0.513351799 0.199719565 -0.823042208 -0.003325020 -0.030083874 0.567173191
1403638541.027829409 -0.001009089 0.628141168 0.209195631 -0.820453255 -0.067808749 0.001057275 0.567677120
1403638541.527829409 -0.127820808 0.877903118 0.218917557 -0.816076351 -0.102599084 0.026181130 0.568161390
1403638541.977829456 -0.345919795 1.100263513 0.340917385 -0.810548953 -0.134476406 0.064750419 0.566333712
1403638542.227829456 -0.488601766 1.209032370 0.389974599 -0.803664619 -0.182106796 0.102082550 0.557260664
1403638542.477829456 -0.636262587 1.319284945 0.409772754 -0.780540809 -0.235889247 0.129252974 0.564274736
1403638543.327829599 -1.251964468 1.524399455 0.559306838 -0.784027459 -0.248729164 0.150965853 0.548310185
1403638543.777829409 -1.616125734 1.587515610 0.579270655 -0.766698018 -0.303530643 0.177031697 0.537310969
1403638544.027829409 -1.835166622 1.608855865 0.625164358 -0.746044397 -0.350386834 0.210898452 0.525517524
1403638544.627829552 -2.397655197 1.695325377 0.711792589 -0.732890635 -0.367460094 0.240954316 0.519408716
1403638545.677829266 -3.346398879 1.895238604 0.689925236 -0.720836608 -0.391517096 0.260342656 0.509245176
1403638545.977829456 -3.596747253 1.938006890 0.703709578 0.690142652 0.449360299 -0.291016467 -0.486916685
1403638546.377829313 -3.939289553 1.994108048 0.731791720 0.663519001 0.490167877 -0.317634840 -0.467531920
1403638547.377829313 -4.900182868 2.086358846 0.767431392 0.641459875 0.521003356 -0.322950061 -0.461289486
1403638548.327829599 -5.965908035 1.976489709 0.658138285 0.631226541 0.536548141 -0.343828478 -0.442098546
1403638548.677829266 -6.400399871 1.896552392 0.702996030 0.604068340 0.567048388 -0.367425634 -0.422558836
1403638549.327829599 -7.252466193 1.743968784 0.845331190 0.598277232 0.571771958 -0.377036254 -0.415914468
1403638549.827829599 -7.931808901 1.632433471 1.002504329 0.600433214 0.565281508 -0.381976522 -0.417169880
1403638550.427829504 -8.779456326 1.542080802 1.325299071 0.601709414 0.565949456 -0.382702373 -0.413746164
1403638550.927829504 -9.491748079 1.527802564 1.551300478 0.594313424 0.551523157 -0.402877540 -0.424621536
1403638551.627829552 -10.282526757 1.669245278 1.795813636 0.636200333 0.504955306 -0.392554324 -0.431474655
1403638551.977829456 -10.573091021 1.862209195 1.871214919 0.671507208 0.454218724 -0.356484937 -0.464415665
1403638552.677829266 -10.943026374 2.411462827 2.108869919 0.674038782 0.434653830 -0.350876635 -0.483356344
1403638553.677829266 -10.884138115 3.377150738 2.187107106 -0.641842121 -0.457583366 0.345614133 0.509123783
1403638554.277829409 -10.452534579 3.822193887 2.364826884 0.659176984 0.471927589 -0.326471665 -0.485990028
1403638555.127829552 -9.761940502 4.320038650 2.494752660 0.674430747 0.459031373 -0.327577603 -0.476577676
1403638555.477829456 -9.477885683 4.546652268 2.497053272 0.689248780 0.438581200 -0.305142936 -0.489357169
1403638556.077829361 -8.995248830 4.941144272 2.561734454 0.692254945 0.438525847 -0.297816882 -0.489676708
1403638556.627829552 -8.617377018 5.333912305 2.632976181 0.709237238 0.439108372 -0.295991149 -0.465355367
1403638557.427829504 -8.203572983 6.107746608 2.770524804 0.696982644 0.432407250 -0.308006017 -0.482049227
1403638557.977829456 -7.935773532 6.704530256 2.862052368 0.692385209 0.442548922 -0.292330764 -0.489178799
1403638558.427829504 -7.772807002 7.168739326 2.894261644 0.709634669 0.450873491 -0.276608972 -0.465423687
1403638558.927829504 -7.765900533 7.722788902 3.053385327 0.711427148 0.435288484 -0.294436541 -0.466585975
1403638559.327829599 -7.834468358 8.217444454 3.089753683 0.696498682 0.438425075 -0.293237030 -0.486502912
1403638560.127829552 -8.034778459 9.115456711 3.002815809 -0.705081230 -0.416794109 0.278977359 0.501313038
1403638560.377829313 -8.108135441 9.379046067 2.940595336 -0.727794765 -0.361938708 0.248516557 0.526834578
1403638560.677829266 -8.179794498 9.676056378 2.841139333 -0.754524325 -0.282303528 0.213298400 0.552721950
1403638560.977829456 -8.200633680 9.949683145 2.766025820 -0.773113000 -0.212863282 0.182230039 0.569014697
1403638561.427829504 -8.094035021 10.288350630 2.762503926 -0.784061517 -0.157476589 0.135928944 0.584783706
1403638562.077829361 -7.790536581 10.624423201 2.660879608 -0.793475807 -0.156913276 0.099499176 0.579546617
1403638562.527829409 -7.566920143 10.781504457 2.631864353 -0.800003557 -0.101679447 0.066075874 0.587613460
1403638562.827829599 -7.407470138 10.859204531 2.667955675 -0.804976596 -0.028963110 0.036614595 0.591466982
1403638563.127829552 -7.216847387 10.909130951 2.671549846 -0.805856985 0.041447953 0.004121377 0.590643378
1403638563.677829266 -6.769345035 10.877931803 2.591348907 -0.793163465 0.077871617 -0.028161878 0.603352830
1403638564.677829266 -5.635945866 10.276239069 2.646542099 -0.794821335 0.056989348 -0.006073813 0.604131086
1403638565.227829456 -4.824808566 9.704569024 2.516047498 -0.796143673 0.065030545 0.002710575 0.601596986
1403638565.627829552 -4.138564134 9.222460294 2.277953244 -0.793802285 0.057443872 -0.016278682 0.605238084
1403638565.977829456 -3.520880203 8.751728701 2.145029862 -0.800224803 0.046853152 -0.041182112 0.596447047
1403638566.427829504 -2.796349979 8.103016674 1.924676171 -0.801945027 0.047371950 -0.040388657 0.594145460
1403638566.777829409 -2.279691997 7.593506763 1.662475510 -0.827019432 0.042449407 -0.035610507 0.559436144
1403638567.077829361 -1.862185992 7.211657400 1.409172524 -0.831052331 0.036868298 -0.033706213 0.553946426
1403638567.627829552 -1.164197522 6.615663594 0.924567153 -0.814183775 0.034846199 -0.047122564 0.577641747
1403638567.977829456 -0.792086975 6.260588301 0.714220763 -0.823333771 0.039537922 -0.049616459 0.564000409
1403638568.477829456 -0.357866662 5.853340573 0.543721129 -0.823306539 0.037743760 -0.056825426 0.563482584
1403638569.127829552 0.024052685 5.502587204 0.363015836 -0.825991257 0.035341084 -0.060700273 0.559289664
1403638570.827829599 0.175700030 5.379500548 0.135726813 -0.792368403 0.161819496 -0.048284628 0.586204195
1403638571.127829552 0.291328203 5.332982199 0.015343246 -0.775817623 0.221091245 -0.097236240 0.582898611
1403638571.377829313 0.441955134 5.234557008 -0.056930890 -0.777408075 0.237951579 -0.140569111 0.565027483
1403638571.777829409 0.727017982 5.014459038 -0.103713881 -0.770763140 0.269641801 -0.167166716 0.552514950
1403638572.077829361 0.978402684 4.817340380 -0.151190862 -0.753797989 0.326222908 -0.191340338 0.537360290
1403638572.327829599 1.215084141 4.626395093 -0.153035016 -0.739276207 0.365978673 -0.227941414 0.517274601
1403638572.577829361 1.471919380 4.427525137 -0.168631352 0.727914874 -0.396413994 0.259230148 -0.495777785
1403638573.027829409 1.979231924 4.102139846 -0.137265678 0.732817715 -0.398957972 0.276768806 -0.476665251
1403638573.677829266 2.809450865 3.814806335 -0.054913070 0.738153780 -0.394612525 0.280326131 -0.469922560
1403638574.027829409 3.306596330 3.763869807 0.041399622 0.697845767 -0.426845733 0.316157596 -0.480477243
1403638574.327829599 3.717914372 3.728619546 0.075544705 0.637989308 -0.494268661 0.339553746 -0.483085280
1403638574.627829552 4.093648779 3.639423808 0.083159114 0.604076667 -0.539863605 0.374246639 -0.451196323
1403638575.577829361 5.160597882 3.240406190 0.128355504 0.615122695 -0.557905330 0.367839234 -0.418401734
1403638576.377829313 6.240324876 2.895968818 0.287866807 0.633286249 -0.539067029 0.382949932 -0.402125122
1403638577.177829266 7.487744901 2.865839030 0.356613183 0.620710979 -0.533079672 0.393707627 -0.418972850
1403638578.127829552 8.859954422 3.226785592 0.467339048 0.625297128 -0.528926469 0.394443115 -0.416719236
1403638579.027829409 10.037451799 3.695020427 0.525853023 0.622426601 -0.527886106 0.396618360 -0.420256186
1403638579.677829266 10.788898756 4.062291397 0.616851630 0.612988125 -0.520659586 0.384585127 -0.453049042
1403638579.927829504 11.032596444 4.195902997 0.604884207 0.654485350 -0.469792733 0.364741863 -0.466805194
1403638580.127829552 11.197613098 4.304368571 0.581152149 -0.686799642 0.404805876 -0.333000112 0.503536871
1403638580.327829599 11.324986111 4.406950904 0.546394644 -0.722253489 0.338115294 -0.281611218 0.533594479
1403638580.477829456 11.403698579 4.474452610 0.512539854 -0.742049151 0.311061581 -0.240055010 0.543118166
1403638580.827829599 11.567523204 4.596063999 0.430574368 -0.774165257 0.263283602 -0.193313977 0.542198862
1403638581.777829409 11.977370841 4.876049087 0.536470588 -0.768220659 0.255834268 -0.206717496 0.549230118
1403638583.277829409 12.056671525 5.168968076 0.988431624 -0.775178126 0.261572363 -0.209180693 0.535651201
1403638584.277829409 11.824775037 5.425034264 1.219561528 -0.753004871 0.250188423 -0.221775765 0.566749440
1403638585.477829456 11.036498653 5.510710193 1.282007701 -0.768230649 0.259422527 -0.208110377 0.547002461
1403638586.327829599 10.410213932 5.570278595 1.449081542 -0.770430154 0.262328256 -0.207647543 0.542682008
1403638587.127829552 9.795517224 5.671284208 1.406198996 -0.766526531 0.259608010 -0.211230814 0.548107928
1403638588.177829266 8.884236865 5.765395252 1.291543344 -0.770286434 0.259183962 -0.213717990 0.542039762
1403638589.227829456 7.911049488 5.840962205 1.229140101 -0.767663230 0.263405475 -0.208415925 0.545777907
1403638590.177829266 7.006606819 5.812149893 1.186850599 -0.768869467 0.266562587 -0.207412935 0.542921730
1403638591.177829266 6.108061787 5.740302112 1.155125125 -0.779724974 0.273009908 -0.200022570 0.526768950
1403638591.727829456 5.742140529 5.785128739 1.117943095 -0.794843263 0.283379093 -0.187231420 0.502856711
1403638592.277829409 5.579704888 5.992377810 1.121639512 -0.777815304 0.272431607 -0.184702800 0.535415024
1403638592.577829361 5.543948355 6.117729770 1.231984270 -0.785652244 0.236064672 -0.156640418 0.549988911
1403638593.477829456 5.674686646 6.518912556 1.596024954 -0.795965329 0.193275740 -0.163029138 0.550004712
1403638594.077829361 5.757022442 6.824226496 1.778557086 -0.780854246 0.186453275 -0.152708440 0.576352283
1403638595.527829409 5.533227064 7.050669177 2.179385102 -0.793148832 0.179915555 -0.141177660 0.564459203
1403638596.977829456 4.687048457 7.145689210 2.244974230 -0.796986014 0.119385816 -0.219319692 0.549962902
1403638597.377829313 3.981260605 7.314034188 2.334039899 -0.789714373 0.126190583 -0.217472899 0.559582597
1403638597.677829266 3.304734418 7.465566781 2.345518445 -0.779573606 0.147247182 -0.192238882 0.577604944
1403638598.027829409 2.424141174 7.622555814 2.300443349 -0.786250876 0.118973861 -0.199764004 0.572493776
1403638598.277829409 1.721883674 7.728091781 2.292819345 -0.789560241 0.136573846 -0.155440214 0.577737440
1403638598.677829266 0.591905643 7.862254619 2.240981892 -0.798369545 0.133313262 -0.130508012 0.572539346
1403638598.927829504 -0.097921822 7.927222676 2.195403077 -0.803511256 0.100151379 -0.108367728 0.576711192
1403638599.127829552 -0.639027776 7.971610279 2.179359740 -0.807037884 0.066276125 -0.085321969 0.580532076
1403638599.327829599 -1.175112626 8.006091889 2.186861189 -0.811435696 0.029902009 -0.060990878 0.580480916
1403638599.577829361 -1.835291306 8.041159061 2.223964010 -0.818373900 -0.000363424 -0.041553928 0.573181733
1403638599.977829456 -2.862288534 8.109897716 2.214848586 -0.821586005 0.001654187 -0.030887064 0.569244841
1403638600.477829456 -4.042413086 8.250406074 2.128889360 -0.829582892 0.047464491 0.011837517 0.556236659
1403638600.927829504 -4.828470902 8.454570647 2.145316523 -0.840949002 0.034673454 -0.007453136 0.539950903
1403638601.377829313 -5.438576004 8.786311720 2.151543334 -0.828579535 0.002157388 -0.039346380 0.558482911
1403638601.627829552 -5.776851827 9.004951147 2.169714749 -0.818661626 -0.025620948 -0.010151476 0.573614554
1403638601.827829599 -6.048113058 9.173018246 2.208509168 -0.812714721 -0.076332388 0.015539937 0.577431086
1403638602.027829409 -6.323622130 9.328631159 2.263001653 -0.806844824 -0.123615658 0.043031067 0.576080660
1403638602.277829409 -6.672433398 9.509788577 2.299350023 -0.794690669 -0.164321764 0.061737355 0.581079682
1403638602.477829456 -6.966575748 9.627983147 2.333901942 -0.762395808 -0.183046735 0.118894768 0.609188442
1403638602.627829552 -7.174974068 9.687114507 2.382341038 -0.734773132 -0.193468968 0.166320649 0.628502701
1403638602.877829313 -7.445043676 9.703645152 2.482551943 -0.724879948 -0.240533560 0.196684173 0.614823554
1403638603.127829552 -7.628274671 9.633159784 2.597438745 -0.717055923 -0.276566994 0.244169380 0.591373667
1403638603.577829361 -7.764897983 9.421867628 2.676921865 -0.741252745 -0.327350741 0.238961337 0.535054521
1403638604.577829361 -7.762371834 8.658598921 2.609910930 -0.729970492 -0.344208620 0.224074813 0.546309423
1403638605.077829361 -7.677103318 8.078908468 2.623707542 -0.751865632 -0.341938278 0.225977358 0.516440238
1403638606.027829409 -7.689959735 7.101635851 2.733698973 -0.725860208 -0.369382797 0.185647214 0.549743958
1403638606.577829361 -7.930737195 6.346861548 2.729082175 -0.754928690 -0.354814331 0.199599418 0.514149332
1403638606.927829504 -8.174663853 5.874040641 2.638367701 0.751534190 0.386450541 -0.223990432 -0.485469491
1403638607.177829266 -8.401352832 5.582997480 2.607850533 0.730608607 0.415282249 -0.261073698 -0.474965517
1403638607.427829504 -8.652179005 5.337492637 2.583259746 0.706360338 0.420737162 -0.290753161 -0.489385240
1403638608.027829409 -9.207875876 4.868682463 2.378718041 0.708461549 0.415599054 -0.299490203 -0.485453682
1403638608.727829456 -9.711454443 4.491752919 1.947277231 -0.690668024 -0.410037449 0.298849757 0.515301653
1403638609.377829313 -9.955688460 4.177070796 1.647939390 0.702684343 0.407079379 -0.304267334 -0.497938233
1403638610.577829361 -9.998284425 3.861432335 1.037988261 -0.687327922 -0.404097489 0.306104515 0.520178406
1403638611.627829552 -9.409458555 3.640376937 0.589743099 -0.683152967 -0.425926428 0.281676453 0.522060415
1403638612.677829266 -8.555645146 3.332491302 0.342315596 -0.696832671 -0.414713329 0.285932393 0.510568066
1403638613.827829599 -7.585128974 2.963689276 0.157837731 -0.700901311 -0.386906184 0.288925217 0.524941117
1403638614.177829266 -7.250842193 2.828616784 0.044843579 -0.726557985 -0.347419838 0.251877724 0.536628888
1403638614.527829409 -6.888075767 2.679126966 -0.024434098 -0.748829333 -0.311380076 0.227002505 0.539228097
1403638614.877829313 -6.507999852 2.543695997 0.004773570 -0.776604132 -0.261241780 0.211635175 0.532775099
1403638615.127829552 -6.215890186 2.487984537 0.070532889 -0.794736515 -0.210718275 0.169071413 0.543513144
1403638615.377829313 -5.905521341 2.462103623 0.154237525 -0.799674747 -0.152833829 0.111325511 0.569884857
1403638615.577829361 -5.658117719 2.444624626 0.200567755 -0.805199883 -0.102640493 0.073911619 0.579357532
1403638615.877829313 -5.298392977 2.402576254 0.269797196 -0.809294249 -0.061203833 0.047734510 0.582252803
1403638616.177829266 -4.942510780 2.346171404 0.332331017 -0.812255618 -0.023035778 0.021185347 0.582461454
1403638616.427829504 -4.640700548 2.295248492 0.291200950 -0.813454452 0.023407465 -0.009013077 0.581087524
1403638616.677829266 -4.342101153 2.239992094 0.205877269 -0.819558124 0.054801613 -0.028021098 0.569680685
1403638616.927829504 -4.044205457 2.194079397 0.105350543 -0.833666299 0.071895310 -0.021871587 0.547131795
1403638617.577829361 -3.225592174 2.224773241 0.066803616 -0.836027420 0.043073135 -0.039105810 0.545594715
1403638618.527829409 -2.193293703 2.686317002 0.328871488 -0.830846541 0.026381953 -0.036017698 0.554707800
1403638619.127829552 -1.667770194 3.157685652 0.456947250 -0.817442781 0.066119653 -0.071604424 0.567704410
1403638619.427829504 -1.441913143 3.408952996 0.458420533 -0.804286666 0.135644641 -0.114027920 0.567204658
1403638620.377829313 -0.787584134 4.046808090 0.327523877 -0.786139262 0.195580545 -0.131567403 0.571334692
1403638621.527829409 0.096375053 4.379627823 0.301943683 -0.793246114 0.165902324 -0.138028236 0.569372662
1403638623.677829266 0.675225519 3.749776701 0.191140207 -0.788263739 0.171714743 -0.135409215 0.575168383
1403638624.977829456 0.525442322 2.561633724 0.201512481 -0.793119204 0.164529963 -0.131550800 0.571477215
1403638626.227829456 0.400575519 1.264515551 0.251970865 -0.806504864 0.163854765 -0.114004164 0.556511069
1403638627.877829313 0.412860186 0.228579892 0.086283773 -0.807368547 0.149770164 -0.130166413 0.555681233
1403638628.327829599 0.390041667 0.131600706 0.027490970 -0.811713543 0.152057339 -0.131853894 0.548282993
1403638629.377829313 0.329987645 0.042229449 -0.024811489 -0.806058421 0.154402004 -0.131411439 0.556022371
1403638630.277829409 0.315120625 0.064603592 -0.096455097 -0.797767280 0.157520533 -0.132188942 0.566816312
1403638630.377829313 0.312964060 0.067325069 -0.119755813 -0.817230034 0.158314909 -0.127802106 0.539201338
1403638630.477829456 0.312811769 0.084863147 -0.105011557 -0.799175169 0.156947143 -0.127465818 0.566073413
1403638630.727829456 0.314349701 0.114319520 -0.126856845 -0.824488134 0.149858561 -0.119389327 0.532454616
1403638630.827829599 0.319152032 0.112808019 -0.127734013 -0.821840493 0.151782492 -0.123763189 0.534998086
