1403638518.077829361 0.000000000 0.000000000 1.000000000 -0.707106781 0.000000000 0.000000000 0.707106781
1403638522.277829409 -0.004583622 -0.010854163 1.033567299 -0.704558473 -0.008407680 0.009091295 0.709537890
1403638522.477829456 -0.004754253 -0.037679303 1.109469443 -0.699718026 -0.014733615 0.024612353 0.713843006
1403638522.777829409 -0.004760422 -0.078421279 1.246945932 -0.693701557 -0.027507497 0.041866284 0.718518407
1403638523.227829456 0.012744664 -0.126316247 1.386926970 -0.674625445 -0.023583576 0.061646324 0.735203410
1403638523.677829266 0.047653310 -0.063707733 1.180544324 -0.698103690 -0.027766643 0.032404573 0.714723860
1403638523.977829456 0.044533653 -0.039904403 1.132860954 -0.707115334 -0.036341709 0.013195947 0.706040403
1403638524.427829504 0.046702216 -0.093582678 1.247902539 -0.711408539 -0.049433178 0.023656386 0.700638728
1403638524.677829266 0.046113641 -0.129915657 1.391444156 -0.687730516 -0.041427124 0.026431142 0.724300991
1403638525.577829361 0.032782849 -0.062234747 1.240661250 -0.716179874 -0.055433603 0.025779690 0.695232991
1403638525.927829504 0.036300392 -0.026846486 1.145698357 -0.711633665 -0.038768488 0.014359241 0.701333261
1403638526.277829409 0.127705516 -0.043917650 1.154756739 -0.715442010 -0.016202431 0.005478473 0.698462739
1403638526.677829266 0.329432991 -0.092013195 1.181618174 -0.691196565 0.024341449 0.004050676 0.722245383
1403638527.027829409 0.551018586 -0.132861676 1.168094978 -0.693658619 0.048858184 -0.015654288 0.718474454
1403638527.327829599 0.685287775 -0.155843215 1.167218723 -0.693130978 0.095317652 -0.038892299 0.713422302
1403638528.227829456 0.338801636 -0.039555931 1.220020956 -0.689771847 0.060432234 -0.016019563 0.721322478
1403638529.577829361 0.106250878 -0.009844821 1.191996081 -0.726518608 0.058982124 -0.032961533 0.683816758
1403638529.827829599 0.079765106 -0.015140640 1.127247038 -0.722437122 0.056339288 -0.033519498 0.688321823
1403638530.227829456 0.071495537 0.031719437 1.092690638 -0.718924854 0.065687154 -0.035496868 0.691066005
1403638530.627829552 0.087129072 0.085161820 1.080904531 -0.718708277 0.082591782 -0.036247522 0.689436819
1403638534.677829266 0.088832035 0.101806821 1.065470161 -0.712219238 0.079636851 -0.038933551 0.696337495
1403638539.127829552 0.089481893 0.113800155 1.080291086 -0.692631026 0.081384221 -0.039344883 0.715605234
1403638539.427829504 0.091574202 0.121365656 1.084612728 -0.685778690 0.079225574 -0.039016345 0.722432434
1403638539.827829599 0.086347703 0.155887276 1.092526548 -0.688061291 0.075118066 -0.037677560 0.720769962
1403638540.777829409 0.095662977 0.396390182 1.323664707 -0.694108198 0.008023944 -0.022338978 0.719479253
1403638541.027829409 0.066746259 0.501293348 1.379250286 -0.691202242 -0.061316945 -0.004925144 0.720038496
1403638541.527829409 -0.061204418 0.730724689 1.491883937 -0.686765731 -0.100268315 0.012859445 0.719815067
1403638541.977829456 -0.277754693 0.887727826 1.694441473 -0.681225247 -0.139235029 0.044047400 0.717360157
1403638542.227829456 -0.422166862 0.967018051 1.789465031 -0.676239228 -0.193139931 0.071194115 0.707339290
1403638542.477829456 -0.569605437 1.067458495 1.852761345 -0.651857874 -0.251281855 0.087076204 0.710180594
1403638543.277829409 -1.149779167 1.184196163 2.073612607 -0.657633850 -0.268744655 0.105629333 0.695799162
1403638543.777829409 -1.555402822 1.247859695 2.139162241 -0.643608896 -0.327077252 0.120216829 0.681422023
1403638544.027829409 -1.781819340 1.253035748 2.190387346 -0.625427030 -0.379700704 0.143706291 0.666345937
1403638544.627829552 -2.348153971 1.289059833 2.319772604 -0.613934756 -0.402122125 0.169369627 0.657796201
1403638545.677829266 -3.297982441 1.473224070 2.403520871 -0.604482351 -0.429707692 0.182921422 0.645362023
1403638545.977829456 -3.554640141 1.508493005 2.443529953 -0.578837448 -0.492899935 0.201073700 0.617710474
1403638546.377829313 -3.907189255 1.549761074 2.503286007 -0.556715037 -0.538329007 0.218950171 0.593574823
1403638547.377829313 -4.869235536 1.622703813 2.588048123 -0.536261951 -0.569750102 0.218021194 0.583330696
1403638548.327829599 -5.929850686 1.563143427 2.462143985 -0.529973754 -0.589160435 0.235416110 0.562669581
1403638548.677829266 -6.361136001 1.482084835 2.472414287 -0.506845821 -0.623805130 0.253117964 0.538428983
1403638549.327829599 -7.213498343 1.278603833 2.569748936 -0.502994702 -0.630600023 0.260640728 0.530477475
1403638549.827829599 -7.895651759 1.118215938 2.683871267 -0.504660147 -0.625261731 0.266842899 0.532128529
1403638550.327829599 -8.584698235 0.951125823 2.905048684 -0.506774492 -0.626460009 0.265869193 0.529189043
1403638550.777829409 -9.213765446 0.849183673 3.114098795 -0.504381989 -0.620763120 0.282239972 0.529709880
1403638551.327829599 -9.912415637 0.818805921 3.316239544 -0.497021763 -0.608298298 0.303105141 0.539508870
1403638551.727829456 -10.299755319 0.901317290 3.488783198 -0.549134150 -0.547453567 0.287829753 0.562050096
1403638552.177829266 -10.629461388 1.126315649 3.705201892 -0.567581363 -0.499259479 0.253086822 0.603770179
1403638553.077829361 -10.916488855 1.762080062 4.186381967 -0.555182218 -0.504464934 0.251070536 0.611760919
1403638553.927829504 -10.636805484 2.419394659 4.603755161 -0.529093955 -0.512910101 0.248395282 0.628715038
1403638554.377829313 -10.271316043 2.652080693 4.809697686 -0.551607977 -0.523533296 0.225899464 0.608778252
1403638555.177829266 -9.621379374 3.018015251 5.077089050 -0.567764802 -0.502287901 0.233741350 0.608863676
1403638555.527829409 -9.331622827 3.226053564 5.159153507 -0.577409489 -0.480464108 0.217414210 0.623284513
1403638556.127829552 -8.842484449 3.558404571 5.371178906 -0.581094969 -0.481369376 0.210280417 0.621606231
1403638556.677829266 -8.469282239 3.895429333 5.576666588 -0.601981089 -0.478586713 0.213793511 0.602383483
1403638557.477829456 -8.047685109 4.569396323 6.000275824 -0.582862348 -0.479078549 0.217711222 0.619158341
1403638558.027829409 -7.764834283 5.081562183 6.305622133 -0.580480441 -0.484723385 0.203566305 0.621809020
1403638558.477829456 -7.612194255 5.494009682 6.523929116 -0.602654581 -0.490654378 0.184028155 0.601830022
1403638558.977829456 -7.614815831 5.949544053 6.895780419 -0.598150875 -0.477828110 0.207971997 0.608804957
1403638559.377829313 -7.675719127 6.395147251 7.109181652 -0.581581581 -0.482561980 0.202286764 0.622877890
1403638560.127829552 -7.862448292 7.190598633 7.367745498 -0.589049209 -0.456437571 0.195413535 0.637572994
1403638560.377829313 -7.920837597 7.454457529 7.415088372 -0.606078663 -0.396027743 0.178031954 0.666434771
1403638560.627829552 -7.980244400 7.713002790 7.432905886 -0.622374671 -0.325066112 0.161967244 0.693360226
1403638560.927829504 -8.004854874 7.994703090 7.454051108 -0.641015919 -0.246976601 0.148812524 0.711305830
1403638561.327829599 -7.926355758 8.277957666 7.572795709 -0.642858889 -0.174940404 0.121266038 0.735814414
1403638561.777829409 -7.725970619 8.524793471 7.639905043 -0.659661902 -0.180690042 0.086733411 0.724344254
1403638562.327829599 -7.451721799 8.783019014 7.640270721 -0.662868445 -0.139148556 0.062863199 0.733001584
1403638562.677829266 -7.273867637 8.876131001 7.687258175 -0.668554686 -0.068029123 0.047367628 0.739028402
1403638562.977829456 -7.092279283 8.918409146 7.731633460 -0.671140176 0.010395767 0.026969261 0.740766799
1403638563.277829409 -6.875099988 8.952569981 7.712925631 -0.667069626 0.071506246 0.007361609 0.741519236
1403638564.227829456 -5.983676354 8.727299695 7.506554527 -0.656234424 0.074455685 0.010530506 0.750800799
1403638565.027829409 -4.930633367 8.101001040 7.225706191 -0.656259603 0.069468446 0.024922503 0.750916998
1403638565.477829456 -4.218616778 7.727403072 6.783614090 -0.659549254 0.068778829 0.018262942 0.748285185
1403638565.877829313 -3.529631014 7.310181853 6.411289063 -0.662947141 0.060628321 -0.018874662 0.745968526
1403638566.277829409 -2.879915044 6.843140006 6.046088653 -0.667114024 0.063228412 -0.020317715 0.741989378
1403638566.677829266 -2.297005357 6.346935114 5.636569036 -0.688541333 0.059276995 -0.014951711 0.722615747
1403638566.927829504 -1.948254154 6.097978555 5.304000873 -0.717299424 0.053618007 -0.012849218 0.694580120
1403638567.427829504 -1.293837161 5.754034196 4.668832243 -0.680287925 0.049422914 -0.022794297 0.730921429
1403638567.727829456 -0.936448676 5.556343107 4.318578393 -0.693002481 0.052720947 -0.027329415 0.718485328
1403638568.127829552 -0.544683865 5.284777875 3.961859765 -0.698685014 0.055161225 -0.030962269 0.712627412
1403638568.627829552 -0.160088488 5.005907505 3.663261903 -0.702877804 0.055729405 -0.035972785 0.708211116
1403638569.377829313 0.205256421 4.761295547 3.380225381 -0.705727912 0.053414332 -0.042605946 0.705180655
1403638570.877829313 0.266145447 4.801393959 3.165649235 -0.659023997 0.189485092 -0.007300735 0.727825165
1403638571.177829266 0.387431773 4.790845314 3.024247903 -0.652934181 0.251047547 -0.049864408 0.712857367
1403638571.477829456 0.577375867 4.695097673 2.906461142 -0.652926991 0.274134508 -0.084231665 0.701028988
1403638571.827829599 0.830657738 4.527608887 2.777600834 -0.651812719 0.313056987 -0.101972661 0.683181585
1403638572.127829552 1.084414545 4.355118162 2.660205032 -0.635676581 0.373640883 -0.117452448 0.665216279
1403638572.377829313 1.324775185 4.179521338 2.586754828 -0.628012642 0.420573500 -0.145289040 0.638442751
1403638572.677829266 1.641642104 3.962430744 2.474098490 -0.622328115 0.452303166 -0.169886338 0.615847542
1403638573.377829313 2.472819488 3.532334610 2.346666540 -0.637283953 0.445777402 -0.177847535 0.602927794
1403638573.877829313 3.159950500 3.365741979 2.371376076 -0.624445812 0.460507686 -0.204307282 0.596874051
1403638574.177829266 3.585740275 3.321284333 2.401092640 -0.563339398 0.523000412 -0.216893603 0.601727893
1403638574.477829456 3.983572356 3.265239199 2.374946438 -0.525010400 0.587612073 -0.239898753 0.567031498
1403638574.927829504 4.519391390 3.095318442 2.338087592 -0.519703667 0.621854209 -0.265988387 0.521972815
1403638575.977829456 5.743375911 2.651091819 2.154047282 -0.549284023 0.613790170 -0.248043419 0.509924653
1403638576.727829456 6.874496430 2.392663319 2.200661272 -0.560657847 0.601175608 -0.275199111 0.498513908
1403638577.527829409 8.122322013 2.490858831 2.282221443 -0.545379326 0.598357940 -0.283001200 0.514236801
1403638578.577829361 9.570725870 2.949443827 2.537928396 -0.527667414 0.608681663 -0.257877674 0.533453689
1403638579.577829361 10.793121572 3.428383555 2.753589124 -0.521333974 0.603189767 -0.259947816 0.544793654
1403638579.877829313 11.098180279 3.580521641 2.801239442 -0.548459696 0.550685598 -0.260092439 0.572965319
1403638580.077829361 11.252252207 3.672872380 2.823312800 -0.577724672 0.487753402 -0.240785159 0.608566619
1403638580.227829456 11.368684221 3.772621187 2.829136900 -0.594207741 0.429159222 -0.219982058 0.643698234
1403638580.377829313 11.453611557 3.847235913 2.823574153 -0.615709502 0.379597073 -0.184660244 0.665363409
1403638580.527829409 11.524166014 3.922970468 2.805615123 -0.628683205 0.350955172 -0.153585091 0.676756615
1403638580.877829313 11.678485635 4.055351022 2.774290250 -0.660858689 0.297167334 -0.124622517 0.677810148
1403638581.777829409 12.078322648 4.267848765 2.976747058 -0.650289592 0.298276405 -0.139482432 0.684616158
1403638583.477829456 12.140403251 4.371286163 3.576634230 -0.660824800 0.303560506 -0.140829765 0.671809928
1403638584.327829599 11.928590718 4.524815753 3.833347252 -0.629593523 0.295281772 -0.157662809 0.701115618
1403638585.827829599 10.901805208 4.539449876 3.972987415 -0.664433815 0.303474936 -0.133072745 0.669867384
1403638586.827829599 10.183000370 4.600837811 4.157480721 -0.647831279 0.302451072 -0.144150131 0.684148173
1403638587.627829552 9.502995741 4.682297343 4.150470672 -0.652967839 0.304188209 -0.137634469 0.679822983
1403638588.627829552 8.610720207 4.783332495 4.075644858 -0.653217571 0.301246351 -0.142848445 0.679817448
1403638589.477829456 7.788407407 4.824686693 4.085868981 -0.650114964 0.304873593 -0.138882633 0.681992844
1403638590.277829409 7.014496972 4.786565538 4.081584573 -0.651342298 0.308011892 -0.137459013 0.679696186
1403638591.227829456 6.164278902 4.729941735 4.067650111 -0.669536795 0.313390182 -0.128133760 0.661126927
1403638591.727829456 5.838308414 4.782678493 4.062288275 -0.685581998 0.320101031 -0.114449000 0.643750014
1403638592.277829409 5.682914247 4.969725357 4.147166907 -0.662567708 0.308960624 -0.114156926 0.672692769
1403638592.577829361 5.646239061 5.047109224 4.288784668 -0.666294425 0.268203692 -0.093766167 0.689439211
1403638593.277829409 5.728779744 5.213229707 4.650577219 -0.685526730 0.233772700 -0.089105217 0.683713162
1403638593.877829313 5.862470680 5.430380819 4.967528553 -0.654035273 0.227615760 -0.112842446 0.712527551
1403638594.677829266 5.837973372 5.559181882 5.333374815 -0.663229638 0.204289072 -0.095102252 0.713686194
1403638596.877829313 4.949736094 5.589188094 5.618810576 -0.680299811 0.166776031 -0.176174007 0.691621748
1403638597.277829409 4.310429971 5.683662826 5.793911314 -0.671935969 0.168464437 -0.180891192 0.698140505
1403638597.627829552 3.560752222 5.822398715 5.904335123 -0.656955338 0.187155199 -0.147606322 0.715258687
1403638597.977829456 2.690322098 5.969210083 5.962411340 -0.663420106 0.164855517 -0.160103958 0.712083664
1403638598.277829409 1.858990401 6.062069004 6.029415175 -0.666111074 0.169968426 -0.111424078 0.717629045
1403638598.677829266 0.729701037 6.180441740 6.066144587 -0.675695646 0.161046258 -0.087211115 0.714068427
1403638598.927829504 0.022522361 6.233443352 6.090390885 -0.680526537 0.124728315 -0.071404938 0.718489955
1403638599.127829552 -0.519309267 6.278534702 6.103040581 -0.682334727 0.086931237 -0.055114954 0.723757295
1403638599.327829599 -1.042710168 6.289108795 6.142615030 -0.686348816 0.045562966 -0.037454054 0.724876895
1403638599.577829361 -1.688680769 6.303073956 6.191788920 -0.693269415 0.011389541 -0.023335337 0.720210565
1403638599.977829456 -2.708895449 6.345040585 6.248282951 -0.697364414 0.010396391 -0.011820063 0.716543841
1403638600.477829456 -3.904859073 6.462290125 6.272759166 -0.708098898 0.046672886 0.038833302 0.703498093
1403638600.927829504 -4.703572791 6.624016756 6.384386577 -0.722492914 0.037611746 0.017828563 0.690124256
1403638601.377829313 -5.333481933 6.911389966 6.541744128 -0.707577571 0.012572777 -0.019838821 0.706245232
1403638601.627829552 -5.683559577 7.108152769 6.649328177 -0.694037807 -0.019808778 0.003222159 0.719658775
1403638601.827829599 -5.972474398 7.247424225 6.763689862 -0.686885870 -0.074001154 0.018033155 0.722763057
1403638602.027829409 -6.253172503 7.362332516 6.887162939 -0.680871613 -0.125294956 0.036044206 0.720705096
1403638602.277829409 -6.595020076 7.517768953 7.018328351 -0.668042351 -0.169406918 0.047124316 0.723049108
1403638602.477829456 -6.915018460 7.614135538 7.106797948 -0.630210475 -0.197333876 0.098349088 0.744460580
1403638602.627829552 -7.115587224 7.648844496 7.164668648 -0.597385957 -0.215790675 0.143747751 0.758881405
1403638602.877829313 -7.384552524 7.631370813 7.260562931 -0.588657538 -0.268120401 0.164474993 0.744675587
1403638603.127829552 -7.566573001 7.515683454 7.357336492 -0.584826806 -0.313451732 0.202966339 0.720090469
1403638603.577829361 -7.707380694 7.289705865 7.358325619 -0.619507855 -0.363107244 0.187993303 0.670090789
1403638604.677829266 -7.678806515 6.503293272 6.969459234 -0.610388575 -0.375592455 0.173671874 0.675421480
1403638605.177829266 -7.588492373 5.971459648 6.779342314 -0.638242854 -0.377287671 0.170552231 0.649008482
1403638606.027829409 -7.596021543 5.131906817 6.547188683 -0.601638445 -0.394894231 0.128550839 0.682322805
1403638606.577829361 -7.828148930 4.419636592 6.277706216 -0.637349302 -0.384272548 0.144599598 0.652082381
1403638606.877829313 -8.019787694 4.062509686 6.070351927 -0.642306050 -0.412242762 0.159660351 0.626104955
1403638607.127829552 -8.234423365 3.796475939 5.928806816 -0.626652238 -0.450916750 0.188175906 0.607100392
1403638607.327829599 -8.428954833 3.603080850 5.847601893 -0.600176194 -0.464046840 0.212931796 0.615718374
1403638607.727829456 -8.822109440 3.312032972 5.634520341 -0.588084664 -0.469862532 0.226356705 0.618181423
1403638608.477829456 -9.446982546 3.019598532 5.133655360 -0.576126567 -0.459936269 0.226939708 0.636423739
1403638609.077829361 -9.764488853 2.852149438 4.700073245 -0.587606132 -0.460663898 0.228593879 0.624702045
1403638610.027829409 -9.958108409 2.706958464 4.137313891 -0.585946731 -0.458856057 0.230161144 0.627011479
1403638611.327829599 -9.569962609 2.663721577 3.473598464 -0.573584918 -0.457679487 0.239740052 0.635652843
1403638612.227829456 -8.857272265 2.514556047 3.125557837 -0.591193523 -0.458432747 0.228056781 0.623153062
1403638613.177829266 -8.077832238 2.364417225 2.812570981 -0.586016748 -0.452755390 0.215793996 0.636419578
1403638614.077829361 -7.290204687 2.113397007 2.541693534 -0.598154191 -0.401202259 0.207361100 0.662004294
1403638614.327829599 -7.036189598 2.053778483 2.422081381 -0.619894425 -0.364440705 0.182946311 0.670406236
1403638614.777829409 -6.551345121 1.878451599 2.323844236 -0.647485428 -0.311803923 0.176672949 0.672553049
1403638615.027829409 -6.256991399 1.793611911 2.332611838 -0.670960114 -0.260682888 0.156963624 0.676179990
1403638615.277829409 -5.946324170 1.735163236 2.388762528 -0.674595398 -0.196895223 0.110840390 0.702757232
1403638615.477829456 -5.690742319 1.700577911 2.431497276 -0.678466173 -0.138630950 0.079551576 0.717033234
1403638615.727829456 -5.381509726 1.659003595 2.456481133 -0.683036709 -0.084773113 0.054615126 0.723388942
1403638616.077829361 -4.960373597 1.569043908 2.504498268 -0.686496654 -0.038860266 0.037946882 0.725101550
1403638616.327829599 -4.651442877 1.520930051 2.471217198 -0.689117298 0.006739450 0.019203865 0.724363956
1403638616.577829361 -4.346894324 1.497164465 2.372726226 -0.692218423 0.051244653 0.001067768 0.719865612
1403638616.827829599 -4.044933097 1.487336574 2.249652748 -0.713314084 0.074663755 0.006152897 0.696828877
1403638617.427829504 -3.276154224 1.526804580 2.128309144 -0.715945826 0.056760426 -0.014462687 0.695694372
1403638618.427829504 -2.122134586 1.853156418 2.506137427 -0.711892545 0.036811321 -0.014580548 0.701171404
1403638619.077829361 -1.534695586 2.295364096 2.791154294 -0.697866767 0.072653868 -0.036488619 0.711598181
1403638619.377829313 -1.305957949 2.528680859 2.902530324 -0.686303256 0.146995643 -0.066848534 0.709162460
1403638620.227829456 -0.736301764 3.159117781 3.000465977 -0.663151587 0.224246703 -0.071354450 0.710529331
1403638621.427829504 0.198125623 3.553724285 3.079534262 -0.675641893 0.196165880 -0.087552883 0.705238593
1403638623.677829266 0.839412862 3.041562086 2.728387564 -0.667228155 0.199420455 -0.086560887 0.712422125
1403638624.977829456 0.692275475 1.914517062 2.297215108 -0.672725908 0.191616338 -0.083682069 0.709732585
1403638626.227829456 0.565529022 0.679912318 1.858463671 -0.688228000 0.187666049 -0.066476342 0.697642151
1403638627.527829409 0.577740901 -0.130421208 1.406110985 -0.697026809 0.178255886 -0.077780902 0.690165631
1403638628.327829599 0.560300524 -0.294764107 1.238397580 -0.695687293 0.179302169 -0.085588769 0.690322015
1403638629.477829456 0.491089222 -0.362303045 1.154862038 -0.694147518 0.182901771 -0.082950815 0.691249107
1403638630.277829409 0.508437137 -0.363586866 1.112240744 -0.679554982 0.183633959 -0.084925124 0.705174673
1403638630.377829313 0.505661027 -0.354111468 1.091508074 -0.703687931 0.183241394 -0.079944547 0.681802580
1403638630.477829456 0.505713207 -0.344514810 1.112875455 -0.681084981 0.181888485 -0.081014217 0.704610903
1403638630.727829456 0.506917723 -0.307076719 1.102178296 -0.711605919 0.173443133 -0.072446736 0.676968216
1403638630.827829599 0.511674791 -0.308551429 1.101301175 -0.708993191 0.175799539 -0.077402563 0.678551413
