1403637130.538319111 -0.066127310 0.003004322 -0.019126210 -0.790222734 0.015919658 0.015925455 0.612405891
1403637133.638319016 -0.057307480 -0.003687640 0.011546604 -0.803577723 0.026489856 0.002767372 0.594603627
1403637133.888319016 -0.047804657 -0.007309083 0.075440073 -0.807207860 0.037340536 -0.011688226 0.588969049
1403637134.088319063 -0.045249278 -0.006060455 0.195140781 -0.808671705 0.043967060 -0.024887807 0.586086655
1403637134.288318872 -0.048395776 -0.004813206 0.319252321 -0.797934258 0.045038830 -0.049197808 0.599042569
1403637134.538319111 -0.047109317 0.001362687 0.381958445 -0.779985824 0.056077148 -0.047512112 0.621466063
1403637134.738319159 -0.035829899 0.006207484 0.289571559 -0.796414804 0.054373507 -0.049394675 0.600272562
1403637134.888319016 -0.031644980 0.004462614 0.177427666 -0.819515147 0.053392945 -0.038774821 0.569245668
1403637135.038319111 -0.030261311 -0.000636991 0.086740430 -0.830895743 0.059233105 -0.027460382 0.552584500
1403637135.288318872 -0.028271307 -0.009717289 0.052647555 -0.844430227 0.056122884 -0.028928600 0.531931339
1403637135.438319206 -0.026666153 -0.005935567 0.137262559 -0.837827453 0.055483788 -0.037668137 0.541800535
1403637135.588319063 -0.024539735 0.003444165 0.262680824 -0.817844025 0.051597241 -0.052865427 0.570678650
1403637135.838319063 -0.027221675 0.011824687 0.438658374 -0.790865132 0.061506465 -0.054793758 0.606421423
1403637136.238319159 -0.024769068 0.025770763 0.278790073 -0.810007621 0.062080496 -0.054633853 0.580559048
1403637136.438319206 -0.027888363 0.014711231 0.125074790 -0.838927685 0.064353453 -0.046442375 0.538425555
1403637136.638319016 -0.028977565 0.003692728 0.071612355 -0.852307474 0.067832815 -0.034040827 0.517505460
1403637136.838319063 -0.029075182 0.002224180 0.175174969 -0.846995431 0.064230143 -0.035955809 0.526479257
1403637137.038319111 -0.022420600 0.012948558 0.365209787 -0.820059281 0.070236000 -0.052645444 0.565506974
1403637137.288318872 -0.019446893 0.018201797 0.483273740 -0.791451540 0.079936746 -0.049449086 0.603961393
1403637137.588319063 -0.020257561 0.021085513 0.316551898 -0.803865658 0.068346013 -0.056486081 0.588165069
1403637137.788318872 -0.023180936 0.017934547 0.144767309 -0.834341753 0.068541105 -0.054726204 0.544225136
1403637137.988318920 -0.025281928 0.001210870 0.063386675 -0.852765601 0.063677805 -0.045095607 0.516432333
1403637138.188318968 -0.017622139 0.003508811 0.151317952 -0.853684987 0.058095913 -0.041109205 0.515903906
1403637138.388319016 -0.010305014 0.012982939 0.342649767 -0.818428378 0.053709098 -0.065722613 0.568305253
1403637138.588319063 -0.010166561 0.019222668 0.459807535 -0.788074065 0.063663128 -0.078714290 0.607198761
1403637138.938319206 -0.006508296 0.031315614 0.299019307 -0.803985001 0.069962772 -0.068126773 0.586576569
1403637139.138319016 -0.010055623 0.036230688 0.127252186 -0.816887184 0.070863819 -0.038871412 0.571106524
1403637139.338319063 -0.016647203 0.035399554 0.029540012 -0.823007665 0.064120823 -0.029466684 0.563629859
1403637139.788318872 -0.022038522 0.042840880 -0.019050634 -0.815588480 0.042116184 -0.019577937 0.576765431
1403637150.138319016 0.024568502 0.027410102 -0.006793062 -0.837359642 0.030236116 -0.030861255 0.544942374
1403637150.338319063 0.061725049 0.054741660 0.040394328 -0.832521039 0.033497158 -0.043627372 0.551256123
1403637150.588319063 0.104828573 0.125709877 0.109201790 -0.818225443 0.043564192 -0.046958409 0.571317944
1403637150.938319206 0.167652853 0.228834983 0.196948679 -0.811138129 0.045658410 -0.053860982 0.580576644
1403637151.388319016 0.226358076 0.335271448 0.277149236 -0.810435692 0.047013996 -0.042151087 0.582414765
1403637151.838319063 0.291827017 0.405290397 0.398476265 -0.814883243 0.040650337 -0.044401890 0.576490523
1403637152.388319016 0.379030170 0.498826797 0.492746723 -0.818143143 0.041601391 -0.040370009 0.572085120
1403637152.938319206 0.488039372 0.616193765 0.497875227 -0.811312506 0.041331186 -0.038768043 0.581859767
1403637153.788318872 0.677488144 0.782272975 0.577109739 -0.815176006 0.036124827 -0.047892166 0.576098444
1403637154.838319063 0.936612061 1.037216393 0.499978298 -0.826126893 0.050901582 -0.063156596 0.557615127
1403637155.438319206 1.125329176 1.320572088 0.558911700 -0.804953852 0.110296676 -0.096227175 0.574999365
1403637155.938319206 1.289726547 1.546309745 0.542503503 -0.792201546 0.188708983 -0.122377138 0.567300156
1403637156.288318872 1.455031999 1.656074205 0.486859671 -0.766042711 0.265322997 -0.165468247 0.561607097
1403637156.588319063 1.638604027 1.701917818 0.435138041 -0.739382796 0.331974317 -0.211223789 0.546342973
1403637156.888319016 1.854099263 1.697232564 0.353077105 -0.722415010 0.374986319 -0.258052517 0.520490838
1403637158.188318968 2.994880168 1.484618611 0.206743425 -0.719441116 0.368694487 -0.265009148 0.525584444
1403637158.688318968 3.513845505 1.244397337 0.247933256 -0.682744532 0.428442327 -0.288523413 0.516770081
1403637158.938319206 3.765985587 1.085326434 0.219396445 0.669091477 -0.459156536 0.312887233 -0.493551872
1403637159.588319063 4.415758929 0.597387144 0.180378318 0.670438951 -0.465389106 0.314247238 -0.484946663
1403637159.988318920 4.842247685 0.249492672 0.142573973 0.670938872 -0.466221029 0.331785196 -0.471590464
1403637160.288318872 5.178753740 -0.000081615 0.113800215 0.624707846 -0.513789848 0.365978711 -0.460238723
1403637160.488318920 5.401822079 -0.167556279 0.077996533 0.591719707 -0.553463009 0.397033550 -0.431173801
1403637160.688318968 5.600845547 -0.354245272 0.016846880 -0.561063892 0.590061522 -0.425288819 0.395176075
1403637160.988318920 5.909914727 -0.586825144 -0.025279002 -0.540989443 0.619999668 -0.432756180 0.368310906
1403637161.588319063 6.553224949 -1.072025275 0.133792538 -0.510268735 0.638516688 -0.427042652 0.386725782
1403637161.938319206 6.911238293 -1.435615182 0.254106991 -0.478063085 0.629417957 -0.479261838 0.381571504
1403637162.688318968 7.285311164 -2.245478411 0.254583061 -0.471125272 0.643301080 -0.466224218 0.383196656
1403637162.988318920 7.303983933 -2.609912689 0.240108703 -0.426728537 0.651331993 -0.506391658 0.370454962
1403637163.188318968 7.253871360 -2.854057348 0.208868792 -0.387779324 0.676297725 -0.535005115 0.325604222
1403637163.388319016 7.166944090 -3.085765740 0.170973786 -0.337167031 0.703555544 -0.556088776 0.286519219
1403637163.588319063 7.041052043 -3.278586678 0.112695970 -0.292169724 0.736062778 -0.550226262 0.264763100
1403637163.788318872 6.885537699 -3.466679358 0.086681910 -0.271371385 0.763285719 -0.528650449 0.253537346
1403637164.238319159 6.427077325 -3.961092047 0.155875939 -0.261523741 0.760832758 -0.534460924 0.259018084
1403637164.638319016 5.898188211 -4.467561404 0.242924083 -0.279772768 0.760479097 -0.524507170 0.261325410
1403637164.938319206 5.462991992 -4.886148914 0.246922586 -0.291015011 0.749081951 -0.546181377 0.236373428
1403637165.188318968 5.087224910 -5.238841260 0.219163196 -0.260395124 0.753553425 -0.565793352 0.210308103
1403637165.388319016 4.772177492 -5.501729992 0.195435049 -0.228806339 0.771982832 -0.565783763 0.177704533
1403637165.588319063 4.482562974 -5.746034377 0.203049424 -0.208790768 0.787972818 -0.558736486 0.152704919
1403637165.788318872 4.195709916 -5.976680255 0.225190937 -0.213156166 0.788107074 -0.565042515 0.119074116
1403637166.038319111 3.880229281 -6.233706525 0.225427960 -0.237721700 0.779942892 -0.570210107 0.100189383
1403637166.388319016 3.568398133 -6.537609282 0.118391958 -0.255624496 0.750781629 -0.595249778 0.129076581
1403637166.538319111 3.477740631 -6.620989763 0.088891296 -0.258972487 0.733779173 -0.609840394 0.150319893
1403637166.738319159 3.365038120 -6.683991564 0.053453045 -0.279556759 0.753290609 -0.578380348 0.140987409
1403637167.338319063 3.298888672 -6.562390890 -0.016672629 -0.327554292 0.716090208 -0.608867440 0.095934564
1403637167.538319111 3.395893915 -6.364146767 -0.008131749 -0.302092287 0.745969786 -0.578676213 0.131921071
1403637167.738319159 3.556965718 -6.141251093 -0.021212331 -0.277122254 0.764440119 -0.554966756 0.175631605
1403637167.938319206 3.702229753 -5.911291041 -0.060379592 -0.295224007 0.768448994 -0.535892511 0.187478387
1403637168.288318872 4.012917499 -5.531648768 -0.102958055 -0.316747101 0.757810927 -0.534728514 0.198643627
1403637168.588319063 4.304128346 -5.226323812 -0.233456208 -0.313552324 0.740172450 -0.555563472 0.212553316
1403637168.988318920 4.676628953 -4.793252801 -0.391384782 -0.320374261 0.747661374 -0.546857974 0.198265378
1403637169.338319063 5.046535562 -4.387615778 -0.475886148 -0.348804067 0.728052018 -0.552111785 0.208443179
1403637169.538319111 5.268022679 -4.132950693 -0.470440356 -0.388198491 0.703199510 -0.544965200 0.240468939
1403637169.688318968 5.434758903 -3.914501212 -0.465569131 -0.425523484 0.674254389 -0.540902341 0.267834728
1403637169.838319063 5.593550129 -3.683954732 -0.463823010 -0.460766845 0.649266183 -0.527680292 0.296143289
1403637170.038319111 5.792254601 -3.354007045 -0.497559007 -0.502584313 0.613838897 -0.517619537 0.320438500
1403637170.238319159 5.978700935 -2.988311574 -0.529764108 -0.537247843 0.582418239 -0.502032463 0.346579222
1403637170.438319206 6.156799887 -2.578996571 -0.593748153 0.560683513 -0.550770130 0.479118879 -0.390808600
1403637170.588319063 6.259909028 -2.260055009 -0.651376843 0.568479516 -0.522522890 0.456605394 -0.441941607
1403637170.738319159 6.335302162 -1.929767917 -0.703481771 0.582285168 -0.488289182 0.437577397 -0.480670033
1403637170.938319206 6.378071348 -1.511852525 -0.781562603 -0.622012053 0.448315010 -0.395505243 0.505658245
1403637171.138319016 6.363086515 -1.142935588 -0.825165880 -0.661850690 0.410165488 -0.347261379 0.522615988
1403637171.338319063 6.305472879 -0.790118459 -0.822327405 -0.678001663 0.381936552 -0.324147706 0.537927951
1403637171.638319016 6.158474388 -0.345796434 -0.802920408 -0.691242473 0.354359851 -0.333486993 0.534227822
1403637172.038319111 5.799518524 0.180382794 -0.805633751 -0.684915776 0.355389016 -0.352274053 0.529614972
1403637172.438319206 5.233475201 0.667669984 -0.861510575 -0.680211897 0.406707357 -0.301549606 0.530064841
1403637172.788318872 4.709984657 0.968902370 -0.798246491 -0.675788773 0.435080506 -0.278661672 0.525701589
1403637173.088319063 4.319768927 1.126244064 -0.753013297 0.690282036 -0.482905371 0.263056502 -0.470228019
1403637173.438319206 4.037302498 1.227920322 -0.804599870 0.642056529 -0.538943879 0.302025729 -0.453964059
1403637173.738319159 3.930943095 1.229245437 -0.882572586 -0.587442157 0.594850348 -0.323369466 0.443279780
1403637173.938319206 3.913496411 1.162186287 -0.956445002 -0.571479863 0.631623031 -0.321215117 0.413864666
1403637174.138319016 3.958742686 1.039649207 -0.975120533 -0.569102945 0.610432518 -0.381990345 0.396960143
1403637174.338319063 4.037296078 0.889998729 -0.949088923 -0.546821844 0.589421961 -0.418030240 0.422869178
1403637174.788318872 4.170852527 0.461348099 -0.816336049 -0.500530744 0.612827752 -0.445477247 0.418880822
1403637174.988318920 4.193668741 0.229389037 -0.785145665 -0.472188880 0.648850619 -0.458780873 0.381511003
1403637175.288318872 4.188382354 -0.140109587 -0.755774113 -0.420569094 0.663631617 -0.492807485 0.373972588
1403637175.688318968 4.040561710 -0.657109724 -0.773651986 -0.410380506 0.683261700 -0.477597633 0.369650903
1403637176.288318872 3.587056501 -1.552281710 -0.686976262 -0.424444168 0.654198168 -0.509216519 0.364102241
1403637176.588319063 3.263719894 -2.003882663 -0.665758444 -0.419129220 0.668624167 -0.508116098 0.345094845
1403637176.838319063 2.954269801 -2.363394518 -0.667956620 -0.406528970 0.692882752 -0.499784236 0.323826197
1403637177.088319063 2.637425179 -2.713521843 -0.705007843 -0.412425943 0.716390896 -0.477272971 0.298160087
1403637177.338319063 2.351911807 -3.092724571 -0.762514330 -0.421685075 0.736540531 -0.448921439 0.279569823
1403637177.638319016 2.121287043 -3.578863313 -0.861301279 -0.437539535 0.728022234 -0.467276169 0.245348249
1403637178.038319111 2.030625001 -4.223459646 -0.918418716 -0.409171496 0.728525017 -0.505079902 0.216157997
1403637178.288318872 2.077544942 -4.582869529 -0.973136092 -0.389284245 0.728530533 -0.537948124 0.168264241
1403637178.838319063 2.513859816 -5.039607940 -0.958973300 -0.347215061 0.723402612 -0.564569811 0.193368278
1403637179.488318920 3.204753261 -5.142525218 -0.990495609 -0.342231508 0.731420670 -0.549494414 0.214376508
1403637180.188318968 3.960473201 -4.935738963 -1.186698483 -0.341742224 0.725852714 -0.558881430 0.209765671
1403637180.538319111 4.364088132 -4.683182874 -1.295942227 -0.339411429 0.752905571 -0.520188655 0.217570325
1403637180.888319016 4.785819871 -4.428969171 -1.297348057 -0.345592426 0.731633240 -0.553282714 0.197881065
1403637181.238319159 5.254427532 -4.103642922 -1.212634062 -0.331545991 0.733074594 -0.559721849 0.198470014
1403637181.488318920 5.597437168 -3.816975315 -1.092927201 -0.319258432 0.730322507 -0.567192242 0.207354888
1403637181.788318872 5.990993692 -3.430836783 -0.912433038 -0.311005571 0.741657902 -0.557765688 0.205223116
1403637182.038319111 6.309464870 -3.093538905 -0.780719717 -0.303061553 0.741449125 -0.559534509 0.212903790
1403637182.238319159 6.561463909 -2.808744190 -0.689479505 -0.294108053 0.734349125 -0.567386960 0.228700356
1403637182.488318920 6.821333926 -2.454902357 -0.599963216 -0.287608717 0.722454269 -0.577423684 0.248843213
1403637182.838319063 7.062761804 -1.905185620 -0.443249125 -0.289466960 0.719252602 -0.579670058 0.250733320
1403637183.288318872 7.171889726 -1.159347942 -0.385631480 -0.265532403 0.728404642 -0.566288358 0.279708270
1403637183.788318872 6.944196401 -0.384172952 -0.498710212 -0.253568411 0.739594541 -0.549753708 0.294064341
1403637184.188318968 6.457154535 0.103559576 -0.532799127 -0.248770003 0.760176269 -0.521689682 0.296791848
1403637184.488318920 5.939045625 0.344300854 -0.593958994 -0.285331671 0.760196799 -0.529206856 0.246225034
1403637184.738319159 5.499362054 0.510969516 -0.671102712 -0.300108936 0.774722337 -0.507564811 0.228293428
1403637185.038319111 5.007209597 0.630465020 -0.730548020 -0.308007094 0.781781222 -0.496045586 0.218834475
1403637185.338319063 4.573622713 0.656251640 -0.704559010 -0.312431993 0.787055392 -0.488326033 0.210873764
1403637185.938319206 3.974794559 0.443085583 -0.510461644 -0.312258504 0.761386685 -0.529709536 0.205408741
1403637186.988318920 3.294417687 -0.032236629 -0.125806196 -0.275774809 0.771269433 -0.516564065 0.249506078
1403637187.438319206 2.947072787 -0.332029910 -0.103876246 -0.283528316 0.778754877 -0.517586873 0.212735432
1403637187.888319016 2.632304109 -0.745020940 -0.146414714 -0.279441726 0.791265182 -0.506430896 0.198341826
1403637188.788318872 2.303945283 -1.802688060 -0.370129104 -0.233978290 0.773286342 -0.554036309 0.200813747
1403637189.138319016 2.181410491 -2.189531923 -0.486847399 -0.209267319 0.795326086 -0.544428358 0.165110174
1403637189.938319206 1.818977956 -3.166506780 -0.704688523 -0.212590888 0.782933102 -0.562236570 0.160346223
1403637190.638319016 1.481335435 -3.903568250 -0.556882906 -0.211738818 0.775711497 -0.574642581 0.152395047
1403637191.788318872 0.877422595 -4.674216332 -0.558918891 -0.256075835 0.771703409 -0.557646339 0.167121439
1403637192.688318968 0.743299757 -4.954297247 -0.256207172 -0.256985089 0.794117312 -0.529925192 0.150052155
1403637193.338319063 1.023615674 -5.199782482 -0.053771367 -0.235691954 0.800328820 -0.519881493 0.183429319
1403637193.988318920 1.392046229 -5.613837547 0.103539373 -0.259033338 0.778427241 -0.550700976 0.153886957
1403637194.788318872 2.052106348 -6.061768501 0.190992224 -0.254793414 0.786708448 -0.540848447 0.153795615
1403637195.188318968 2.461320444 -6.282243843 0.244230766 -0.246582324 0.774145641 -0.560091366 0.161843583
1403637195.738319159 3.040828698 -6.503369126 0.264221327 -0.262643820 0.762138550 -0.564128145 0.178668663
1403637196.238319159 3.559177063 -6.580395275 0.332314387 -0.297604196 0.727254162 -0.601615870 0.143497287
1403637196.538319111 3.921660282 -6.477007415 0.316998324 -0.296025644 0.713394588 -0.619807586 0.138836364
1403637196.888319016 4.360137618 -6.155214571 0.251506916 -0.282258917 0.721959492 -0.613208550 0.151919945
1403637197.088319063 4.618375187 -5.889598986 0.203012071 -0.273132170 0.728325552 -0.603732750 0.174492045
1403637197.338319063 4.916800481 -5.481989860 0.178678492 -0.304678918 0.730490179 -0.572846609 0.213076553
1403637197.538319111 5.128650548 -5.122254993 0.197487962 -0.363201581 0.713757084 -0.543907121 0.250600240
1403637197.688318968 5.284926278 -4.840395448 0.215092400 -0.418054705 0.687290845 -0.524724305 0.278434844
1403637197.838319063 5.428149182 -4.559531891 0.254755281 -0.468299750 0.650598348 -0.513751709 0.305738966
1403637197.988318920 5.560760243 -4.264888859 0.300586191 -0.509272041 0.616333852 -0.502780552 0.328612671
1403637198.138319016 5.683688123 -3.966611617 0.368693904 -0.540432377 0.587250110 -0.488120664 0.353282284
1403637198.338319063 5.833604864 -3.532291075 0.493596334 0.576936951 -0.551210186 0.468990720 -0.378627509
1403637198.538319111 5.972006699 -3.079944173 0.598442091 0.599444739 -0.514888443 0.470383416 -0.392804454
1403637198.788318872 6.103679196 -2.474328755 0.645099330 0.604662011 -0.500340442 0.473455826 -0.399853567
1403637199.038319111 6.185521701 -1.813938765 0.616454846 0.582527624 -0.501209354 0.468050736 -0.436324718
1403637199.288318872 6.166773830 -1.121964265 0.595430945 0.597613371 -0.494519127 0.435408388 -0.456868281
1403637199.488318920 6.101633041 -0.577358012 0.604113032 0.622612580 -0.459464666 0.416640970 -0.477133209
1403637199.688318968 5.995630185 -0.029057475 0.611961373 -0.643364353 0.424339871 -0.385745283 0.507167192
1403637199.838319063 5.885717254 0.362453747 0.588548413 -0.653505293 0.399125545 -0.347971659 0.540874622
1403637199.988318920 5.754301940 0.735965786 0.530394313 -0.656364015 0.368228807 -0.302044343 0.585117971
1403637200.138319016 5.591797086 1.064523601 0.441044105 -0.661617533 0.323011853 -0.264958216 0.622673852
1403637200.338319063 5.331449047 1.405837922 0.315990495 -0.705784791 0.265945939 -0.238350876 0.611824686
1403637200.538319111 5.053581558 1.688447058 0.194758713 -0.748801183 0.245812883 -0.215627187 0.576522100
1403637200.938319206 4.503861313 2.124749463 0.075845808 -0.745678812 0.271562700 -0.192994497 0.577035470
1403637201.638319016 3.641492358 2.498261549 0.071109484 -0.718981995 0.377821703 -0.173986757 0.556816182
1403637202.388319016 3.280197741 2.214240164 0.073407960 -0.749338503 0.364578387 -0.212001070 0.510519298
1403637203.188318968 3.456823422 1.681271604 0.145448977 -0.743427500 0.328314730 -0.259719775 0.521603901
1403637204.838319063 3.577696812 1.089406761 0.056369869 -0.733449173 0.342270142 -0.267832000 0.522656177
1403637208.938319206 2.793297750 0.704724658 0.210600986 -0.737545611 0.329409800 -0.264047655 0.527062133
1403637209.588319063 2.614346443 0.654893039 0.160154782 -0.779990232 0.295458015 -0.222571982 0.504758866
1403637210.438319206 2.662529510 1.070707804 0.137230403 0.819384121 -0.302968625 0.192127443 -0.447109294
1403637210.838319063 2.945558015 1.613035915 0.027453217 0.795161069 -0.299359355 0.194213763 -0.490289572
1403637211.238319159 3.357307913 2.247087482 -0.121097777 -0.767322397 0.301702528 -0.197857504 0.530136144
1403637211.788318872 3.984358895 3.056847324 -0.369333803 -0.765362721 0.307922894 -0.200532577 0.528384408
1403637212.338319063 4.696497021 3.781965697 -0.411140670 -0.749330432 0.296465461 -0.222112211 0.548888240
1403637212.988318920 5.482149569 4.522425270 -0.277505039 -0.765730501 0.297198590 -0.228547471 0.522585736
1403637213.638319016 6.236065468 5.260698381 -0.181988425 -0.763237661 0.285540121 -0.235194916 0.529734333
1403637214.388319016 6.917336373 6.176246170 -0.217776238 -0.765309444 0.233608575 -0.215594963 0.559685001
1403637214.638319016 7.046109945 6.474889438 -0.186685896 -0.775266477 0.162690618 -0.208500178 0.573603808
1403637214.988318920 7.070060521 6.875632862 -0.079815265 -0.777053392 0.118871761 -0.204003046 0.583472611
1403637215.438319206 6.808874497 7.323504261 -0.020458683 -0.763190518 0.118453261 -0.173677138 0.611019893
1403637215.638319016 6.604556577 7.458398771 0.005434624 -0.760591031 0.093633827 -0.137502018 0.627556519
1403637215.938319206 6.224627137 7.569039053 0.054502514 -0.790071981 0.036657903 -0.077991101 0.606926562
1403637216.188318968 5.874086559 7.592413232 0.135900804 -0.798447653 0.006805671 -0.032974137 0.601122063
1403637216.488318920 5.472191438 7.574086391 0.194781576 -0.789018696 -0.004666403 -0.012399965 0.614226312
1403637216.938319206 4.931827323 7.415015660 0.227679452 -0.767135059 0.004867146 -0.013455455 0.641326019
1403637217.488318920 4.425304748 6.871355519 0.263815749 -0.783684659 0.044697193 0.016942943 0.619316925
1403637217.888319016 4.211616348 6.299600619 0.210460691 -0.773086647 -0.041227486 0.002952816 0.632952298
1403637218.338319063 4.000066151 5.473083000 0.204642032 -0.782291837 -0.094672533 0.037047028 0.614560095
1403637218.688318968 3.856825867 4.731528262 0.171195908 -0.785032889 -0.097591366 0.036712009 0.610615687
1403637219.038319111 3.691022033 3.957027313 0.109200733 -0.791821075 -0.103655895 0.015677742 0.601688499
1403637219.388319016 3.479648781 3.148868165 -0.008111643 -0.795545246 -0.099292533 0.016311592 0.597480281
1403637219.638319016 3.294080731 2.559792699 -0.044347127 -0.815146200 -0.092455726 0.021786081 0.571414017
1403637219.988318920 3.006295486 1.796439646 -0.012637899 -0.824993449 -0.089190570 0.022834166 0.557592551
1403637220.338319063 2.676573708 1.143407654 0.109958116 -0.824693075 -0.080655706 0.033295367 0.558808919
1403637220.638319016 2.404490037 0.667011969 0.247195016 -0.818592672 -0.066519944 0.048425192 0.568450644
1403637220.988318920 2.141447403 0.158098803 0.336965924 -0.822210881 -0.066125576 0.045050948 0.563530911
1403637221.338319063 1.918250041 -0.260478743 0.359466366 -0.830982274 -0.034581538 0.015123841 0.555016979
1403637221.838319063 1.677634549 -0.733916828 0.271131203 -0.833537780 0.001072953 -0.003261792 0.552451788
1403637222.238319159 1.547279873 -0.950547360 0.136195672 -0.830987275 0.064462335 -0.045273645 0.550685984
1403637222.738319159 1.459621360 -1.115656004 -0.017727687 -0.809000758 0.103649959 -0.081459350 0.572834037
1403637226.238319159 1.213107637 -1.230073028 0.141923595 -0.802510766 0.074807786 -0.084369155 0.585885749
1403637227.088319063 0.918051348 -1.257897366 0.151604050 -0.816721657 0.092796857 -0.062272407 0.566106549
1403637229.438319206 0.623111170 -1.174118785 0.100016430 -0.807428566 0.096168127 -0.093554171 0.574507110
1403637229.688318968 0.578970094 -1.209740603 0.054711831 -0.811445128 0.171553924 -0.092687650 0.550940155
1403637229.938319206 0.586569218 -1.236082616 -0.002054842 -0.789795116 0.219097266 -0.164709114 0.548717569
1403637230.188318968 0.604438585 -1.246894491 -0.059406687 -0.772604591 0.277689341 -0.209026092 0.531299227
1403637230.888319016 0.635272345 -1.231478740 0.017138342 -0.728249080 0.363480810 -0.258847327 0.520127908
1403637231.088319063 0.647085677 -1.238610386 0.041150544 0.711001204 -0.420622523 0.279279153 -0.489445743
1403637231.288318872 0.682668982 -1.250360220 0.038431360 0.673058983 -0.482673066 0.313037012 -0.464786128
1403637231.488318920 0.739422234 -1.277172859 -0.044907708 0.618715367 -0.545298145 0.352778297 -0.442027942
1403637231.688318968 0.813275854 -1.321470287 -0.178618552 -0.563111248 0.607676855 -0.387406535 0.404414068
1403637231.888319016 0.899965461 -1.398878823 -0.293962076 -0.511251957 0.652607500 -0.419130087 0.370209207
1403637232.188318968 1.065981534 -1.565721737 -0.394873766 -0.428992398 0.691346986 -0.464645969 0.349440970
1403637232.538319111 1.223333054 -1.827111310 -0.431895843 -0.356593528 0.725029332 -0.505277873 0.303097005
1403637232.788318872 1.283667961 -2.055139304 -0.418122169 -0.297383280 0.772557505 -0.491202377 0.270995038
1403637233.038319111 1.312151408 -2.354697478 -0.377677324 -0.281034145 0.797453678 -0.482802247 0.228011911
1403637233.538319111 1.442862183 -3.169240652 -0.289852716 -0.314146037 0.803563255 -0.471852085 0.181532290
1403637233.988318920 1.792069993 -3.978918505 -0.431157664 -0.370985724 0.722682097 -0.570279790 0.121988280
1403637234.588319063 2.753187112 -4.465609363 -0.692136438 -0.357526351 0.704050095 -0.589889895 0.168873573
1403637234.788318872 3.150567904 -4.450686450 -0.817372092 -0.361161886 0.697952475 -0.577930864 0.220046247
1403637234.988318920 3.526539978 -4.382410803 -0.923880332 -0.375192087 0.691451202 -0.554827764 0.270725482
1403637235.238319159 3.960490148 -4.238931772 -1.031901009 -0.417198904 0.666987150 -0.539641929 0.299766250
1403637235.688318968 4.627741175 -3.893815858 -1.138707336 -0.478202534 0.663241461 -0.485426753 0.309506008
1403637235.888319016 4.921850498 -3.714103099 -1.123669600 -0.504701460 0.621740419 -0.505519099 0.321194222
1403637236.088319063 5.208935969 -3.488788125 -1.096253033 -0.540428686 0.583396173 -0.511363021 0.325720128
1403637236.288318872 5.468929003 -3.199695078 -1.046076574 0.570264058 -0.555214836 0.500249357 -0.341007288
1403637236.488318920 5.721723139 -2.840519889 -0.953282996 0.589684547 -0.535866367 0.478056498 -0.369569150
1403637236.688318968 5.946641803 -2.442169126 -0.849652269 0.594508406 -0.523089567 0.467534654 -0.392871999
1403637236.838319063 6.091681067 -2.119474274 -0.792089655 0.593792642 -0.505781484 0.466609260 -0.416978642
1403637236.988318920 6.221128450 -1.786945397 -0.707480278 0.589965517 -0.482270177 0.464362354 -0.451357696
1403637237.138319016 6.289349845 -1.430141728 -0.623488173 0.578016202 -0.460344523 0.464802894 -0.487789359
1403637237.338319063 6.297083428 -0.947261323 -0.482169740 -0.585468370 0.445295274 -0.441066953 0.514197287
1403637237.538319111 6.208794514 -0.504434663 -0.328047727 -0.596373328 0.437976775 -0.419409006 0.525938480
1403637237.738319159 6.025625234 -0.103392858 -0.156889992 -0.596808895 0.439950372 -0.398985866 0.539511901
1403637238.038319111 5.620707709 0.393945456 0.084593647 -0.593292298 0.482747468 -0.369463657 0.527689054
1403637238.338319063 5.139321123 0.760175224 0.249510329 -0.545476059 0.575103979 -0.347478472 0.500969054
1403637238.588319063 4.733056234 0.901843740 0.371396130 -0.478593150 0.647024454 -0.360725324 0.471365244
1403637238.788318872 4.397869689 0.891643195 0.434157272 -0.456332550 0.702633242 -0.337701350 0.428981270
1403637238.938319206 4.160622603 0.813259181 0.486225221 -0.457864738 0.736141090 -0.308499267 0.391515491
1403637239.138319016 3.903808505 0.574360358 0.542911892 -0.471366741 0.744460737 -0.316214452 0.351567955
1403637239.488318920 3.635395684 -0.085795636 0.667106683 -0.442009211 0.735784524 -0.397699676 0.324166559
1403637239.788318872 3.515160443 -0.784920320 0.630678604 -0.375555256 0.750232952 -0.460553124 0.289826822
1403637240.038319111 3.448994185 -1.411011666 0.512717109 -0.315789338 0.746737207 -0.530183480 0.248125200
1403637240.288318872 3.357870994 -2.038974234 0.355111972 -0.256676981 0.770599053 -0.547360681 0.201718395
1403637240.488318920 3.281088980 -2.516348739 0.222506453 -0.241899572 0.796675941 -0.530451341 0.159415865
1403637240.888319016 3.204653210 -3.473020610 0.065618378 -0.240526953 0.785207278 -0.552934872 0.140923180
1403637241.338319063 3.222570290 -4.466498412 -0.075413101 -0.256524183 0.771627896 -0.564112139 0.143398842
1403637241.688318968 3.320574747 -5.126485896 -0.188149991 -0.276578469 0.751444875 -0.584680302 0.130322271
1403637242.088319063 3.534795844 -5.658559669 -0.231427875 -0.254625143 0.732970527 -0.608225722 0.167277360
1403637242.938319206 4.051063292 -5.861361342 -0.195480820 -0.296732613 0.710855481 -0.608977895 0.189156458
1403637243.438319206 4.362779526 -5.402970131 -0.147640718 -0.316693238 0.723573902 -0.580634372 0.197509311
1403637243.838319063 4.592192149 -4.873574792 -0.128598463 -0.300073020 0.752565011 -0.544588534 0.216853443
1403637244.338319063 4.823818541 -4.251556585 0.084051154 -0.286130557 0.764100140 -0.534949615 0.219338073
1403637244.788318872 4.997956543 -3.803324208 0.376295553 -0.343713748 0.751682226 -0.521408223 0.212056962
1403637245.188318968 5.212117328 -3.460222938 0.540353202 -0.353944264 0.764466243 -0.482986727 0.238827644
1403637245.638319016 5.544232759 -3.211966259 0.611088747 -0.382602377 0.740193366 -0.500954747 0.234037485
1403637245.888319016 5.785566361 -3.096607854 0.624000428 -0.415455054 0.706944816 -0.503471639 0.272291083
1403637246.088319063 5.989301953 -2.997899885 0.604496088 -0.460895306 0.665318145 -0.494833131 0.316334404
1403637246.288318872 6.180681919 -2.890365044 0.564927805 -0.519835843 0.615043190 -0.468256549 0.363632197
1403637246.488318920 6.368637407 -2.775986902 0.513914473 0.583644748 -0.548793953 0.442384497 -0.403088033
1403637246.638319016 6.486183895 -2.678256288 0.460531251 0.618521505 -0.496606062 0.426212136 -0.434921580
1403637246.788318872 6.587821147 -2.549879315 0.414852729 0.644806317 -0.450042532 0.407220707 -0.464605024
1403637246.988318920 6.683631797 -2.386220757 0.357964139 0.682857330 -0.404975851 0.368243353 -0.483835984
1403637247.288318872 6.753496921 -2.112314104 0.293829924 0.711632169 -0.393809398 0.321715899 -0.484760450
1403637247.588319063 6.790722301 -1.813839374 0.201455370 -0.689442558 0.377366427 -0.336100116 0.518941471
1403637247.988318920 6.684576281 -1.419691827 0.075050030 -0.707392264 0.328966304 -0.323600382 0.535406526
1403637248.288318872 6.476177612 -1.104974706 0.033054359 -0.739031012 0.311876458 -0.275149097 0.529961519
1403637248.638319016 6.186230924 -0.754018918 -0.064002546 -0.735904785 0.299883043 -0.269723939 0.543841249
1403637249.288318872 5.540731940 -0.118847669 -0.000106411 -0.742123789 0.321216879 -0.270490236 0.522405045
1403637249.688318968 5.104356965 0.300453470 0.017729751 -0.738955577 0.323155293 -0.271748871 0.525040820
1403637249.988318920 4.754848822 0.607164768 -0.034381427 -0.737702679 0.306414353 -0.261635933 0.541711768
1403637250.338319063 4.312709028 0.937178785 -0.036020336 -0.753647230 0.292482651 -0.211223483 0.549412770
1403637250.738319159 3.849240390 1.249373778 -0.077028097 -0.765337162 0.284991632 -0.184037431 0.546963456
1403637251.288318872 3.392455730 1.576261031 0.031945335 -0.772278179 0.274409450 -0.158105315 0.550716423
1403637251.638319016 3.223459544 1.722249907 0.172344259 -0.778963705 0.223632692 -0.156809807 0.564459608
1403637252.138319016 3.060117665 1.847834432 0.281795200 -0.774225497 0.184578270 -0.158816391 0.584194400
1403637254.588319063 2.505660946 1.466024447 0.351112651 -0.798715269 0.157232002 -0.141091502 0.563405009
1403637255.388319016 2.219303998 1.227862887 0.373791266 -0.794017265 0.128927115 -0.112306487 0.583353782
1403637255.838319063 2.004883449 1.054119314 0.367353277 -0.809146147 0.062116019 -0.076227861 0.579321523
1403637256.238319159 1.800238408 0.886670772 0.432616088 -0.811639783 0.013272089 -0.045675355 0.582218581
1403637256.888319016 1.421789190 0.621649659 0.421098752 -0.819030986 0.031965811 -0.026114518 0.572262582
1403637257.388319016 1.150043626 0.428062839 0.415134424 -0.815011607 -0.008408993 -0.023000496 0.578926892
1403637257.888319016 0.864546512 0.258788681 0.419555319 -0.827722080 -0.023430361 -0.007626278 0.560597018
1403637258.138319016 0.713432636 0.203140021 0.388722249 -0.827156406 -0.051118891 0.018638201 0.559331526
1403637258.388319016 0.566128341 0.178487021 0.378198642 -0.812239903 -0.090065882 0.037967311 0.575076482
1403637258.688318968 0.394166142 0.159415232 0.332006930 -0.810978672 -0.096265338 0.061985193 0.573763378
1403637259.488318920 0.067674460 0.135345102 0.314192860 -0.805971973 -0.080616474 0.074153842 0.581731356
1403637260.488318920 0.018431369 0.063541278 0.231510028 -0.806609656 -0.105931914 0.038249164 0.580255370
1403637261.038319111 -0.017912790 0.023002667 0.110283176 -0.805547308 -0.101326991 0.048502360 0.581785095
1403637261.338319063 -0.057270041 0.003148872 0.048534129 -0.819097044 -0.102624348 0.046640523 0.562470388
1403637261.938319206 -0.152906349 0.027767668 0.041281056 -0.810567025 -0.097653815 0.050272453 0.575254301
1403637262.388319016 -0.199883593 0.055150304 -0.009246838 -0.791341999 -0.086718065 0.057891307 0.602417143
1403637262.488318920 -0.192078631 0.054881139 -0.012214549 -0.804052242 -0.053738969 0.049763951 0.590030223
