1403637130.538319111 -0.066127310 0.003004322 -0.019126210 -0.790222734 0.015919658 0.015925455 0.612405891
1403637133.638319016 -0.057030653 -0.003312819 0.011378051 -0.803511216 0.026507089 0.002916715 0.594692016
1403637133.888319016 -0.047947772 -0.007398312 0.075569730 -0.807137638 0.037463805 -0.011624054 0.589058722
1403637134.088319063 -0.044927153 -0.006323933 0.194971338 -0.808520964 0.044131529 -0.024868768 0.586283041
1403637134.288318872 -0.045770305 -0.002078712 0.318022436 -0.797753862 0.045200345 -0.048812107 0.599302163
1403637134.538319111 -0.044030718 0.004678238 0.380215559 -0.779787083 0.056191902 -0.047182421 0.621730163
1403637134.738319159 -0.032414757 0.009580547 0.287731312 -0.796213001 0.054572054 -0.048947102 0.600558848
1403637134.888319016 -0.028283771 0.008272385 0.175434065 -0.819464293 0.053204624 -0.038928099 0.569326043
1403637135.038319111 -0.027574663 0.002550237 0.085459041 -0.830853952 0.058968652 -0.027881593 0.552654526
1403637135.288318872 -0.025454006 -0.006317469 0.050727363 -0.844268299 0.055937839 -0.029136089 0.532196473
1403637135.438319206 -0.023511056 -0.002688988 0.136327720 -0.837777371 0.055550702 -0.037213413 0.541902536
1403637135.588319063 -0.021093375 0.005682727 0.263989546 -0.817969837 0.051834633 -0.052268593 0.570531779
1403637135.838319063 -0.022889166 0.015067330 0.436853289 -0.790982703 0.062159955 -0.053858722 0.606285198
1403637136.238319159 -0.021379419 0.028124082 0.278074178 -0.810229482 0.062337589 -0.054258374 0.580257047
1403637136.438319206 -0.023894874 0.019131431 0.123278341 -0.838904495 0.064279376 -0.046340684 0.538479295
1403637136.638319016 -0.025400350 0.007343957 0.068885971 -0.852026424 0.067819327 -0.033868666 0.517981106
1403637136.838319063 -0.025360110 0.006566547 0.173689938 -0.847078153 0.064034938 -0.035942111 0.526370871
1403637137.038319111 -0.019046291 0.015419725 0.364190694 -0.820239975 0.070263601 -0.052459013 0.565258756
1403637137.288318872 -0.016690350 0.019877063 0.484064783 -0.791941067 0.080432082 -0.048904971 0.603297878
1403637137.588319063 -0.015443653 0.026335939 0.314733760 -0.804121643 0.068382951 -0.056041477 0.587853305
1403637137.788318872 -0.019083008 0.022064489 0.142910552 -0.834344253 0.068456925 -0.054566010 0.544247984
1403637137.988318920 -0.021054312 0.005173507 0.059987103 -0.852537778 0.063360932 -0.044982721 0.516857122
1403637138.188318968 -0.013560828 0.006587525 0.149799974 -0.853705577 0.057535945 -0.041037681 0.515938283
1403637138.388319016 -0.005270007 0.017466656 0.339511786 -0.818505420 0.053505041 -0.065163741 0.568277902
1403637138.588319063 -0.005831997 0.021630904 0.459031444 -0.788354875 0.063993374 -0.077928868 0.606900758
1403637138.938319206 -0.001248289 0.036108169 0.295931130 -0.804134858 0.069828674 -0.067616367 0.586446172
1403637139.138319016 -0.006550943 0.039918218 0.131454746 -0.817265797 0.070170460 -0.039334772 0.570618523
1403637139.338319063 -0.013534407 0.040075409 0.031823090 -0.823286023 0.063716971 -0.029622041 0.563260869
1403637139.788318872 -0.018859140 0.047582252 -0.016955127 -0.815787438 0.041635329 -0.019806404 0.576511112
1403637150.138319016 0.027877813 0.032032745 -0.004634461 -0.837538867 0.029609493 -0.031196567 0.544682199
1403637150.338319063 0.065178379 0.060126823 0.042640307 -0.832765693 0.033238644 -0.043290729 0.550928676
1403637150.588319063 0.109975429 0.127695010 0.114392252 -0.818687347 0.043228506 -0.046584920 0.570711985
1403637150.938319206 0.172527193 0.232128775 0.198414800 -0.811499777 0.045440967 -0.053518606 0.580119806
1403637151.388319016 0.231739357 0.339457320 0.277457281 -0.810906112 0.046801128 -0.041843110 0.581799009
1403637151.838319063 0.295433141 0.408633194 0.403201964 -0.815635864 0.040392007 -0.044086863 0.575467611
1403637152.388319016 0.383508161 0.501691929 0.498045621 -0.818916623 0.041280215 -0.039981355 0.571028020
1403637152.938319206 0.491912956 0.624265427 0.497675120 -0.811810032 0.041253685 -0.038044196 0.581218758
1403637153.788318872 0.680656593 0.786612474 0.578941107 -0.815910176 0.035921832 -0.047162640 0.575131195
1403637154.838319063 0.936849015 1.031169889 0.502374735 -0.826767075 0.050476800 -0.062417783 0.556787497
1403637155.438319206 1.125018355 1.308522416 0.559631087 -0.805596757 0.110051249 -0.095214750 0.574314147
1403637155.938319206 1.289220398 1.537590961 0.543359556 -0.793012915 0.188243965 -0.121638831 0.566479233
1403637156.288318872 1.456514875 1.658166781 0.485434092 -0.767251161 0.264754129 -0.165102896 0.560331992
1403637156.588319063 1.643108629 1.711265632 0.436948799 -0.740783867 0.331248935 -0.211056523 0.544948207
1403637156.888319016 1.855552394 1.712572344 0.357660887 -0.723808344 0.374375362 -0.258239017 0.518899971
1403637158.188318968 3.000994315 1.490899414 0.208576178 -0.720869052 0.367244401 -0.265068367 0.524612353
1403637158.688318968 3.533953799 1.259640644 0.254162475 -0.684289642 0.427485263 -0.288389310 0.515592515
1403637158.938319206 3.789312967 1.100444443 0.230255835 0.670771653 -0.458428342 0.312444292 -0.492226989
1403637159.588319063 4.432695647 0.613555683 0.188465999 0.671972814 -0.464460332 0.314276741 -0.483693361
1403637159.988318920 4.859107010 0.275137566 0.153405473 0.672542061 -0.465600624 0.332182523 -0.469636036
1403637160.288318872 5.197529630 0.027585022 0.128600049 0.626930202 -0.512897980 0.366676455 -0.457648950
1403637160.488318920 5.417938801 -0.143691536 0.088468982 0.593961997 -0.552050867 0.398197692 -0.428821157
1403637160.688318968 5.627713311 -0.317453910 0.035635127 -0.563230997 0.589350685 -0.426806464 0.391500774
1403637160.988318920 5.935031010 -0.552449698 -0.009014892 -0.543405915 0.618858247 -0.434611756 0.364468247
1403637161.588319063 6.588532411 -1.037876541 0.164402483 -0.512968417 0.637969003 -0.428679355 0.382221095
1403637161.938319206 6.949536293 -1.413092201 0.270004766 -0.480452249 0.627706396 -0.481629111 0.378396242
1403637162.688318968 7.319915785 -2.209670299 0.283873069 -0.472708153 0.642148996 -0.469416072 0.379262732
1403637162.988318920 7.330897467 -2.578467906 0.283845600 -0.429118268 0.650137826 -0.509002502 0.366189531
1403637163.188318968 7.283238978 -2.830133320 0.256557741 -0.390375805 0.674967328 -0.537243050 0.321552083
1403637163.388319016 7.196996984 -3.063314718 0.219101286 -0.339650652 0.701915097 -0.558773747 0.282355328
1403637163.588319063 7.073162284 -3.264857049 0.173913323 -0.295661517 0.734866058 -0.552209952 0.260039059
1403637163.788318872 6.916466110 -3.454339887 0.154310378 -0.275263670 0.762223981 -0.530780411 0.248025545
1403637164.238319159 6.457224344 -3.948913776 0.243661220 -0.265188332 0.760647904 -0.535932141 0.252718529
1403637164.638319016 5.929903187 -4.453687316 0.345308707 -0.283292555 0.760737854 -0.525734030 0.254218362
1403637164.938319206 5.493393500 -4.870067010 0.351386003 -0.294330624 0.748662336 -0.548009086 0.229260185
1403637165.188318968 5.118747818 -5.224181713 0.326848370 -0.263492656 0.752433754 -0.568282364 0.203642383
1403637165.388319016 4.812223362 -5.487542452 0.309016615 -0.231873434 0.770848212 -0.568369914 0.170245074
1403637165.588319063 4.509967145 -5.728823753 0.326150585 -0.212205139 0.786518702 -0.561381637 0.145629557
1403637165.788318872 4.221800320 -5.958515843 0.354981715 -0.216277979 0.786279942 -0.567920507 0.111597427
1403637166.038319111 3.910324177 -6.217246448 0.364256288 -0.241359677 0.778227844 -0.572489353 0.091448726
1403637166.388319016 3.604040060 -6.520111113 0.279712103 -0.260017571 0.749927734 -0.596517419 0.119021952
1403637166.538319111 3.516341713 -6.609261856 0.252807524 -0.263125050 0.733252114 -0.610919887 0.141008643
1403637166.738319159 3.404135720 -6.669393870 0.219216422 -0.283135422 0.752822412 -0.579404399 0.131845710
1403637167.338319063 3.334011806 -6.549847179 0.147652056 -0.330828500 0.715190556 -0.609430807 0.087458925
1403637167.538319111 3.440421658 -6.354614720 0.151199370 -0.305289112 0.745175815 -0.580047201 0.122706183
1403637167.738319159 3.587475715 -6.125692047 0.136086863 -0.280351404 0.764086717 -0.556358198 0.167451884
1403637167.938319206 3.744256856 -5.893648302 0.098033421 -0.298234177 0.768860633 -0.536669302 0.178593846
1403637168.288318872 4.055646810 -5.518985546 0.040817069 -0.319568029 0.758027965 -0.535877042 0.190014932
1403637168.588319063 4.344521597 -5.214844775 -0.104709700 -0.316074899 0.739875777 -0.557488171 0.204664190
1403637168.988318920 4.717813756 -4.786456036 -0.262444010 -0.323334652 0.747795900 -0.548124183 0.189250828
1403637169.338319063 5.079539905 -4.390856248 -0.363776436 -0.351767621 0.727786594 -0.553320490 0.201053848
1403637169.538319111 5.303418564 -4.131171535 -0.378617876 -0.390613350 0.702350230 -0.547564962 0.233019263
1403637169.688318968 5.470988711 -3.918448031 -0.375531833 -0.428694637 0.673600964 -0.542996894 0.260071188
1403637169.838319063 5.632063443 -3.689221437 -0.375719359 -0.464115569 0.649214954 -0.529224621 0.288163118
1403637170.038319111 5.836946227 -3.362199155 -0.401020522 -0.506631224 0.614784007 -0.517811069 0.311828679
1403637170.238319159 6.027842249 -3.000688527 -0.449008762 -0.540850954 0.583567198 -0.502260636 0.338620473
1403637170.438319206 6.199344750 -2.599999403 -0.512176914 0.565050862 -0.552243568 0.478569076 -0.383035514
1403637170.588319063 6.305319981 -2.281896775 -0.565187345 0.573255904 -0.525007832 0.455281008 -0.434124002
1403637170.738319159 6.379961863 -1.965824196 -0.629254244 0.586635670 -0.490852656 0.435675347 -0.474456797
1403637170.938319206 6.415144751 -1.561592392 -0.712675032 -0.626491115 0.450459014 -0.392626672 0.500439663
1403637171.138319016 6.390252177 -1.185574783 -0.766387706 -0.665351200 0.412750761 -0.344824922 0.517726147
1403637171.338319063 6.331612565 -0.842163671 -0.784842509 -0.680641217 0.383713531 -0.321322912 0.535016865
1403637171.638319016 6.178963339 -0.390064629 -0.760300095 -0.694106462 0.356853517 -0.330227446 0.530868741
1403637172.038319111 5.815102834 0.151405719 -0.761409493 -0.687407165 0.358268405 -0.349888907 0.526016057
1403637172.438319206 5.255832747 0.644769953 -0.795155326 -0.683628712 0.409878405 -0.298547219 0.524900976
1403637172.788318872 4.729572574 0.953169546 -0.732800091 -0.678428939 0.438298136 -0.276138984 0.520937790
1403637173.088319063 4.333041125 1.114463470 -0.687400332 0.692175355 -0.486024528 0.260943065 -0.465383877
1403637173.438319206 4.044236843 1.219798007 -0.742106665 0.643706493 -0.541730987 0.300789631 -0.449104762
1403637173.738319159 3.933374617 1.220637868 -0.817394722 -0.589212895 0.597574550 -0.322299886 0.438013249
1403637173.938319206 3.914329069 1.155466789 -0.890584385 -0.573548893 0.634037646 -0.320592272 0.407748115
1403637174.138319016 3.962188282 1.026332759 -0.916455526 -0.571374174 0.611899203 -0.381563054 0.391816991
1403637174.338319063 4.045177814 0.875120159 -0.883662883 -0.549711925 0.591364544 -0.417071588 0.417320100
1403637174.788318872 4.179596340 0.439009756 -0.747919723 -0.504135734 0.614219580 -0.444786689 0.413214558
1403637174.988318920 4.200874272 0.201452417 -0.712233278 -0.476174975 0.649814022 -0.458135746 0.375647133
1403637175.288318872 4.197869867 -0.172143146 -0.681791235 -0.424852632 0.664173754 -0.492804954 0.368125987
1403637175.688318968 4.055484328 -0.691176351 -0.699176078 -0.414561602 0.683768397 -0.478053339 0.363406745
1403637176.288318872 3.604445772 -1.584255310 -0.600455579 -0.428701540 0.654769362 -0.509439796 0.357719396
1403637176.588319063 3.278451699 -2.029129237 -0.570523862 -0.422926912 0.669316472 -0.508571886 0.338382806
1403637176.838319063 2.969484566 -2.388003741 -0.570081616 -0.409728286 0.693490247 -0.500573214 0.317207291
1403637177.088319063 2.651438376 -2.743341489 -0.596572250 -0.415781830 0.716907768 -0.477832056 0.291282076
1403637177.338319063 2.368814660 -3.113459517 -0.651347131 -0.424421220 0.737223037 -0.450001941 0.271784977
1403637177.638319016 2.135711722 -3.604215988 -0.738673854 -0.440541539 0.728667338 -0.467629631 0.237254276
1403637178.038319111 2.042963714 -4.251201513 -0.783844413 -0.411973030 0.729387827 -0.505025396 0.207896538
1403637178.288318872 2.088332884 -4.611130744 -0.829201738 -0.392225247 0.728980077 -0.537787658 0.159786852
1403637178.838319063 2.525351389 -5.070819583 -0.813777730 -0.350695791 0.724222816 -0.564354514 0.184439037
1403637179.488318920 3.215632854 -5.181283028 -0.861088840 -0.345301112 0.732092267 -0.549752875 0.206348809
1403637180.188318968 3.969491625 -4.989032673 -1.083694343 -0.344777859 0.725364432 -0.559789510 0.203986210
1403637180.538319111 4.367972231 -4.734338650 -1.204040820 -0.342731454 0.751893427 -0.521772991 0.212000874
1403637180.888319016 4.793226824 -4.481764476 -1.214889623 -0.348993684 0.730311950 -0.554791298 0.192495402
1403637181.238319159 5.265358109 -4.156739204 -1.134237342 -0.335718844 0.731878560 -0.560820212 0.192684512
1403637181.488318920 5.613671826 -3.871935398 -1.026592079 -0.323625589 0.728989503 -0.568523534 0.201548441
1403637181.788318872 6.012314609 -3.485640051 -0.857145521 -0.315846771 0.740161127 -0.559337373 0.198856800
1403637182.038319111 6.335897985 -3.148955693 -0.731986069 -0.308309210 0.740037540 -0.561116746 0.206004534
1403637182.238319159 6.580370200 -2.872793220 -0.648036148 -0.300374424 0.732855839 -0.568307452 0.222989156
1403637182.488318920 6.842118255 -2.518529114 -0.561871164 -0.294030283 0.721565409 -0.577860750 0.242830203
1403637182.838319063 7.085866199 -1.980952970 -0.412383198 -0.296097099 0.718632720 -0.579428261 0.245268042
1403637183.288318872 7.191672693 -1.236888917 -0.361520544 -0.272240839 0.728049315 -0.566229125 0.274251158
1403637183.788318872 6.951694582 -0.454717639 -0.487652042 -0.259841161 0.738612476 -0.550741870 0.289167036
1403637184.188318968 6.454892079 0.039442386 -0.543180659 -0.254212842 0.758322222 -0.524014699 0.292799989
1403637184.488318920 5.942334160 0.284661917 -0.600117675 -0.290285360 0.758102097 -0.531696413 0.241484044
1403637184.738319159 5.500976992 0.444484570 -0.685537686 -0.305346587 0.771987411 -0.510795458 0.223353752
1403637185.038319111 5.010767067 0.564055767 -0.732815739 -0.313147067 0.779553876 -0.498646179 0.213510322
1403637185.338319063 4.585842780 0.587084534 -0.705156158 -0.317729020 0.784743234 -0.491134910 0.204970307
1403637185.938319206 3.994997161 0.378067818 -0.503447995 -0.317228388 0.758861893 -0.532517092 0.199800709
1403637186.988318920 3.326399248 -0.089885241 -0.105924671 -0.280911007 0.769372268 -0.519275805 0.243942529
1403637187.438319206 2.990005735 -0.386225723 -0.080655230 -0.288008608 0.776797000 -0.520437447 0.206838887
1403637187.888319016 2.681308274 -0.795028313 -0.110680727 -0.283988656 0.789360497 -0.509361488 0.191862773
1403637188.788318872 2.366467808 -1.843827881 -0.302567058 -0.238021865 0.771932337 -0.556678961 0.193841668
1403637189.138319016 2.233381984 -2.234580914 -0.421642455 -0.213353706 0.793396328 -0.547425615 0.159146656
1403637189.938319206 1.874566567 -3.200291785 -0.615367390 -0.215868603 0.781557721 -0.564696797 0.153901922
1403637190.638319016 1.528590335 -3.922372738 -0.445018493 -0.214310288 0.774688589 -0.576691140 0.146136987
1403637191.788318872 0.920471724 -4.678741584 -0.428434823 -0.258460577 0.771096506 -0.559461816 0.160033699
1403637192.688318968 0.790536262 -4.954121173 -0.123432423 -0.259243653 0.793261599 -0.532221341 0.142369970
1403637193.338319063 1.071049141 -5.204745106 0.077248865 -0.238404908 0.799559991 -0.522324580 0.176192945
1403637193.988318920 1.443662098 -5.626267941 0.233445049 -0.261749236 0.777403591 -0.552831500 0.146657174
1403637194.788318872 2.108610705 -6.083909089 0.317339851 -0.257878991 0.785634944 -0.543024627 0.146288810
1403637195.188318968 2.522470086 -6.304722712 0.365807353 -0.249758399 0.773078458 -0.562316753 0.154176229
1403637195.738319159 3.101794791 -6.536593433 0.378489507 -0.266161632 0.761177949 -0.565978300 0.171565380
1403637196.238319159 3.624962921 -6.619403312 0.445343676 -0.301749591 0.726067797 -0.602682742 0.136184619
1403637196.538319111 3.984278174 -6.515924006 0.434744841 -0.300765551 0.712441573 -0.620188373 0.131656636
1403637196.888319016 4.429777239 -6.190356569 0.368951913 -0.287486457 0.721380176 -0.613358096 0.144062575
1403637197.088319063 4.685359536 -5.919190173 0.317785022 -0.278743522 0.728037442 -0.603713487 0.166714003
1403637197.338319063 4.988082134 -5.507785715 0.281141913 -0.309734239 0.730612338 -0.572838065 0.205248299
1403637197.538319111 5.209595865 -5.147870213 0.284549315 -0.367912123 0.713909044 -0.544301088 0.242303264
1403637197.688318968 5.365648768 -4.869473744 0.302606776 -0.422844124 0.687982016 -0.523939044 0.270871685
1403637197.838319063 5.514596217 -4.588396713 0.336070027 -0.473168718 0.651480772 -0.512736068 0.297969617
1403637197.988318920 5.655233420 -4.297073725 0.384982655 -0.515046802 0.617319658 -0.500815110 0.320667206
1403637198.138319016 5.782351155 -3.989631215 0.451845128 -0.546286271 0.588712308 -0.486065825 0.344570952
1403637198.338319063 5.933287212 -3.554437840 0.567532726 0.582867538 -0.552753955 0.466515170 -0.370259497
1403637198.538319111 6.064450750 -3.096582167 0.672030777 0.605658023 -0.516581166 0.467258693 -0.384696727
1403637198.788318872 6.193736918 -2.487568951 0.710450470 0.611317995 -0.501402137 0.470506451 -0.391803376
1403637199.038319111 6.268101013 -1.826017721 0.667411750 0.589591254 -0.502122273 0.465359946 -0.428597127
1403637199.288318872 6.256299117 -1.130490844 0.640473651 0.604709917 -0.495752283 0.432148461 -0.449225220
1403637199.488318920 6.187551260 -0.575136745 0.651684541 0.629954982 -0.461035243 0.412728378 -0.469317070
1403637199.688318968 6.070266146 -0.029938110 0.653466581 -0.650551330 0.425900246 -0.381166023 0.500104399
1403637199.838319063 5.950461990 0.366426144 0.625941778 -0.660084601 0.401686526 -0.342969109 0.534142719
1403637199.988318920 5.809869607 0.741951792 0.554269928 -0.661969719 0.371193322 -0.296753876 0.579610857
1403637200.138319016 5.645002006 1.072888833 0.465877625 -0.667026469 0.326511487 -0.258834617 0.617633046
1403637200.338319063 5.384286434 1.418936014 0.326552172 -0.709885055 0.268313160 -0.232505242 0.608286585
1403637200.538319111 5.089370117 1.681838907 0.203511818 -0.752081243 0.247787788 -0.209501493 0.573658558
1403637200.938319206 4.513561913 2.121725803 0.079961018 -0.748343791 0.274155505 -0.187327324 0.574220169
1403637201.638319016 3.640744475 2.495525847 0.088098767 -0.721819140 0.380150836 -0.168656561 0.553188427
1403637202.388319016 3.280704221 2.209331736 0.090372928 -0.752269111 0.366028166 -0.206806684 0.507292382
1403637203.188318968 3.455636941 1.671450417 0.161466742 -0.746484730 0.329886633 -0.254712729 0.518706837
1403637204.838319063 3.576945221 1.073360204 0.081674716 -0.736812701 0.344493405 -0.262379715 0.519218859
1403637208.938319206 2.786181829 0.681950061 0.241483466 -0.740606464 0.331630876 -0.258830604 0.523955863
1403637209.588319063 2.607566532 0.631385170 0.197440495 -0.782762618 0.297591945 -0.216791826 0.501720064
1403637210.438319206 2.648657538 1.053335841 0.167305976 0.821777289 -0.304279129 0.187049214 -0.443969471
1403637210.838319063 2.935655535 1.599456398 0.052709374 0.797858851 -0.300786708 0.188870189 -0.487110522
1403637211.238319159 3.343019351 2.241804278 -0.107483466 -0.770003018 0.303643767 -0.192756888 0.527011003
1403637211.788318872 3.981979307 3.072924800 -0.367535957 -0.768202880 0.309975527 -0.195050461 0.525104585
1403637212.338319063 4.692263554 3.815237097 -0.425096701 -0.752135029 0.298623980 -0.217343481 0.545782400
1403637212.988318920 5.484754304 4.564921382 -0.305289389 -0.768459849 0.299144736 -0.223640209 0.519583434
1403637213.638319016 6.250270189 5.322599107 -0.231991053 -0.765597089 0.287527620 -0.230497477 0.527313832
1403637214.388319016 6.932717215 6.253838273 -0.290106852 -0.767077322 0.236000945 -0.211082148 0.557978730
1403637214.638319016 7.058315058 6.556316610 -0.249545918 -0.777403229 0.165010920 -0.204256095 0.571572448
1403637214.988318920 7.085421838 6.956758034 -0.148686311 -0.778826503 0.121188250 -0.199498114 0.582188276
1403637215.438319206 6.827154057 7.403688137 -0.091020425 -0.764642261 0.120784240 -0.168726982 0.610134891
1403637215.638319016 6.617625749 7.543386928 -0.077046210 -0.761078249 0.096467101 -0.132688459 0.627572920
1403637215.938319206 6.232575904 7.647850880 -0.020942091 -0.790349943 0.039081640 -0.073245896 0.607004639
1403637216.188318968 5.884739675 7.672428480 0.064576834 -0.798404425 0.009050579 -0.027893320 0.601407037
1403637216.488318920 5.482475302 7.656758361 0.130820281 -0.789003857 -0.002474466 -0.007243419 0.614340560
1403637216.938319206 4.943021827 7.491658000 0.167020076 -0.767002201 0.007233958 -0.007926083 0.641554729
1403637217.488318920 4.428489571 6.938874251 0.209135835 -0.783572948 0.046976959 0.022233033 0.619122195
1403637217.888319016 4.212540811 6.360637456 0.157252682 -0.772967031 -0.038826637 0.008037242 0.633206020
1403637218.338319063 3.999675769 5.521539873 0.160965291 -0.782412772 -0.092824020 0.041550646 0.614400114
1403637218.688318968 3.841280163 4.790143780 0.136602614 -0.785635305 -0.095065834 0.040377940 0.610007604
1403637219.038319111 3.676009723 4.017967992 0.079878035 -0.792582793 -0.101161203 0.019382223 0.601001878
1403637219.388319016 3.465060176 3.216222907 -0.026595265 -0.796428275 -0.096737322 0.020095235 0.596607136
1403637219.638319016 3.280727747 2.626742410 -0.055276773 -0.816100480 -0.090114938 0.025639622 0.570264775
1403637219.988318920 2.992764966 1.860907386 -0.023854828 -0.825689274 -0.086428242 0.027049802 0.556808486
1403637220.338319063 2.670249411 1.210325505 0.105418092 -0.825314474 -0.078131044 0.037668492 0.557971902
1403637220.638319016 2.401529022 0.721917140 0.244001569 -0.818841659 -0.063805554 0.053022242 0.567992808
1403637220.988318920 2.133685899 0.210627764 0.337282272 -0.822521123 -0.063192648 0.049368078 0.563052826
1403637221.338319063 1.916989662 -0.220706833 0.358376314 -0.831050816 -0.031783728 0.020073908 0.554924656
1403637221.838319063 1.664920981 -0.684199600 0.279935150 -0.834192698 0.004151074 0.001019855 0.551456500
1403637222.238319159 1.534185209 -0.904114256 0.146130720 -0.831942342 0.067585346 -0.040807626 0.549216623
1403637222.738319159 1.445064461 -1.065918968 -0.008955455 -0.810160941 0.107113470 -0.076836022 0.571193644
1403637226.238319159 1.199027130 -1.175846648 0.154173642 -0.803673224 0.078536740 -0.079786549 0.584444553
1403637227.088319063 0.904596483 -1.205802751 0.169780810 -0.817765119 0.096519037 -0.057486881 0.564481660
1403637229.438319206 0.607560080 -1.118600041 0.121014931 -0.808668483 0.099722515 -0.089150399 0.572855052
1403637229.688318968 0.563212340 -1.155778906 0.076560894 -0.812738780 0.174652575 -0.088534861 0.548738310
1403637229.938319206 0.569688906 -1.179978341 0.019408365 -0.791525338 0.222116484 -0.160843168 0.546151428
1403637230.188318968 0.587912695 -1.194818756 -0.035153592 -0.774615923 0.280518391 -0.204951627 0.528464223
1403637230.888319016 0.620399888 -1.174038191 0.040511555 -0.730515869 0.366348671 -0.255308659 0.516674662
1403637231.088319063 0.636865889 -1.182985914 0.073074399 0.713639069 -0.423380378 0.275496328 -0.485355651
1403637231.288318872 0.676812892 -1.198944006 0.060294222 0.675673628 -0.484996022 0.309527505 -0.460908593
1403637231.488318920 0.737642084 -1.225332984 -0.015088958 0.621630428 -0.547772867 0.349425491 -0.437518369
1403637231.688318968 0.811600770 -1.273392515 -0.148134908 -0.566584399 0.609705589 -0.384307462 0.399435838
1403637231.888319016 0.903061500 -1.348091252 -0.269869187 -0.515236128 0.654137264 -0.416913810 0.364443475
1403637232.188318968 1.070183076 -1.512510076 -0.372163525 -0.433247810 0.692763606 -0.463223260 0.343218782
1403637232.538319111 1.228226852 -1.782952075 -0.404173110 -0.361181495 0.726327699 -0.503835319 0.296893873
1403637232.788318872 1.297924657 -2.015879326 -0.389160574 -0.301863048 0.773770027 -0.490261217 0.264201790
1403637233.038319111 1.337031914 -2.314364388 -0.344118191 -0.284799866 0.798823977 -0.481810088 0.220518320
1403637233.538319111 1.469206781 -3.129378266 -0.274218070 -0.317331141 0.804044285 -0.471775590 0.173900912
1403637233.988318920 1.817372934 -3.960063704 -0.414870441 -0.374953730 0.722829631 -0.568846237 0.115503174
1403637234.588319063 2.786607380 -4.452358180 -0.698600039 -0.361638441 0.704027532 -0.589217560 0.162436261
1403637234.788318872 3.183779564 -4.437214652 -0.816995013 -0.365938835 0.698675043 -0.576711907 0.212944430
1403637234.988318920 3.567226049 -4.363171827 -0.938970005 -0.379530340 0.692318516 -0.554443783 0.263142330
1403637235.238319159 4.001764144 -4.222850022 -1.059241635 -0.421514872 0.668042235 -0.538861665 0.292699318
1403637235.688318968 4.679272114 -3.871376307 -1.176497859 -0.482195786 0.664788111 -0.484490315 0.301352164
1403637235.888319016 4.978071164 -3.691634376 -1.176419764 -0.508792384 0.623125646 -0.504377811 0.313763866
1403637236.088319063 5.266645036 -3.469675137 -1.149614593 -0.544540482 0.585424794 -0.508982523 0.318889111
1403637236.288318872 5.535717665 -3.182202152 -1.091012959 0.575388346 -0.557836004 0.496394598 -0.333675962
1403637236.488318920 5.781370028 -2.826768708 -1.003183826 0.594749763 -0.538489457 0.473830306 -0.363024332
1403637236.688318968 6.008963830 -2.424994255 -0.912134725 0.599224259 -0.525765936 0.463848676 -0.386451646
1403637236.838319063 6.158499851 -2.098938082 -0.850239023 0.598633614 -0.509396202 0.462185677 -0.410533440
1403637236.988318920 6.278595047 -1.754202507 -0.776106233 0.593592503 -0.486595147 0.460770955 -0.445604343
1403637237.138319016 6.355179485 -1.400361440 -0.690668230 0.582065530 -0.465074880 0.460915021 -0.482143565
1403637237.338319063 6.367162184 -0.930619123 -0.559610605 -0.589431943 0.449108132 -0.436601116 0.510148347
1403637237.538319111 6.279036564 -0.486517065 -0.404921223 -0.600256874 0.441675711 -0.414499893 0.522306510
1403637237.738319159 6.097912783 -0.080849814 -0.223622738 -0.600756334 0.444043658 -0.393669390 0.535669177
1403637238.038319111 5.695999501 0.426350692 0.019944916 -0.596435351 0.486868107 -0.364736623 0.523632996
1403637238.338319063 5.219641492 0.783085993 0.206670824 -0.550058880 0.578621398 -0.342525508 0.495286566
1403637238.588319063 4.809724053 0.922353806 0.326774240 -0.482587111 0.650029522 -0.356631756 0.466245741
1403637238.788318872 4.469823677 0.916675343 0.395630727 -0.460070196 0.705415500 -0.334187181 0.423135104
1403637238.938319206 4.228084573 0.834532528 0.439778538 -0.461108811 0.738178431 -0.305325665 0.386325649
1403637239.138319016 3.967747730 0.599900101 0.504544646 -0.475226620 0.746033864 -0.313559707 0.345359877
1403637239.488318920 3.711272520 -0.067978359 0.617370894 -0.446095374 0.736830144 -0.395415019 0.318947047
1403637239.788318872 3.594108934 -0.776404092 0.580445086 -0.380001341 0.750925883 -0.458900207 0.284815553
1403637240.038319111 3.523634886 -1.413158060 0.459675542 -0.320647626 0.747012967 -0.528872773 0.243824357
1403637240.288318872 3.439207354 -2.033873036 0.301148000 -0.261330747 0.770500636 -0.547037667 0.196938575
1403637240.488318920 3.363812621 -2.511694485 0.170203058 -0.246541352 0.796145645 -0.530656876 0.154184151
1403637240.888319016 3.284061870 -3.466657790 0.015093084 -0.245072931 0.784466164 -0.553234336 0.135955381
1403637241.338319063 3.308537760 -4.465815140 -0.112154315 -0.261807491 0.771173907 -0.563819817 0.137312989
1403637241.688318968 3.407882016 -5.130249137 -0.232174940 -0.281841997 0.750573680 -0.584619090 0.124196454
1403637242.088319063 3.627618665 -5.664686361 -0.272130373 -0.259759487 0.732882997 -0.607756495 0.161367791
1403637242.938319206 4.149462457 -5.867877442 -0.239473767 -0.301710104 0.711209501 -0.607952317 0.183155779
1403637243.438319206 4.464684138 -5.416506091 -0.204408913 -0.321634763 0.723567450 -0.579780113 0.191979804
1403637243.838319063 4.693031090 -4.889450183 -0.180321532 -0.305352151 0.753462913 -0.542796040 0.210775144
1403637244.338319063 4.927510705 -4.267462140 0.032743921 -0.291643501 0.765332904 -0.532776980 0.212974892
1403637244.788318872 5.099194625 -3.812849404 0.299982997 -0.348367667 0.751603346 -0.520589746 0.206685013
1403637245.188318968 5.314367358 -3.469883590 0.450525640 -0.358750281 0.764145774 -0.482639934 0.233319879
1403637245.638319016 5.655272761 -3.220165335 0.525584397 -0.387302192 0.740562484 -0.499684635 0.227770685
1403637245.888319016 5.894067430 -3.099943159 0.529364906 -0.420159065 0.707272267 -0.502491328 0.265960083
1403637246.088319063 6.092685042 -2.997572432 0.507455835 -0.465507190 0.665937822 -0.493618288 0.310114268
1403637246.288318872 6.281716564 -2.883827769 0.464452038 -0.524176827 0.616188901 -0.466856843 0.357203836
1403637246.488318920 6.457980479 -2.762426409 0.404687464 0.587440542 -0.550280522 0.441166177 -0.396834174
1403637246.638319016 6.578293193 -2.663906272 0.350130507 0.622232879 -0.498915339 0.424391774 -0.428720598
1403637246.788318872 6.679688189 -2.553332181 0.295722229 0.648782742 -0.451704001 0.404655718 -0.459671838
1403637246.988318920 6.768809927 -2.388427357 0.242415048 0.686966633 -0.406805398 0.365371311 -0.478633491
1403637247.288318872 6.838937736 -2.115132284 0.181308316 0.716117445 -0.395405930 0.318445798 -0.478980405
1403637247.588319063 6.871458565 -1.821200875 0.096462697 -0.694544085 0.379862154 -0.332144020 0.512829024
1403637247.988318920 6.765908994 -1.427920657 -0.024860692 -0.712726891 0.332274858 -0.318637690 0.529229459
1403637248.288318872 6.558896071 -1.126495390 -0.067677539 -0.743825042 0.315064321 -0.268929157 0.524533973
1403637248.638319016 6.272000553 -0.774626548 -0.156668763 -0.740824429 0.303888061 -0.262810273 0.538295432
1403637249.288318872 5.626429556 -0.142059371 -0.118406276 -0.744536695 0.324642597 -0.264968039 0.519677046
1403637249.688318968 5.191003654 0.267905039 -0.110977579 -0.740473085 0.325971258 -0.266834924 0.523680697
1403637249.988318920 4.841005699 0.574941735 -0.159454565 -0.739004462 0.309359961 -0.257063219 0.540451035
1403637250.338319063 4.401798981 0.905059992 -0.162485008 -0.754613068 0.294931384 -0.207603205 0.548156461
1403637250.738319159 3.954776610 1.220263135 -0.203429705 -0.766075939 0.287207120 -0.180243126 0.546033095
1403637251.288318872 3.517557020 1.547570700 -0.098998939 -0.772875267 0.276684207 -0.153930537 0.549922777
1403637251.638319016 3.350880211 1.689606846 0.044992735 -0.779652929 0.226189769 -0.152375402 0.563703145
1403637252.138319016 3.185048376 1.820426164 0.158611150 -0.775097770 0.187659168 -0.155005292 0.583078762
1403637254.588319063 2.641398734 1.451027933 0.227353418 -0.799388622 0.160073486 -0.137603097 0.562511954
1403637255.388319016 2.356024119 1.221627063 0.248434718 -0.794451954 0.132281739 -0.109082554 0.582622203
1403637255.838319063 2.150526886 1.045662184 0.242094585 -0.809385150 0.065376380 -0.072494111 0.579108118
1403637256.238319159 1.949690777 0.883696001 0.309194047 -0.811776310 0.016605549 -0.042051366 0.582215734
1403637256.888319016 1.580465011 0.625393194 0.300373674 -0.818947692 0.035449870 -0.022223897 0.572340879
1403637257.388319016 1.312805263 0.430418564 0.299608365 -0.814889516 -0.004996166 -0.019267607 0.579274438
1403637257.888319016 1.031061824 0.258701872 0.307905108 -0.827527701 -0.020134896 -0.003971710 0.561049655
1403637258.138319016 0.882284314 0.201653162 0.277223130 -0.826701041 -0.047345318 0.022669253 0.560187392
1403637258.388319016 0.735505909 0.173659217 0.270539320 -0.811760768 -0.086401414 0.041611204 0.576062287
1403637258.688318968 0.563776304 0.153834532 0.228073908 -0.810456167 -0.092756555 0.065550975 0.574682602
1403637259.488318920 0.236757774 0.124412858 0.220647344 -0.805922047 -0.076711830 0.077413523 0.581903854
1403637260.488318920 0.186193837 0.054200810 0.135391496 -0.806613653 -0.101989943 0.041414318 0.580738599
1403637261.038319111 0.148304994 0.014759619 0.013698669 -0.805330732 -0.097467624 0.051449693 0.582490689
1403637261.338319063 0.108279455 -0.004897046 -0.047602747 -0.818828326 -0.099011770 0.049311331 0.563280778
1403637261.938319206 0.012785410 0.019748668 -0.054980436 -0.810036512 -0.093767684 0.052972856 0.576404673
1403637262.388319016 -0.033462162 0.047203909 -0.101368358 -0.791256351 -0.081948441 0.062113632 0.602776689
1403637262.488318920 -0.025902750 0.045973626 -0.108298320 -0.804239816 -0.050016820 0.052359862 0.589877174
