1403636579.763555527 -0.065669633 0.001566071 -0.020801580 -0.807765519 0.007508874 0.007524392 0.589408065
1403636579.963555574 -0.068065860 0.002921758 -0.105503939 -0.814865708 0.008575665 0.001432074 0.579584579
1403636580.213555574 -0.073084810 -0.003413474 -0.233386702 -0.823652200 0.012955818 0.006207394 0.566913282
1403636580.413555384 -0.077795991 -0.013371464 -0.309235491 -0.834786964 0.007792932 0.003797044 0.550504839
1403636580.613555431 -0.081294839 -0.018747709 -0.315324323 -0.849165799 0.006560763 0.006969009 0.528039616
1403636580.813555479 -0.080639777 -0.008850377 -0.202733186 -0.839931938 0.003956546 -0.003170570 0.542668069
1403636580.963555574 -0.082286847 0.005433043 -0.088867268 -0.827168944 0.004261852 -0.018849550 0.561620930
1403636581.163555622 -0.083041864 0.014780788 0.046259908 -0.811041609 0.007295124 -0.017359789 0.584685323
1403636581.413555384 -0.078770888 0.015664981 0.120843746 -0.792526298 0.009687989 -0.019632243 0.609444653
1403636581.663555622 -0.074402152 0.008422358 0.012262232 -0.807899430 0.009864958 -0.021364731 0.588850357
1403636581.863555670 -0.068237355 0.003091279 -0.120804417 -0.813237720 0.007091649 -0.015529772 0.581681137
1403636582.013555527 -0.068819268 -0.006095415 -0.217349485 -0.824354302 0.012448282 -0.014194274 0.565759266
1403636582.163555622 -0.071431685 -0.013861403 -0.281330133 -0.838184714 0.011363229 -0.014138111 0.545084742
1403636582.513555527 -0.082381587 -0.006729626 -0.175671274 -0.831040104 0.007880568 -0.011936612 0.556028560
1403636582.713555574 -0.081074393 0.002210443 -0.044980249 -0.823649576 0.011042762 -0.020358381 0.566625953
1403636582.913555384 -0.072317548 0.012821645 0.084864690 -0.810087577 0.026196842 -0.025845121 0.585152863
1403636583.113555431 -0.064948370 0.015561541 0.151103050 -0.795341889 0.027576506 -0.030597557 0.604759956
1403636583.563555479 -0.056065405 0.011833460 -0.066173347 -0.807840037 0.016260183 -0.030498630 0.588387554
1403636583.813555479 -0.055599288 0.000933213 -0.228006028 -0.834301528 0.022211046 -0.019641264 0.550510536
1403636584.013555527 -0.056828057 -0.009843887 -0.302879858 -0.843926994 0.013595631 -0.020643164 0.535888280
1403636584.363555670 -0.064079730 -0.002314171 -0.197332329 -0.841053176 0.005944559 -0.016240043 0.540675946
1403636584.563555479 -0.061258596 0.018120093 -0.057232331 -0.831375696 0.007281564 -0.028655330 0.554923692
1403636584.813555479 -0.060859243 0.030713047 0.109910305 -0.803071834 0.018528599 -0.040050349 0.594245985
1403636585.613555431 -0.048594057 0.021532544 -0.086517065 -0.821594441 0.013289554 -0.041810844 0.568381752
1403636585.913555384 -0.051898089 -0.017603280 -0.134759974 -0.848787090 0.012452053 -0.008173875 0.528524937
1403636586.163555622 -0.055231744 -0.032648539 -0.127703296 0.876511661 -0.032447481 0.020694861 -0.479839756
1403636586.513555527 -0.061309761 -0.066899433 -0.115325261 0.906598777 -0.044149192 0.017578410 -0.419309558
1403636587.613555431 0.073928754 -0.031021731 -0.105474297 0.908018725 -0.037822750 0.007721637 -0.417147230
1403636587.913555384 0.185406944 -0.016184993 -0.102832791 0.902010256 -0.058167090 0.016356894 -0.427465249
1403636588.213555574 0.266117547 -0.012014506 -0.116701327 0.909490090 -0.069548740 0.026261005 -0.409024581
1403636588.963555574 0.158452784 -0.032085904 -0.111929390 0.908722544 -0.059442597 0.012582754 -0.412954707
1403636589.263555527 0.025368718 -0.046626330 -0.098311325 0.904891816 -0.044543665 0.004055138 -0.423285032
1403636589.563555479 -0.119005121 -0.058822240 -0.096290083 0.907052898 -0.030659256 -0.000910019 -0.419897871
1403636589.863555670 -0.253563419 -0.071966592 -0.104257864 0.908038299 -0.017507027 -0.010534163 -0.418388555
1403636590.163555622 -0.333029368 -0.080916585 -0.109287706 0.905691089 -0.004097130 -0.028387492 -0.422966920
1403636590.713555574 -0.219623440 -0.090170981 -0.096670112 0.903682326 -0.013406911 -0.004939739 -0.427965078
1403636590.963555574 -0.105329620 -0.085080040 -0.099186423 0.908322723 -0.024044640 -0.002676427 -0.417569782
1403636591.313555479 0.044695515 -0.069155642 -0.107039534 0.908899953 -0.029923633 -0.004290064 -0.415917116
1403636591.663555622 0.118348819 -0.045457998 -0.133386417 0.900368214 -0.051161224 0.016889164 -0.431780460
1403636591.963555574 0.139081147 -0.020234312 -0.137790113 0.877664181 -0.071686206 0.041223268 -0.472088249
1403636592.413555384 0.186564033 0.073901030 -0.140934624 0.891556772 -0.100480038 0.042869304 -0.439536696
1403636592.663555622 0.154963603 0.153021942 -0.139015009 0.887387204 -0.066519179 0.022194653 -0.455660560
1403636592.863555670 0.083364974 0.197931697 -0.139811185 0.888589173 -0.025341414 -0.008041678 -0.457932774
1403636593.063555479 -0.028325047 0.193955492 -0.143804117 0.892828125 0.019728350 -0.047125578 -0.447490684
1403636593.263555527 -0.149282680 0.132764121 -0.139083409 0.891490151 0.052825115 -0.084300697 -0.441982138
1403636593.413555384 -0.212932370 0.064401032 -0.136940811 0.892836703 0.063292934 -0.095502702 -0.435563842
1403636593.613555431 -0.233815731 -0.031551040 -0.144638218 0.898157202 0.050992609 -0.087134840 -0.427926294
1403636593.813555479 -0.189130338 -0.113895212 -0.155502982 0.906579250 0.004282464 -0.062561308 -0.417350938
1403636593.963555574 -0.121223357 -0.153862836 -0.158849424 0.902141277 -0.048593994 -0.029489213 -0.427679934
1403636594.113555431 -0.039619676 -0.172263960 -0.157835922 0.894202300 -0.096535474 0.008333142 -0.437051151
1403636594.313555479 0.076020915 -0.143785227 -0.161462509 0.890347006 -0.137214406 0.044287028 -0.431848440
1403636594.563555479 0.201377170 -0.039747452 -0.166049316 0.880637196 -0.140858803 0.068457709 -0.447158214
1403636594.863555670 0.190676109 0.093777647 -0.170482717 0.876610140 -0.113881853 0.047799791 -0.465081461
1403636595.013555527 0.099236804 0.128812750 -0.174544306 0.878298833 -0.066949219 0.020197099 -0.472970441
1403636595.163555622 -0.017800539 0.133902402 -0.179250556 0.882643099 -0.015770894 -0.015966268 -0.469507740
1403636595.313555479 -0.117462596 0.110438812 -0.183080042 0.885248657 0.023556717 -0.051578478 -0.461648738
1403636595.463555574 -0.169481909 0.069692286 -0.186701168 0.886083126 0.044524429 -0.067414458 -0.456431331
1403636595.713555574 -0.128967371 -0.010578384 -0.192177909 0.891326571 0.041787246 -0.059615609 -0.447478210
1403636595.863555670 -0.048401508 -0.052340299 -0.202290557 0.893234244 0.016473555 -0.028204450 -0.448403520
1403636596.013555527 0.031292357 -0.093547840 -0.210176790 0.895242594 -0.021434117 0.002886384 -0.445053867
1403636596.163555622 0.073831813 -0.142002386 -0.212573838 0.896727855 -0.054533481 0.024291484 -0.438537543
1403636596.563555479 -0.038080809 -0.282269597 -0.175091243 0.889190884 -0.061408075 0.029948341 -0.452406583
1403636597.163555622 -0.047705859 -0.160086974 -0.180721124 0.895927658 -0.040864526 0.035043795 -0.440925906
1403636597.413555384 -0.010748830 0.003801521 -0.171800396 0.895887872 -0.006360753 0.015099963 -0.443977987
1403636597.663555622 -0.025303460 0.112664311 -0.169299516 0.887979441 0.036831334 -0.019848770 -0.457975972
1403636597.863555670 -0.071451800 0.099053170 -0.171577041 0.878840997 0.062560344 -0.042214274 -0.471107907
1403636598.113555431 -0.103018240 -0.001109532 -0.181354646 0.882547224 0.079019598 -0.043396692 -0.461500842
1403636598.313555479 -0.096786879 -0.074850605 -0.203762069 0.898654384 0.076508112 -0.033071635 -0.430665850
1403636598.563555479 -0.067918538 -0.069334854 -0.240613044 0.898155247 0.075730971 -0.022342245 -0.432530688
1403636598.863555670 -0.041169462 0.029018948 -0.288574647 0.868782698 0.088464849 -0.050456834 -0.484607782
1403636599.063555479 -0.028999204 0.080992347 -0.333389735 -0.850316287 -0.087615820 0.056246741 0.515870123
1403636599.263555527 -0.024565091 0.112877592 -0.356919852 -0.820277740 -0.084822591 0.069729593 0.561326412
1403636599.713555574 -0.019573590 0.148400897 -0.396872423 -0.809172463 -0.066969118 0.055639623 0.581084585
1403636624.813555479 0.029517707 0.121115387 -0.401140114 -0.807502820 -0.062062030 0.038344451 0.585335120
1403636625.113555431 0.071705032 0.080943728 -0.364095852 -0.825880840 -0.083320706 0.012196962 0.557521061
1403636625.413555384 0.079116440 0.065828400 -0.299361457 -0.822343757 -0.075023667 0.028859708 0.563284397
1403636625.963555574 0.053368959 0.120408941 -0.210608413 -0.809511817 -0.077233428 0.035760888 0.580901692
1403636626.213555574 0.032922622 0.153559839 -0.096489250 -0.806663198 -0.066384225 0.053305917 0.584847074
1403636627.863555670 0.174613280 0.123665506 -0.027326657 -0.825363744 -0.053001404 0.022065778 0.561674855
1403636628.563555479 0.258235277 0.193670541 0.066162460 -0.810024101 -0.019863247 0.021167411 0.585677683
1403636629.113555431 0.393627591 0.245796399 0.091805915 -0.823978925 -0.010466097 -0.007594248 0.566472876
1403636629.563555479 0.524249295 0.333806892 0.110141172 -0.814456302 0.038315940 -0.021720486 0.578550812
1403636629.813555479 0.619468373 0.387593023 0.065099105 -0.823622101 0.076016410 -0.055809679 0.559243615
1403636630.113555431 0.751429257 0.482524342 0.014978377 -0.817639319 0.115662362 -0.088898512 0.556942741
1403636630.563555479 0.953016633 0.653031754 0.065959082 -0.807632319 0.121029655 -0.104727433 0.567550901
1403636631.763555527 1.402944636 1.136167706 0.029974795 -0.808361049 0.103563252 -0.096105024 0.571481313
1403636633.063555479 1.686304087 1.663531217 -0.057368948 -0.818298544 0.027465717 -0.042760132 0.572542311
1403636634.163555622 1.903552664 2.311119456 -0.126283339 -0.823916806 0.032341561 -0.014974302 0.565588976
1403636634.713555574 2.076271455 2.712680199 -0.108340142 -0.811697825 0.003146088 -0.027055003 0.583442174
1403636635.463555574 2.249094195 3.217408270 -0.104978297 -0.824057786 -0.017722771 -0.000304047 0.566228378
1403636636.163555622 2.439971755 3.754262941 0.036413694 -0.825809793 -0.010462341 0.000549961 0.563851419
1403636636.563555479 2.583290286 4.065525541 0.172373329 -0.800553022 -0.022491186 -0.015795080 0.598631373
1403636637.813555479 2.720467544 4.693564500 0.196763556 -0.819097297 -0.027229270 -0.002742562 0.573001452
1403636638.963555574 2.769730249 5.282989283 0.190253719 -0.821699140 -0.024263684 0.009679265 0.569322500
1403636639.713555574 2.968042363 5.819116156 0.098078670 -0.814782188 -0.036775142 -0.005508003 0.578573450
1403636640.413555384 3.143630577 6.268917713 0.086955698 -0.809162674 -0.058467714 0.016857722 0.584425454
1403636642.263555527 3.464233311 6.941793391 0.055194360 -0.807959368 -0.038234330 0.005063975 0.587974619
1403636642.863555670 3.548206653 7.026799521 0.007252303 -0.822866335 -0.009266351 -0.010963008 0.568053644
1403636644.513555527 3.843156824 7.569654665 0.053054581 -0.811720832 0.003982223 0.017276831 0.583776451
1403636645.063555479 4.061171763 7.842795592 -0.140334191 -0.823918237 -0.012073246 -0.011654919 0.566460182
1403636645.313555479 4.162972768 7.972055700 -0.192669644 -0.843407080 -0.009303297 -0.011092648 0.537079974
1403636646.013555527 4.418602877 8.546457135 -0.235674692 -0.825510850 -0.001960588 -0.011560772 0.564264424
1403636646.463555574 4.622339858 8.974991453 -0.174883780 -0.800987871 0.089990845 -0.056797809 0.589146915
1403636646.963555574 4.876664250 9.338893915 -0.076773234 -0.795581840 0.125525954 -0.103273874 0.583632828
1403636647.913555384 5.344237212 9.774812456 0.017105218 -0.794418529 0.131554218 -0.102010699 0.584111724
1403636648.213555574 5.506717715 9.848870377 -0.002296549 -0.785681721 0.180953458 -0.138862498 0.575045464
1403636648.463555574 5.649567131 9.876501168 -0.052873125 -0.770568196 0.237374124 -0.178504885 0.563927467
1403636648.763555527 5.812422255 9.873519940 -0.111385616 -0.758903601 0.283858349 -0.213010586 0.546000231
1403636649.813555479 6.305534298 9.866208924 0.178031388 -0.747227280 0.289656482 -0.225828249 0.553852071
1403636650.363555670 6.498177749 9.765219357 0.253175904 -0.724074762 0.341081616 -0.266556190 0.536960770
1403636650.613555431 6.563222655 9.688659345 0.222952240 -0.708053179 0.390922563 -0.294523586 0.509014835
1403636652.063555479 6.673917560 9.200185141 0.249844490 -0.663073750 0.441462193 -0.325184729 0.509606933
1403636652.263555527 6.662833279 9.082982759 0.219798411 0.641742932 -0.486222911 0.359848055 -0.471447418
1403636652.463555574 6.647889636 8.961535504 0.180812063 0.617315194 -0.535879925 0.380705032 -0.432224867
1403636652.713555574 6.636461786 8.816462854 0.151664930 0.604313759 -0.567257205 0.388771201 -0.402344501
1403636653.813555479 6.805625209 8.296252247 0.209017779 0.598009312 -0.531234962 0.412310339 -0.436089970
1403636654.463555574 6.793885489 8.044337628 0.204166138 0.574658371 -0.563904211 0.424629934 -0.414088417
1403636654.763555527 6.754238339 7.921849936 0.248660163 -0.546945074 0.599978700 -0.437655746 0.386437697
1403636655.613555431 6.568724444 7.634732972 0.200753488 -0.497540718 0.628321666 -0.468009088 0.372334006
1403636655.913555384 6.448228774 7.532121342 0.149185171 -0.471077373 0.665794395 -0.466067858 0.342906231
1403636656.263555527 6.313772881 7.375903329 0.077759749 -0.441182925 0.687527098 -0.482713852 0.315676185
1403636656.963555574 6.099398622 7.019895604 0.147060778 -0.437952710 0.666009632 -0.507732238 0.326858636
1403636657.613555431 5.791647404 6.721641209 0.087717002 -0.440282761 0.683715066 -0.478917620 0.330639852
1403636658.113555431 5.524016546 6.418599148 0.012109941 -0.433285770 0.694532300 -0.475211986 0.322586258
1403636658.563555479 5.305079756 6.073529426 -0.019844705 -0.446482416 0.686959935 -0.491785438 0.294765303
1403636659.013555527 5.158348869 5.772009190 -0.097492861 -0.442463096 0.675455315 -0.508715142 0.298656042
1403636659.513555527 5.019900364 5.535260438 -0.220672836 -0.442793232 0.680333153 -0.501635493 0.299069869
1403636660.113555431 4.863949799 5.355765100 -0.362943843 -0.441769545 0.689949389 -0.495731141 0.288201571
1403636660.563555479 4.817654023 5.272803487 -0.507854073 -0.450280547 0.701387870 -0.479874706 0.273902813
1403636661.263555527 4.940163035 5.248315408 -0.779369942 -0.435923364 0.675385319 -0.515028098 0.297609727
1403636662.263555527 4.987053699 5.516934838 -0.852589534 -0.432847442 0.676348661 -0.510980116 0.306748922
1403636662.663555622 4.936795980 5.652340421 -0.866756583 -0.433996905 0.693049610 -0.491847843 0.299022782
1403636663.113555431 4.901422223 5.774947793 -0.953827556 -0.420412485 0.710366668 -0.469650249 0.313147225
1403636663.563555479 4.902510936 5.777276663 -1.048390946 -0.451448167 0.703957069 -0.479301517 0.266287538
1403636663.963555574 5.045948907 5.776847306 -1.148716905 -0.464739597 0.681493123 -0.504933593 0.254217028
1403636664.263555527 5.238893263 5.844435280 -1.158482693 -0.454466384 0.668636094 -0.516344192 0.282444252
1403636664.513555527 5.412035151 5.940385161 -1.207572342 -0.450795553 0.664564741 -0.513572562 0.302291743
1403636664.763555527 5.573212556 6.068653991 -1.271699486 -0.451512363 0.664695640 -0.503625954 0.317296692
1403636665.313555479 5.884399063 6.381826238 -1.271372615 -0.458220536 0.671728739 -0.481308262 0.327348131
1403636665.763555527 6.129243113 6.628195642 -1.213890212 -0.467704492 0.662198958 -0.498644290 0.306755474
1403636666.113555431 6.315890105 6.846723223 -1.159036487 -0.444952954 0.671102809 -0.491182662 0.332231065
1403636666.513555527 6.479655672 7.083486560 -1.167502395 -0.443824590 0.670389702 -0.490151068 0.336673896
1403636667.013555527 6.619619593 7.338376618 -1.120009080 -0.457888099 0.690371897 -0.454571796 0.327245495
1403636668.063555479 6.975559539 7.694817908 -1.162672090 -0.461182434 0.676719439 -0.473005434 0.325003727
1403636669.163555622 7.495461973 8.063195689 -1.346734118 -0.449829507 0.665368961 -0.507627952 0.311851604
1403636669.763555527 7.745192264 8.432039474 -1.413535126 -0.438061713 0.651040769 -0.525494459 0.328790855
1403636670.263555527 7.759267286 8.771295493 -1.377361880 -0.410146404 0.678257914 -0.470124109 0.388238909
1403636670.763555527 7.517161215 8.808635875 -1.321186058 -0.453330960 0.649399539 -0.424824162 0.438515349
1403636671.063555479 7.245249507 8.612098389 -1.252543051 -0.495640118 0.603434030 -0.382275849 0.494037873
1403636671.363555670 6.898856077 8.223662068 -1.152697518 0.580850056 -0.544757373 0.369170391 -0.479130294
1403636671.763555527 6.432583497 7.605010352 -1.035013164 0.666286596 -0.507815483 0.342170804 -0.425564036
1403636672.063555479 6.187077434 7.188071841 -0.971251379 0.688129234 -0.509368523 0.335731106 -0.392818647
1403636672.563555479 6.083907627 6.725104217 -0.784034062 0.670021086 -0.476390523 0.391433017 -0.413405379
1403636673.363555670 6.062064838 6.499397556 -0.864408259 0.709506893 -0.452977697 0.325807562 -0.430419107
1403636673.913555384 6.211466590 6.604485734 -0.867726076 0.696371917 -0.425112495 0.342204742 -0.466091660
1403636674.613555431 6.394859504 6.949472349 -0.971613835 -0.688577447 0.426932847 -0.302845451 0.501870577
1403636675.613555431 6.855842821 7.443035455 -1.133892345 0.726249931 -0.367944953 0.312246104 -0.489571159
1403636675.913555384 7.014899379 7.677544648 -1.165018315 -0.725332882 0.347077164 -0.267237813 0.531049531
1403636676.363555670 7.210120123 8.011658452 -1.304010682 -0.776631081 0.255487546 -0.229952606 0.527912944
1403636676.663555622 7.295580645 8.256304952 -1.360970611 -0.792640834 0.208140729 -0.184921862 0.542403771
1403636677.113555431 7.414664081 8.645841200 -1.365005065 -0.793471168 0.190520100 -0.156620733 0.556395132
1403636677.563555479 7.504788684 9.014205763 -1.450314298 -0.779861447 0.152662743 -0.151719492 0.587785170
1403636677.913555384 7.494274096 9.229853667 -1.436941776 -0.801611263 0.114059377 -0.074604910 0.582103039
1403636678.263555527 7.514942541 9.388543730 -1.419170307 -0.813728773 0.043857602 -0.045950701 0.577763383
1403636678.663555622 7.564120273 9.547713238 -1.379329800 -0.815771517 -0.023492247 -0.005379775 0.577871962
1403636679.013555527 7.584335188 9.665509960 -1.369028327 -0.808899124 -0.118240094 0.007746321 0.575883219
1403636679.263555527 7.542974998 9.734137623 -1.387527651 -0.797488375 -0.147541895 0.067802409 0.581073588
1403636679.513555527 7.490583965 9.776851190 -1.391623319 -0.786867260 -0.189111553 0.119752499 0.575096579
1403636679.913555384 7.434344779 9.817396915 -1.304528214 -0.773488433 -0.230219067 0.139545973 0.573795910
1403636680.963555574 7.137282367 9.498009644 -1.088017188 -0.793928476 -0.213396207 0.133208669 0.553529660
1403636681.613555431 6.790201528 9.201471339 -1.116559632 -0.782704178 -0.222009347 0.128350096 0.567108695
1403636682.163555622 6.474281121 8.925621915 -1.095396594 -0.779870672 -0.225673761 0.136710300 0.567612000
1403636682.863555670 6.090868099 8.554902201 -1.077140530 -0.778226796 -0.220418242 0.132355928 0.572940452
1403636683.363555670 5.826822177 8.246007099 -1.051213318 -0.780631522 -0.221883538 0.133240681 0.568884033
1403636683.813555479 5.587881453 7.929036875 -1.113017497 -0.787950192 -0.224726129 0.138660060 0.556242797
1403636684.363555670 5.314962865 7.573243475 -1.067590043 -0.779446841 -0.230021769 0.147803483 0.563654804
1403636685.163555622 5.038283291 7.053563142 -1.096349084 -0.778411339 -0.235243272 0.141786804 0.564475768
1403636685.763555527 4.866896729 6.628115690 -1.086577925 -0.782965031 -0.229863043 0.131911904 0.562785920
1403636686.213555574 4.713705247 6.294847398 -1.141107845 -0.787622242 -0.224444554 0.139957610 0.556495924
1403636686.863555670 4.496850136 5.877197958 -1.146736976 -0.788999618 -0.224210801 0.142720881 0.553931285
1403636687.563555479 4.288395873 5.528294214 -1.119985740 -0.782270152 -0.224273309 0.147844939 0.562046943
1403636688.163555622 4.175621350 5.236254843 -1.289384184 -0.779468041 -0.232472804 0.140525672 0.564480738
1403636688.713555574 4.083756334 4.959000119 -1.423962495 -0.779856619 -0.240874798 0.131404876 0.562615094
1403636689.113555431 3.981064849 4.739040137 -1.506287488 -0.782514313 -0.250312776 0.153730037 0.548982640
1403636689.613555431 3.806179037 4.509503790 -1.444437418 -0.784948061 -0.261922900 0.168976222 0.535443716
1403636690.313555479 3.575240228 4.425520070 -1.330940795 -0.792843364 -0.253462837 0.168099941 0.528108323
1403636690.813555479 3.429456682 4.556447410 -1.268655973 -0.790559181 -0.224131308 0.205892625 0.531403392
1403636691.213555574 3.447994138 4.752072394 -1.310518963 -0.755904278 -0.215284045 0.221563380 0.577209816
1403636691.563555479 3.647356241 4.894843124 -1.257912044 -0.765041026 -0.249597624 0.187766324 0.563166993
1403636691.963555574 3.924743985 5.013190297 -1.148967855 -0.767505448 -0.262946024 0.176651976 0.557304993
1403636692.413555384 4.231432142 5.108247143 -1.035609927 -0.769091701 -0.262597903 0.171424587 0.556914632
1403636692.763555527 4.453986235 5.151611888 -0.866703126 -0.771900822 -0.269416168 0.153624267 0.554962732
1403636693.463555574 4.733323365 5.167479604 -0.624887015 -0.789389030 -0.269160003 0.159143633 0.528290787
1403636694.863555670 4.795031766 5.492891562 -0.543355258 -0.774496970 -0.260224486 0.175840693 0.549106283
1403636697.213555574 4.870242149 5.820732402 -0.661711436 -0.766103218 -0.269467212 0.126949780 0.569523515
1403636698.013555527 4.692563237 5.602933813 -0.531149400 -0.796737620 -0.190749182 0.102263640 0.564239366
1403636698.563555479 4.492399379 5.435133257 -0.575192596 -0.809818647 -0.123960615 0.056201280 0.570674111
1403636698.863555670 4.369115148 5.354244439 -0.647942557 -0.818196006 -0.052935157 0.013735004 0.572332520
1403636699.163555622 4.246554270 5.287860593 -0.698576846 -0.818174359 0.026182556 -0.026161148 0.573777645
1403636699.463555574 4.147452075 5.235728996 -0.691539990 -0.814295357 0.111582826 -0.062541555 0.566180977
1403636699.763555527 4.094293745 5.191752931 -0.694131953 -0.802247054 0.177622754 -0.105012893 0.560198281
1403636700.513555527 4.117586522 5.078113269 -0.852787557 -0.784783547 0.221228729 -0.144757606 0.560551397
1403636701.013555527 4.221352483 4.972992497 -1.024180920 -0.776866810 0.248400537 -0.182326742 0.549119379
1403636702.213555574 4.554021475 4.816385693 -1.037711338 -0.756553751 0.296940871 -0.217414487 0.540539992
1403636702.563555479 4.662044384 4.784709547 -1.143859108 -0.751894762 0.325493403 -0.244942441 0.518373912
1403636704.313555479 5.327024726 4.889147698 -1.466359196 -0.752488859 0.321529979 -0.236084473 0.524064034
1403636705.513555527 5.964654513 5.242230950 -1.586872487 -0.762143525 0.307773764 -0.241747185 0.515723623
1403636706.363555670 6.505986571 5.775452504 -1.668896496 -0.751933688 0.303930305 -0.237349149 0.534684467
1403636707.063555479 6.924297278 6.196820664 -1.697587904 -0.760905832 0.305227141 -0.244145432 0.517930222
1403636707.613555431 7.212656985 6.623814771 -1.583490295 -0.758470862 0.316289349 -0.247907541 0.513054432
1403636708.063555479 7.455261700 7.023141159 -1.555313988 -0.754373668 0.318548034 -0.235557585 0.523412020
1403636708.813555479 7.926521221 7.604546799 -1.692492212 -0.744604174 0.305114645 -0.247492245 0.539645500
1403636709.763555527 8.270154031 8.184922362 -1.753744740 -0.750626561 0.311637949 -0.261382947 0.520692338
1403636710.413555384 8.294666129 8.656033877 -1.801774047 -0.748342953 0.308507941 -0.235996357 0.537690798
1403636710.813555479 8.269693118 8.936376056 -1.919508315 -0.761200740 0.269621213 -0.197469322 0.555773067
1403636711.263555527 8.237936446 9.189608955 -1.981721365 -0.781272371 0.202362303 -0.191562325 0.558539933
1403636712.013555527 7.995436783 9.494918932 -1.926832660 -0.769682335 0.222138947 -0.175343511 0.572274449
1403636712.513555527 7.744465624 9.549488657 -1.790345488 -0.778250515 0.178240491 -0.169777508 0.577695474
1403636712.863555670 7.530647444 9.527635605 -1.682892650 -0.777640656 0.158911195 -0.147605260 0.590114336
1403636713.713555574 6.944353612 9.255837581 -1.440046520 -0.789060354 0.173731312 -0.125050301 0.575815605
1403636714.513555527 6.521217202 8.849503681 -1.333114003 -0.796172206 0.182506919 -0.132760766 0.561405043
1403636715.013555527 6.340346859 8.603977613 -1.305271225 -0.820205136 0.094970465 -0.086631248 0.557439838
1403636715.463555574 6.218025347 8.477195890 -1.205424774 -0.818440070 0.059257573 -0.054902300 0.568884988
1403636716.813555479 6.070640550 8.019906590 -1.170680015 -0.808798408 0.056534219 -0.058264007 0.582455425
1403636717.163555622 6.032376563 7.847740082 -1.179604830 -0.813340200 -0.005227076 -0.016847263 0.581520908
1403636718.063555479 5.833465356 7.389405687 -1.186227716 -0.810925177 -0.077933503 0.002765416 0.579930236
1403636718.413555384 5.662310351 7.196687555 -1.186306842 -0.809774572 -0.113016945 0.056139317 0.573010201
1403636718.813555479 5.465297495 6.991414344 -1.279252098 -0.806660924 -0.141200757 0.101966474 0.564768394
1403636719.563555479 5.182004156 6.659865217 -1.371841858 -0.792146911 -0.151696429 0.095879021 0.583351248
1403636720.213555574 5.019144763 6.337138501 -1.410427943 -0.806171330 -0.139258376 0.088546339 0.568202814
1403636721.163555622 4.914233644 5.987157596 -1.476311957 -0.808226016 -0.096992329 0.064955150 0.577186299
1403636721.663555622 4.932513142 5.839751166 -1.474790154 -0.811689182 -0.050458839 0.024492693 0.581390304
1403636723.263555527 4.933781663 5.274040987 -1.495459641 -0.813135208 -0.035444046 0.005752207 0.580966235
1403636724.063555479 4.859210285 4.953647554 -1.465643623 -0.819693519 0.014678013 -0.026071396 0.572020431
1403636724.463555574 4.826337638 4.808432793 -1.509097687 -0.814148990 0.067426373 -0.068549462 0.572639570
1403636726.263555527 4.655276331 4.392055414 -1.200156716 -0.809376736 0.084174749 -0.077187624 0.576078104
1403636728.063555479 4.572268919 3.982184135 -0.757299775 -0.807898903 0.057220326 -0.081450396 0.580853708
1403636729.013555527 4.324694663 3.661920439 -0.647822843 -0.806784169 0.021606271 -0.045215912 0.588717246
1403636730.463555574 3.876072174 2.998628537 -0.628741258 -0.819467144 0.008461678 -0.025075258 0.572514831
1403636733.013555527 3.587730712 2.469784878 -0.697043483 -0.801591231 -0.000676924 -0.031417660 0.597046037
1403636733.813555479 3.374169239 2.078068570 -0.557194019 -0.817217976 -0.000404808 -0.023232056 0.575860128
1403636734.763555527 3.059064084 1.636593548 -0.460659892 -0.818620774 -0.003445198 -0.018658917 0.574020909
1403636736.063555479 2.696871546 1.277383990 -0.325230795 -0.816788545 0.006769429 -0.021225489 0.576506831
1403636736.513555527 2.603747498 1.213867851 -0.228588745 -0.811026694 -0.036063875 -0.002883912 0.583889358
1403636737.513555527 2.297608124 1.016215779 -0.261310743 -0.815795910 -0.052604425 0.019664537 0.575606735
1403636738.913555384 2.087687750 0.933064066 -0.043456196 -0.815052878 0.032634101 -0.013251981 0.578314972
1403636739.213555574 2.127613086 0.956457466 -0.106816950 -0.807185193 0.104758747 -0.061531377 0.577660418
1403636739.463555574 2.190611968 0.962846912 -0.178164279 -0.798756017 0.149873830 -0.122673778 0.569629533
1403636739.913555384 2.287937268 0.968028112 -0.219810256 -0.786690496 0.204044654 -0.149319419 0.563194064
1403636741.513555527 2.530786185 0.906273783 -0.727562993 -0.790248047 0.211349782 -0.155600191 0.553739898
1403636743.313555479 2.712109857 0.975174567 -1.140601703 -0.808413782 0.214148614 -0.147634519 0.528026114
1403636744.163555622 2.957103359 1.241191641 -1.395836913 -0.775239529 0.229895553 -0.182889316 0.559198718
1403636744.963555574 3.167495186 1.427779232 -1.936495147 -0.769225534 0.242091652 -0.184563700 0.561800632
1403636748.113555431 3.172358307 1.881611930 -1.751262534 -0.763332786 0.276429723 -0.179044725 0.555745133
1403636749.463555574 3.233949418 2.122912026 -1.464877890 -0.758048613 0.275150247 -0.210774899 0.552474962
1403636751.163555622 3.091316835 2.009378673 -0.906422618 -0.775420298 0.242602787 -0.199048697 0.547947867
1403636752.313555479 2.979227819 1.973838407 -0.465563073 -0.781013330 0.221623422 -0.171845880 0.558005584
1403636752.663555622 2.984353596 1.983455631 -0.332635438 -0.793050131 0.166538133 -0.136333778 0.569868090
1403636753.013555527 2.984486655 1.980209485 -0.252107524 -0.807631528 0.091222837 -0.098282495 0.574238853
1403636753.313555479 2.961049224 1.976466698 -0.251668903 -0.814193427 0.018421993 -0.063473341 0.576819580
1403636753.663555622 2.899807417 1.972257339 -0.253140033 -0.811823337 -0.011582185 -0.020979307 0.583411168
1403636754.763555527 2.571221860 1.842673784 -0.169855466 -0.805528082 -0.037869259 -0.009566564 0.591268898
1403636755.213555574 2.366820715 1.683608537 -0.178184812 -0.804910199 -0.072759238 0.019024272 0.588611707
1403636756.063555479 1.897210671 1.378966350 -0.126029837 -0.809893022 -0.067468579 0.021495257 0.582287934
1403636756.863555670 1.417519285 1.073277132 -0.090942808 -0.804334832 -0.071929697 0.026330144 0.589218398
1403636757.463555574 1.069364032 0.764889827 -0.062740780 -0.807838411 -0.077391155 0.025004198 0.583765793
1403636757.813555479 0.854264374 0.570778722 -0.048032193 -0.825263778 -0.098471802 0.035478121 0.554963335
1403636758.163555622 0.618194598 0.436744684 0.039359390 -0.808679970 -0.102976796 0.052727949 0.576760132
1403636758.513555527 0.388758502 0.318906855 0.060564372 -0.820442258 -0.094888508 0.067148290 0.559787262
1403636759.013555527 0.137110891 0.244763386 0.021081457 -0.807313154 -0.094626274 0.062717000 0.579100956
1403636759.763555527 -0.004942565 0.184744436 -0.137734814 -0.802102690 -0.101524359 0.061210024 0.585301129
1403636760.263555527 -0.011801289 0.115877650 -0.179231375 -0.811819150 -0.100850449 0.059984844 0.571997092
1403636761.013555527 -0.021877070 0.029526718 -0.288682439 -0.809306250 -0.111975999 0.049385641 0.574496152
1403636761.363555670 -0.063799154 -0.000616768 -0.331464703 -0.825983329 -0.110563388 0.053047825 0.550193790
1403636761.713555574 -0.125804982 0.017535865 -0.330944953 -0.805777778 -0.099671755 0.064676131 0.580176449
1403636762.413555384 -0.198914425 0.023795226 -0.297602926 -0.823145931 -0.111025516 0.040700800 0.555380550
1403636762.763555527 -0.259134706 0.052377928 -0.363029323 -0.809378823 -0.081459552 0.082504786 0.575728428
1403636762.963555574 -0.247500847 0.051131984 -0.384511716 -0.800583610 -0.090076242 0.060936754 0.589269773
1403636763.063555479 -0.230242353 0.040280810 -0.392500904 -0.807722729 -0.062930967 0.059291005 0.583188017
1403636763.163555622 -0.222681068 0.036401556 -0.388118172 -0.794149590 -0.045039793 0.055953112 0.603462588
