1403636579.763555527 -0.065669633 0.001566071 -0.020801580 -0.807765519 0.007508874 0.007524392 0.589408065
1403636579.963555574 -0.068256391 0.002342189 -0.104063507 -0.814874054 0.008167153 0.000864790 0.579579871
1403636580.213555574 -0.072704178 -0.004010791 -0.231132346 -0.823696386 0.012644712 0.005718325 0.566861249
1403636580.413555384 -0.077147497 -0.014213054 -0.306036166 -0.834889870 0.007489078 0.003293632 0.550356221
1403636580.613555431 -0.080503757 -0.019968052 -0.312338929 -0.849257496 0.006055473 0.006271439 0.527906909
1403636580.813555479 -0.080811788 -0.008998653 -0.199563810 -0.839940205 0.003845462 -0.003500749 0.542654042
1403636580.963555574 -0.081879110 0.005451490 -0.087797336 -0.827138466 0.003973125 -0.019336364 0.561651384
1403636581.163555622 -0.082144377 0.015797125 0.047078585 -0.810990937 0.007189580 -0.017572160 0.584750570
1403636581.413555384 -0.076224623 0.018493191 0.120036340 -0.792407220 0.009639865 -0.019599944 0.609601274
1403636581.663555622 -0.071434440 0.012712947 0.012099328 -0.807809083 0.009708764 -0.021433357 0.588974394
1403636581.863555670 -0.065768670 0.006153095 -0.122099140 -0.813096905 0.006626675 -0.015963862 0.581871691
1403636582.013555527 -0.066519674 -0.002722811 -0.217452669 -0.824260028 0.012027849 -0.014608083 0.565895168
1403636582.163555622 -0.069119153 -0.010122640 -0.280570771 -0.838116875 0.010923908 -0.014638230 0.545184825
1403636582.513555527 -0.079538448 -0.002921113 -0.176097850 -0.830922396 0.007562326 -0.012042305 0.556206586
1403636582.713555574 -0.078229508 0.006271336 -0.044109291 -0.823596233 0.010803200 -0.020371693 0.566707624
1403636582.913555384 -0.069041345 0.017908442 0.085409205 -0.809997666 0.026148145 -0.025715786 0.585285191
1403636583.113555431 -0.062692186 0.019440603 0.153525637 -0.795349438 0.027733321 -0.030430370 0.604751293
1403636583.563555479 -0.055120722 0.015747452 -0.064796994 -0.807876434 0.016412821 -0.030550041 0.588330674
1403636583.813555479 -0.055138674 0.004955077 -0.225931785 -0.834381053 0.021883275 -0.020200505 0.550382886
1403636584.013555527 -0.056612568 -0.006369988 -0.300667631 -0.843895808 0.013278842 -0.021339069 0.535918074
1403636584.363555670 -0.063517512 0.001138783 -0.195680031 -0.840984125 0.005794552 -0.016418432 0.540779586
1403636584.563555479 -0.060419662 0.020391184 -0.055470643 -0.831363189 0.007219956 -0.028704490 0.554940693
1403636584.813555479 -0.059942998 0.034897009 0.111596634 -0.803120646 0.019104308 -0.039626872 0.594190175
1403636585.613555431 -0.048677983 0.024339338 -0.085350947 -0.821546002 0.013492201 -0.042074488 0.568427537
1403636585.913555384 -0.052235332 -0.014562466 -0.133369937 -0.848705797 0.012488713 -0.008661045 0.528646847
1403636586.163555622 -0.055663159 -0.029226483 -0.126582574 0.876430067 -0.032527677 0.021095596 -0.479965898
1403636586.513555527 -0.062118222 -0.063412691 -0.114225468 0.906511066 -0.044040553 0.018434065 -0.419473840
1403636587.613555431 0.072713068 -0.028345871 -0.103327634 0.908105240 -0.037233680 0.008829369 -0.416989891
1403636587.913555384 0.184040717 -0.013931744 -0.099945420 0.902104832 -0.057985848 0.017214170 -0.427256580
1403636588.213555574 0.264704926 -0.009847229 -0.113582989 0.909562012 -0.069555656 0.027164277 -0.408804426
1403636588.963555574 0.156869918 -0.029664203 -0.109324041 0.908826116 -0.059275666 0.013674996 -0.412715981
1403636589.263555527 0.023752316 -0.043908404 -0.096515962 0.904933309 -0.044300231 0.005135990 -0.423210135
1403636589.563555479 -0.120322912 -0.056031766 -0.095889847 0.906855273 -0.030410201 0.000073560 -0.420343584
1403636589.863555670 -0.254543011 -0.069217161 -0.103954810 0.907851368 -0.017116280 -0.009610317 -0.418832386
1403636590.163555622 -0.333612602 -0.078306188 -0.109612000 0.905392969 -0.003450184 -0.027663324 -0.423658362
1403636590.713555574 -0.220664689 -0.087549407 -0.096792670 0.903380330 -0.013028497 -0.004090764 -0.428622798
1403636590.963555574 -0.107008315 -0.082645045 -0.099026311 0.908002976 -0.023488999 -0.001253151 -0.418302872
1403636591.313555479 0.042745304 -0.066952692 -0.106029882 0.908666788 -0.029374546 -0.002692768 -0.416478755
1403636591.663555622 0.116536816 -0.043352781 -0.131858656 0.900151619 -0.050986614 0.018141738 -0.432201696
1403636591.963555574 0.137342092 -0.018016865 -0.135808902 0.877471199 -0.071759352 0.042301451 -0.472340426
1403636592.413555384 0.184943230 0.076116872 -0.138981594 0.891332105 -0.100949806 0.043717203 -0.439801116
1403636592.663555622 0.153772928 0.155924481 -0.137177229 0.887217147 -0.066916420 0.022995031 -0.455893799
1403636592.863555670 0.082791362 0.201730919 -0.138978360 0.888437477 -0.025758208 -0.007611929 -0.458211111
1403636593.063555479 -0.029026184 0.196861654 -0.142928055 0.892689390 0.019771006 -0.046240643 -0.447857749
1403636593.263555527 -0.149064417 0.134562025 -0.137950481 0.891338019 0.053109903 -0.083463553 -0.442413505
1403636593.413555384 -0.212431563 0.065599073 -0.135371149 0.892692572 0.063537387 -0.094687379 -0.436001459
1403636593.613555431 -0.233519966 -0.031111724 -0.142964184 0.897918076 0.051669454 -0.085606095 -0.428654863
1403636593.813555479 -0.188643392 -0.113110559 -0.153890702 0.906378152 0.005048450 -0.061030619 -0.418005289
1403636593.963555574 -0.121409292 -0.153584067 -0.157328494 0.901732034 -0.047167454 -0.027064096 -0.428861405
1403636594.113555431 -0.039557986 -0.171127468 -0.155979742 0.893827675 -0.095598049 0.010239664 -0.437982020
1403636594.313555479 0.076110958 -0.142887242 -0.158977830 0.889936799 -0.136453900 0.045977005 -0.432757371
1403636594.563555479 0.201891803 -0.037943490 -0.162650482 0.880208446 -0.140763709 0.069783684 -0.447826873
1403636594.863555670 0.191771689 0.095870234 -0.167577498 0.876195581 -0.113722291 0.048818488 -0.465795340
1403636595.013555527 0.101374888 0.132518279 -0.172964118 0.877951216 -0.066521261 0.021341796 -0.473625497
1403636595.163555622 -0.015052432 0.136472567 -0.178554303 0.882206107 -0.014535718 -0.014583069 -0.470413044
1403636595.313555479 -0.115252631 0.111983733 -0.182641514 0.884812752 0.025148144 -0.049497662 -0.462627221
1403636595.463555574 -0.167613427 0.071553199 -0.186807457 0.885565048 0.045662704 -0.065464705 -0.457606638
1403636595.713555574 -0.126073520 -0.008650495 -0.192418039 0.890806236 0.042765085 -0.058197836 -0.448607188
1403636595.863555670 -0.045727824 -0.049883424 -0.202308696 0.892682083 0.017206112 -0.026787705 -0.449560971
1403636596.013555527 0.034487649 -0.090170818 -0.210522610 0.894679640 -0.020445998 0.004408750 -0.446218405
1403636596.163555622 0.077223172 -0.137936170 -0.213446230 0.896101886 -0.053927612 0.025627153 -0.439814133
1403636596.563555479 -0.034552201 -0.278142304 -0.176561580 0.888507654 -0.060919175 0.031135846 -0.453732918
1403636597.163555622 -0.044344442 -0.156659979 -0.181624354 0.895330330 -0.040328507 0.036430054 -0.442074725
1403636597.413555384 -0.007752490 0.007092258 -0.172466507 0.895385295 -0.005594907 0.016940992 -0.444934685
1403636597.663555622 -0.021629061 0.116019529 -0.169779116 0.887503499 0.037402377 -0.018541900 -0.458906091
1403636597.863555670 -0.067379997 0.102381090 -0.173240763 0.878180661 0.063223869 -0.041087212 -0.472348717
1403636598.113555431 -0.098541695 0.002357180 -0.183506604 0.881895327 0.079182096 -0.042877964 -0.462765932
1403636598.313555479 -0.092486711 -0.071811462 -0.206673045 0.897807112 0.076654472 -0.032420198 -0.432452786
1403636598.563555479 -0.063875894 -0.066060512 -0.243509541 0.897300264 0.075930617 -0.021349666 -0.434316669
1403636598.863555670 -0.036895056 0.032309379 -0.291093491 0.867725856 0.088951857 -0.049342844 -0.486523063
1403636599.063555479 -0.024417042 0.084257672 -0.335725027 -0.849048810 -0.088398233 0.055127364 0.517940966
1403636599.263555527 -0.019827957 0.116351370 -0.358950685 -0.819062130 -0.085682298 0.068765011 0.563087154
1403636599.713555574 -0.014222676 0.152176805 -0.398929044 -0.807920829 -0.067890051 0.054813343 0.582795309
1403636624.813555479 0.034983518 0.124607229 -0.403675868 -0.806179998 -0.062589692 0.037680982 0.587142644
1403636625.113555431 0.076795826 0.084649579 -0.366662986 -0.824583140 -0.083898824 0.011271653 0.559371596
1403636625.413555384 0.084440602 0.068664389 -0.301594695 -0.821271610 -0.075593486 0.028122201 0.564807675
1403636625.963555574 0.059347459 0.122469689 -0.211721391 -0.808496249 -0.077558147 0.035339470 0.582296892
1403636626.213555574 0.038693045 0.156719712 -0.097165387 -0.805932448 -0.066456056 0.053300911 0.585845964
1403636627.863555670 0.182210764 0.122229472 -0.021669648 -0.825174966 -0.053849672 0.021665901 0.561887068
1403636628.563555479 0.265933824 0.187967147 0.078035860 -0.810422677 -0.021055458 0.020762379 0.585098860
1403636629.113555431 0.403852718 0.242291069 0.102871163 -0.824392863 -0.012061533 -0.007629673 0.565838064
1403636629.563555479 0.534022587 0.327287912 0.122097182 -0.815052029 0.036540209 -0.021544337 0.577832887
1403636629.813555479 0.629306552 0.383352506 0.077619768 -0.824154796 0.073839191 -0.055792339 0.558752057
1403636630.113555431 0.761072140 0.477325499 0.029813551 -0.818228989 0.113313642 -0.088788073 0.556577055
1403636630.563555479 0.959927063 0.641447442 0.075294045 -0.807899925 0.118724147 -0.104345819 0.567727257
1403636631.763555527 1.410482289 1.106046732 0.034985842 -0.808269946 0.101653564 -0.094581065 0.572206842
1403636633.063555479 1.688562616 1.634937973 -0.053330786 -0.817950918 0.025450983 -0.041361758 0.573234463
1403636634.163555622 1.904755958 2.275246967 -0.122247871 -0.823372865 0.030400298 -0.013160784 0.566533089
1403636634.713555574 2.076381138 2.674462252 -0.105099313 -0.810957362 0.001452869 -0.024979077 0.584570006
1403636635.463555574 2.247110274 3.177588525 -0.099787844 -0.823275407 -0.019584548 0.001825831 0.567301257
1403636636.163555622 2.433108527 3.709081503 0.040155665 -0.824898565 -0.012134254 0.002679434 0.565144175
1403636636.563555479 2.573673546 4.027462332 0.172666111 -0.799251323 -0.023571269 -0.013480049 0.600383216
1403636637.813555479 2.708592925 4.649000977 0.202639103 -0.818154111 -0.028726213 -0.000478412 0.574280791
1403636638.963555574 2.756646560 5.232039112 0.199560353 -0.820698744 -0.025738135 0.012278617 0.570649065
1403636639.713555574 2.951307485 5.765445507 0.106408765 -0.813481200 -0.038364522 -0.002938711 0.580317038
1403636640.413555384 3.127551769 6.210313869 0.087018268 -0.807287460 -0.060081439 0.019895123 0.586754941
1403636642.263555527 3.440907855 6.879998284 0.064191541 -0.806576537 -0.039889991 0.008166344 0.589725691
1403636642.863555670 3.524530393 6.962947851 0.014428818 -0.821398592 -0.010830532 -0.007646168 0.570200481
1403636644.513555527 3.816334843 7.505026961 0.068803099 -0.810713445 0.002200699 0.020695856 0.585073113
1403636645.063555479 4.030264561 7.784466177 -0.129216790 -0.822744836 -0.013484174 -0.008218921 0.568191482
1403636645.313555479 4.129516063 7.910194585 -0.178632675 -0.842334203 -0.011337280 -0.008068655 0.538775885
1403636646.013555527 4.383373727 8.486482480 -0.220837218 -0.824479778 -0.004269713 -0.008451590 0.565812192
1403636646.463555574 4.582075382 8.918903871 -0.154861355 -0.800460185 0.088275384 -0.053405013 0.590439542
1403636646.963555574 4.837162573 9.281336187 -0.060170005 -0.795033653 0.123561506 -0.099677081 0.585421664
1403636647.913555384 5.300922257 9.723077651 0.043072845 -0.794533232 0.129605210 -0.098595101 0.584977297
1403636648.213555574 5.469409789 9.796732519 0.022443995 -0.786223252 0.178738131 -0.134992311 0.575919052
1403636648.463555574 5.614705739 9.830871579 -0.029474857 -0.771529697 0.235125063 -0.174790483 0.564717999
1403636648.763555527 5.776583867 9.833018309 -0.081503818 -0.760477607 0.281640767 -0.209643349 0.546261800
1403636649.813555479 6.291074690 9.823185520 0.241757458 -0.750911591 0.287173353 -0.220533936 0.552293428
1403636650.363555670 6.488242020 9.732291866 0.319328357 -0.728289582 0.338841349 -0.261539495 0.535142894
1403636650.613555431 6.556023665 9.660060616 0.288171822 -0.712610378 0.388632861 -0.289888712 0.507065560
1403636652.063555479 6.679878075 9.165455521 0.329878055 -0.669140294 0.439023767 -0.319811218 0.507178650
1403636652.263555527 6.676433812 9.051335995 0.296667249 0.648063082 -0.483452699 0.355106638 -0.469240882
1403636652.463555574 6.660056198 8.929000374 0.247151683 0.623580690 -0.532588277 0.376961056 -0.430577765
1403636652.713555574 6.650600061 8.783780334 0.213971248 0.610611263 -0.563535083 0.385743596 -0.400978770
1403636653.813555479 6.827644150 8.263213562 0.286401461 0.605019553 -0.527766983 0.408137990 -0.434553487
1403636654.463555574 6.816488983 8.005526905 0.276879795 0.581919183 -0.560107407 0.420762531 -0.413047999
1403636654.763555527 6.780904094 7.885781735 0.326924301 -0.554757031 0.596225328 -0.434216119 0.384988775
1403636655.613555431 6.602514125 7.598999339 0.288788878 -0.505915880 0.624896507 -0.464950892 0.370640185
1403636655.913555384 6.490322751 7.488796488 0.237250952 -0.479711633 0.662280512 -0.463307591 0.341478181
1403636656.263555527 6.361480636 7.333469732 0.173703763 -0.450098658 0.684376671 -0.480174424 0.313802951
1403636656.963555574 6.152397945 6.977629690 0.246239832 -0.446615561 0.662940392 -0.504960195 0.325668203
1403636657.613555431 5.851734094 6.674531660 0.192632006 -0.449369727 0.680513531 -0.476249706 0.328868362
1403636658.113555431 5.592871710 6.366260285 0.123351354 -0.442424095 0.691327002 -0.472522572 0.321014509
1403636658.563555479 5.382333725 6.018996909 0.097855284 -0.455769086 0.683419395 -0.489092423 0.293259396
1403636659.013555527 5.241442758 5.714250972 0.022434152 -0.451709744 0.671823728 -0.505854730 0.297862684
1403636659.513555527 5.104952596 5.477549370 -0.095273833 -0.452029601 0.676884983 -0.498616990 0.298122553
1403636660.113555431 4.951171241 5.297076011 -0.236295966 -0.450547023 0.686373519 -0.493113397 0.287642054
1403636660.563555479 4.905369469 5.214691342 -0.380508823 -0.458776056 0.697749447 -0.477640768 0.273000981
1403636661.263555527 5.026267614 5.192224826 -0.655123636 -0.443546232 0.671886900 -0.513065085 0.297655762
1403636662.263555527 5.068606357 5.460670765 -0.728578321 -0.440684821 0.672962662 -0.509032581 0.306274347
1403636662.663555622 5.016390919 5.594931096 -0.744050812 -0.441746083 0.689627656 -0.490202234 0.298288224
1403636663.113555431 4.979117121 5.714810570 -0.827672960 -0.428261562 0.707463408 -0.467568667 0.312197217
1403636663.563555479 4.980865356 5.717976205 -0.921626504 -0.459265138 0.700519602 -0.477574761 0.265085209
1403636663.963555574 5.120344755 5.716927072 -1.024585934 -0.472668406 0.677624903 -0.503188586 0.253397545
1403636664.263555527 5.314009562 5.784251189 -1.031302235 -0.462576837 0.665478850 -0.513695109 0.281563325
1403636664.513555527 5.485939221 5.884816846 -1.081517770 -0.458916093 0.661822607 -0.510792944 0.300794655
1403636664.763555527 5.644467134 6.012844146 -1.147572463 -0.459548615 0.662321226 -0.500451131 0.315744090
1403636665.313555479 5.947453926 6.336920963 -1.148605529 -0.466069536 0.669510542 -0.478541988 0.324857488
1403636665.763555527 6.188928245 6.590072389 -1.091853921 -0.475301574 0.659981253 -0.496044405 0.304061027
1403636666.113555431 6.373534395 6.812370485 -1.039567376 -0.452650430 0.669265348 -0.488632531 0.329286703
1403636666.513555527 6.537978604 7.046167801 -1.050614178 -0.451705144 0.668690734 -0.487153589 0.333910985
1403636667.013555527 6.673432577 7.301954282 -1.008446322 -0.465678471 0.688408604 -0.451814653 0.324192341
1403636668.063555479 7.024974750 7.666076021 -1.064141121 -0.469016888 0.674150910 -0.471068584 0.321928717
1403636669.163555622 7.537307248 8.031656879 -1.259722140 -0.457696931 0.662388258 -0.505669241 0.309925692
1403636669.763555527 7.774868185 8.400506557 -1.333004086 -0.445509582 0.648422982 -0.523142337 0.327705576
1403636670.263555527 7.785089685 8.733008866 -1.297865369 -0.417716532 0.676248853 -0.467242099 0.387150111
1403636670.763555527 7.543714538 8.767939427 -1.239308903 -0.460488182 0.647515799 -0.421336942 0.437206022
1403636671.063555479 7.278035568 8.579515595 -1.171718478 -0.502034911 0.601965359 -0.378572049 0.492221351
1403636671.363555670 6.934880449 8.193725144 -1.058910372 0.586774891 -0.543295135 0.364884944 -0.476848614
1403636671.763555527 6.475112557 7.570293073 -0.934393145 0.671487275 -0.505697389 0.337757918 -0.423431906
1403636672.063555479 6.237862206 7.150991082 -0.854006436 0.693589469 -0.507338091 0.330747403 -0.390061360
1403636672.563555479 6.131848377 6.694365019 -0.670548647 0.674971438 -0.474721576 0.387171948 -0.411279547
1403636673.363555670 6.113615689 6.465476596 -0.754058095 0.714169958 -0.450986254 0.321260424 -0.428210706
1403636673.913555384 6.264022103 6.570022084 -0.756434290 0.701049328 -0.423575981 0.337092713 -0.464200097
1403636674.613555431 6.444595790 6.917901209 -0.860986884 0.693362321 -0.425803721 0.297455538 -0.499459793
1403636675.613555431 6.895469546 7.417991562 -1.029060918 0.730758066 -0.366704823 0.306867290 -0.487188555
1403636675.913555384 7.047455302 7.655781743 -1.063945614 -0.729553916 0.346459205 -0.261794617 0.528375512
1403636676.363555670 7.238999933 7.984177002 -1.205812422 -0.780350533 0.254137461 -0.223910027 0.525672423
1403636676.663555622 7.327024872 8.221302926 -1.256674285 -0.796317168 0.206475804 -0.177960121 0.539978615
1403636677.113555431 7.439574244 8.614757377 -1.266765149 -0.796764309 0.189014511 -0.150058969 0.554005827
1403636677.563555479 7.523270758 8.979461314 -1.363578281 -0.782289878 0.152050080 -0.144733176 0.586477304
1403636677.913555384 7.512488331 9.188880863 -1.353136516 -0.803270013 0.113454743 -0.067144842 0.580841526
1403636678.263555527 7.532236843 9.346900791 -1.342410595 -0.814434448 0.043206826 -0.038387240 0.577370002
1403636678.663555622 7.578752338 9.505018553 -1.307150464 -0.815700546 -0.023712667 0.002300188 0.577983596
1403636679.013555527 7.596376550 9.622907938 -1.296727587 -0.808190418 -0.118442229 0.015074098 0.576690956
1403636679.263555527 7.555710192 9.689511312 -1.318547668 -0.795961133 -0.147425185 0.075494289 0.582247629
1403636679.513555527 7.502217832 9.732181089 -1.321479859 -0.784880131 -0.189081166 0.127293586 0.576201211
1403636679.913555384 7.449115988 9.771622492 -1.238491132 -0.770720587 -0.230452571 0.147094281 0.575538584
1403636680.963555574 7.160327561 9.455396154 -1.023078512 -0.791046874 -0.214537368 0.140834375 0.555323545
1403636681.613555431 6.819745120 9.157371269 -1.055736324 -0.779101095 -0.223392193 0.136323688 0.569660657
1403636682.163555622 6.510426598 8.877542520 -1.033806663 -0.775908339 -0.227215042 0.145107824 0.570336123
1403636682.863555670 6.132919434 8.501269672 -1.012764487 -0.774282004 -0.221663422 0.141205884 0.575685334
1403636683.363555670 5.871492812 8.186568329 -0.992269217 -0.776355027 -0.223065896 0.141987764 0.572148541
1403636683.813555479 5.639950107 7.870544975 -1.052333631 -0.783442287 -0.226769098 0.147459303 0.559508456
1403636684.363555670 5.377706643 7.511157028 -0.998470408 -0.775185488 -0.232088946 0.156976545 0.566198326
1403636685.163555622 5.112448754 6.979400948 -1.032409963 -0.773877045 -0.237016078 0.151325824 0.567484090
1403636685.763555527 4.946967322 6.550443624 -1.018827173 -0.778685395 -0.231788928 0.141230797 0.565664927
1403636686.213555574 4.796593795 6.214766452 -1.071337669 -0.783300129 -0.226848419 0.148810736 0.559317502
1403636686.863555670 4.581899961 5.792440530 -1.075681304 -0.784813134 -0.226313516 0.151543494 0.556673249
1403636687.563555479 4.378276345 5.436658027 -1.047848716 -0.777950491 -0.226184874 0.156888179 0.564818144
1403636688.163555622 4.265668963 5.146182716 -1.215375172 -0.775437096 -0.234278071 0.149584604 0.566952856
1403636688.713555574 4.173340005 4.872623152 -1.350512417 -0.775871343 -0.242684193 0.140196033 0.565219527
1403636689.113555431 4.067781523 4.657789941 -1.434697669 -0.778401067 -0.252707101 0.161601110 0.551467117
1403636689.613555431 3.898581931 4.431129419 -1.375764144 -0.780400746 -0.264573518 0.177121818 0.538148113
1403636690.313555479 3.671727838 4.344817043 -1.260293007 -0.788470756 -0.256810161 0.175779799 0.530531687
1403636690.813555479 3.528852511 4.471331783 -1.198442030 -0.785739523 -0.226825411 0.214737743 0.533901992
1403636691.213555574 3.542114052 4.667073487 -1.236737463 -0.751223414 -0.217764474 0.230162517 0.579022652
1403636691.563555479 3.735888354 4.808877379 -1.187740330 -0.760338850 -0.252175500 0.195327290 0.565808802
1403636691.963555574 4.006328715 4.928189226 -1.086373226 -0.762611459 -0.264576459 0.184202427 0.560796331
1403636692.413555384 4.302146376 5.025032921 -0.983334551 -0.764159443 -0.263492592 0.178807614 0.560945485
1403636692.763555527 4.521148431 5.068540427 -0.818925834 -0.767118524 -0.270099495 0.160904990 0.559182454
1403636693.463555574 4.792526245 5.081527086 -0.587905951 -0.784695299 -0.269891525 0.165582468 0.532911154
1403636694.863555670 4.847786438 5.399625319 -0.505804523 -0.769765833 -0.260350626 0.182254628 0.553589527
1403636697.213555574 4.910991044 5.725122570 -0.629353931 -0.761165628 -0.268822561 0.133055904 0.575028211
1403636698.013555527 4.742789129 5.510569106 -0.496530304 -0.792473233 -0.190682320 0.108931576 0.568999419
1403636698.563555479 4.553351152 5.344161149 -0.538647920 -0.806045386 -0.124235083 0.063667457 0.575154705
1403636698.863555670 4.439030252 5.265819086 -0.604009503 -0.815248867 -0.053591201 0.021973273 0.576206945
1403636699.163555622 4.320433056 5.201815364 -0.651503814 -0.815954627 0.025307086 -0.017672013 0.577291346
1403636699.463555574 4.222233026 5.150740306 -0.643236140 -0.813069717 0.110558616 -0.054057616 0.569009843
1403636699.763555527 4.171564386 5.114575011 -0.642705382 -0.801961503 0.176765956 -0.096560656 0.562394510
1403636700.513555527 4.190677988 5.004891099 -0.797847590 -0.784960380 0.220494153 -0.136664158 0.562621044
1403636701.013555527 4.291331115 4.903598472 -0.966309218 -0.777375067 0.247846639 -0.174185020 0.551289060
1403636702.213555574 4.615627787 4.753133016 -0.983426428 -0.757527892 0.296745554 -0.209199898 0.542520941
1403636702.563555479 4.721590609 4.719508853 -1.087765783 -0.753239308 0.325417617 -0.236464562 0.520402182
1403636704.313555479 5.370178701 4.830529823 -1.412640118 -0.753762023 0.321360254 -0.227041717 0.526329230
1403636705.513555527 5.988863175 5.180041540 -1.534840518 -0.763458794 0.307261073 -0.232775938 0.518205235
1403636706.363555670 6.502376305 5.706422253 -1.622735054 -0.752751298 0.303835919 -0.228825535 0.537297023
1403636707.063555479 6.900978951 6.127247260 -1.654949222 -0.761588701 0.304928395 -0.236554337 0.520618258
1403636707.613555431 7.183420918 6.550391733 -1.548504540 -0.758987303 0.316281976 -0.240031500 0.516031844
1403636708.063555479 7.415004566 6.940460981 -1.521793324 -0.754773644 0.318766246 -0.227412029 0.526297061
1403636708.813555479 7.867804092 7.519218855 -1.647787380 -0.745269155 0.306060913 -0.239189959 0.541930592
1403636709.763555527 8.198769978 8.089648926 -1.708976651 -0.751478391 0.311998688 -0.253401709 0.523186984
1403636710.413555384 8.221216919 8.553657786 -1.756905366 -0.748630879 0.309194806 -0.227571747 0.540519637
1403636710.813555479 8.193540411 8.827041844 -1.868006685 -0.761204626 0.270151190 -0.188655107 0.558565218
1403636711.263555527 8.160080725 9.072717336 -1.925223108 -0.780833662 0.202859061 -0.182618899 0.561958478
1403636712.013555527 7.919617136 9.364965453 -1.863700057 -0.769099586 0.223367913 -0.165419033 0.575525104
1403636712.513555527 7.672393131 9.415926506 -1.727211210 -0.777209935 0.179375628 -0.160202936 0.581467213
1403636712.863555670 7.464593271 9.394596424 -1.620244665 -0.776156026 0.160436206 -0.137781087 0.594018872
1403636713.713555574 6.893373101 9.122628974 -1.362907005 -0.788429375 0.175121621 -0.115262290 0.578295895
1403636714.513555527 6.476071934 8.718936790 -1.255178437 -0.795540099 0.184435525 -0.123110792 0.563864541
1403636715.013555527 6.296849773 8.476871948 -1.231706562 -0.818461339 0.096835065 -0.077570917 0.561005134
1403636715.463555574 6.178103698 8.348106157 -1.129147143 -0.816431448 0.061255764 -0.045779455 0.572356238
1403636716.813555479 6.034315184 7.893917684 -1.096599562 -0.806896681 0.059068697 -0.049167201 0.585671599
1403636717.163555622 5.996766324 7.722017321 -1.110087533 -0.810606299 -0.002753362 -0.007922855 0.585531447
1403636718.063555479 5.804702393 7.273217331 -1.122764942 -0.807468757 -0.075212613 0.011677091 0.584979414
1403636718.413555384 5.636973404 7.081560518 -1.126071431 -0.805555669 -0.110599794 0.064896739 0.578477452
1403636718.813555479 5.442340399 6.876705000 -1.212598739 -0.802226094 -0.139010414 0.110550742 0.569989414
1403636719.563555479 5.164463770 6.544234279 -1.303006048 -0.787541186 -0.149142103 0.104734810 0.588698678
1403636720.213555574 5.001845855 6.217291072 -1.339210491 -0.801904425 -0.136820841 0.097140182 0.573404861
1403636721.163555622 4.896112580 5.869067515 -1.406000454 -0.804190502 -0.094328512 0.073437381 0.582225660
1403636721.663555622 4.913446317 5.724439110 -1.407505928 -0.808024270 -0.047360436 0.033234300 0.586301330
1403636723.263555527 4.918862344 5.165192198 -1.437389433 -0.809511525 -0.032191678 0.014993169 0.586029002
1403636724.063555479 4.842891654 4.848055691 -1.412129149 -0.816518948 0.018175848 -0.017018067 0.576781442
1403636724.463555574 4.811412057 4.709612921 -1.455847810 -0.811387460 0.071554074 -0.058801852 0.577124550
1403636726.263555527 4.644789353 4.290006742 -1.147835241 -0.807018665 0.088371228 -0.067920218 0.579912273
1403636728.063555479 4.573094675 3.881750978 -0.706860244 -0.805894208 0.061669942 -0.072141994 0.584403009
1403636729.013555527 4.325241341 3.569610824 -0.594825730 -0.804353855 0.026597966 -0.036130534 0.592454225
1403636730.463555574 3.878795627 2.899849635 -0.566465580 -0.817118549 0.013054234 -0.015977327 0.576100328
1403636733.013555527 3.588754337 2.365625170 -0.635126630 -0.799104159 0.004264746 -0.022484803 0.600756846
1403636733.813555479 3.375877392 1.968760891 -0.493171982 -0.814589509 0.004380171 -0.014197143 0.579847555
1403636734.763555527 3.059265329 1.518508468 -0.391128220 -0.816089596 0.001510326 -0.009644899 0.577842943
1403636736.063555479 2.692422673 1.163705091 -0.244549827 -0.814798261 0.011509569 -0.012846870 0.579487947
1403636736.513555527 2.597785656 1.096180072 -0.139887800 -0.809055652 -0.031490615 0.004847945 0.586867779
1403636737.513555527 2.282830220 0.900281903 -0.169667459 -0.813578745 -0.048424227 0.026763509 0.578816408
1403636738.913555384 2.074375639 0.813689855 0.056088594 -0.813317117 0.036739771 -0.006208238 0.580626313
1403636739.213555574 2.116309327 0.833295496 -0.008965844 -0.805732599 0.108568197 -0.054472990 0.579690105
1403636739.463555574 2.177610526 0.838861512 -0.080581230 -0.797766817 0.154093233 -0.115411628 0.571404880
1403636739.913555384 2.272368033 0.842784193 -0.128624937 -0.785947984 0.208401714 -0.141975638 0.564532914
1403636741.513555527 2.515500011 0.781281699 -0.650154179 -0.789333784 0.215779225 -0.147653591 0.555508704
1403636743.313555479 2.695828151 0.855829753 -1.071339097 -0.807597636 0.217847694 -0.139517113 0.529965485
1403636744.163555622 2.937607511 1.125672769 -1.329466012 -0.774606847 0.234261746 -0.174719306 0.560873276
1403636744.963555574 3.142610258 1.320205904 -1.875727260 -0.768446247 0.246989244 -0.175920133 0.563505799
1403636748.113555431 3.151888290 1.776624125 -1.686153953 -0.762620447 0.281237517 -0.169990935 0.557152220
1403636749.463555574 3.214925692 2.020847869 -1.389364095 -0.757833955 0.280271675 -0.202156348 0.553415121
1403636751.163555622 3.081401414 1.905836963 -0.835859035 -0.774913789 0.247898747 -0.190397117 0.549366697
1403636752.313555479 2.968232477 1.867461545 -0.379937553 -0.780425521 0.227107838 -0.163815254 0.559037207
1403636752.663555622 2.977556266 1.875014491 -0.235928166 -0.792430905 0.172025028 -0.128034750 0.571023426
1403636753.013555527 2.979762985 1.867870040 -0.155629707 -0.806560962 0.096742521 -0.089873705 0.576214383
1403636753.313555479 2.959545525 1.861526793 -0.153416574 -0.812787250 0.023753452 -0.055162752 0.579456409
1403636753.663555622 2.893569892 1.862620839 -0.158068111 -0.809859874 -0.005980160 -0.012891170 0.586451225
1403636754.763555527 2.563255384 1.729802403 -0.076854214 -0.803064911 -0.031834768 -0.001500135 0.595038692
1403636755.213555574 2.351664432 1.576664381 -0.083771710 -0.802126153 -0.066473560 0.026628491 0.592845531
1403636756.063555479 1.881591922 1.261849986 -0.021444687 -0.807204294 -0.061097743 0.029315677 0.586369240
1403636756.863555670 1.393694497 0.957598846 0.022824981 -0.801585414 -0.065159936 0.033881408 0.593352389
1403636757.463555574 1.041967461 0.650534847 0.055086622 -0.805135760 -0.070479436 0.032376206 0.587997311
1403636757.813555479 0.826256808 0.455556124 0.069591163 -0.822589812 -0.092024300 0.042836380 0.559502077
1403636758.163555622 0.587761638 0.326352057 0.166795632 -0.806122001 -0.096630323 0.059453504 0.580771195
1403636758.513555527 0.358945292 0.209136508 0.193320082 -0.817900781 -0.088910210 0.073882213 0.563626388
1403636759.013555527 0.104832045 0.137302005 0.156954887 -0.804699738 -0.088267288 0.069272141 0.582982494
1403636759.763555527 -0.039961207 0.077431214 -0.001805429 -0.799479890 -0.094852382 0.067908194 0.589256658
1403636760.263555527 -0.047874863 0.008771980 -0.043037379 -0.809353217 -0.094253447 0.066879716 0.575839180
1403636761.013555527 -0.060701563 -0.077521188 -0.152783315 -0.806949549 -0.105518266 0.055602267 0.578451994
1403636761.363555670 -0.103338530 -0.106884882 -0.195595060 -0.823561356 -0.104428547 0.059407525 0.554357392
1403636761.713555574 -0.166431978 -0.087572532 -0.193703311 -0.803157560 -0.092934404 0.071001415 0.584174571
1403636762.413555384 -0.239261957 -0.081416622 -0.159991189 -0.820674681 -0.104359035 0.047169340 0.559801137
1403636762.763555527 -0.301489907 -0.051231486 -0.223740478 -0.806562266 -0.074868634 0.088484787 0.579674426
1403636762.963555574 -0.289981513 -0.052593082 -0.245573848 -0.797273980 -0.082293525 0.068242985 0.594074804
1403636763.063555479 -0.273553199 -0.062593591 -0.251849847 -0.805576824 -0.056209953 0.065116471 0.586213500
1403636763.163555622 -0.265475847 -0.067381105 -0.249087616 -0.791709472 -0.038481687 0.061910913 0.606533026
