1403638518.077829 0.000000000 0.000000000 0.000000000 0.000000000 0.000000000 0.000000000 1.000000000
1403638519.127829552 0.000020752 -0.000034922 -0.000008975 -0.000069313 -0.000037066 0.000063859 0.999999995
1403638520.177829266 0.000025762 0.000011465 -0.000002149 0.000010326 -0.000048723 0.000086360 0.999999995
1403638521.227829456 0.000085613 0.000048348 0.000058744 0.000078512 0.000003040 -0.000148506 0.999999986
1403638522.277829409 -0.005472751 -0.036127949 -0.013155667 0.003407107 -0.012197532 0.000520897 0.999919667
1403638522.427829504 -0.006820959 -0.095843085 -0.029289549 0.012004474 -0.023168726 0.004242320 0.999650492
1403638522.577829361 -0.008846737 -0.161440567 -0.051241235 0.003403533 -0.035891816 0.014402070 0.999246103
1403638522.777829409 -0.008181623 -0.247717386 -0.078208651 0.018070560 -0.048780278 0.009882982 0.998597149
1403638522.977829456 -0.006245660 -0.347396945 -0.109974749 0.035159707 -0.062895275 0.027299664 0.997026934
1403638523.577829361 0.027662487 -0.269011898 -0.080447423 0.026682129 -0.045360765 0.009327989 0.998570705
1403638523.727829456 0.036544864 -0.194199882 -0.058889253 0.005335145 -0.040825417 0.000337554 0.999151994
1403638523.877829313 0.044005673 -0.127891925 -0.042636480 0.001300969 -0.039287753 -0.006243509 0.999207585
1403638524.027829409 0.048389780 -0.082135802 -0.034527152 -0.000581225 -0.033517492 -0.022235988 0.999190573
1403638524.227829456 0.049215578 -0.105701669 -0.050413629 -0.014878785 -0.039669141 -0.030425219 0.998638717
1403638524.727829456 0.049439826 -0.371019480 -0.127497130 0.033357288 -0.041783978 -0.011494999 0.998503508
1403638525.027829409 0.043604146 -0.425550382 -0.138227096 0.043614906 -0.036951950 -0.012377184 0.998288084
1403638525.377829313 0.034890865 -0.296528114 -0.082554906 0.027148538 -0.043596399 -0.027616464 0.998298373
1403638525.527829409 0.030485128 -0.222126426 -0.058877856 -0.004732696 -0.055124486 -0.023007462 0.998203160
1403638525.727829456 0.031786624 -0.147612631 -0.035083342 -0.016654242 -0.053347727 -0.017163430 0.998289574
1403638525.927829504 0.034682062 -0.106736613 -0.018890525 -0.004936129 -0.037210304 -0.017299197 0.999145518
1403638526.177829266 0.089587504 -0.104403091 -0.026905172 -0.011275688 -0.022677653 -0.013087197 0.999593572
1403638527.327829599 0.672411495 -0.127459077 -0.128653911 0.016822309 0.097207342 0.041001111 0.994276949
1403638527.777829409 0.590682576 -0.148705654 -0.085231934 0.024601010 0.108446540 0.032235153 0.993274903
1403638528.577829361 0.231849813 -0.219271889 0.091338199 0.023296431 0.040814314 0.027458179 0.998517660
1403638529.277829409 0.154335554 -0.254926073 0.076151645 0.017357647 0.070658236 0.027468470 0.996971218
1403638529.427829504 0.124164876 -0.214225282 0.030473168 0.000270111 0.071001413 0.019952606 0.997276602
1403638529.577829361 0.101809905 -0.166199740 0.007239229 -0.028305253 0.065653288 0.018987746 0.997260209
1403638529.877829313 0.071621971 -0.091722287 0.003929152 -0.016854708 0.064682233 0.016873767 0.997620872
1403638530.027829409 0.066097182 -0.075119608 0.016916159 -0.012774073 0.065297898 0.016861360 0.997641570
1403638530.277829409 0.068437013 -0.065481148 0.058416211 -0.017744998 0.074037786 0.024001886 0.996808623
1403638530.477829456 0.076084513 -0.059663289 0.089007913 -0.017059631 0.081727006 0.029827354 0.996062244
1403638530.727829456 0.085094257 -0.052118743 0.108072103 -0.026919332 0.085606361 0.035158074 0.995344569
1403638530.877829313 0.087514524 -0.046401188 0.114387358 -0.030548166 0.084351279 0.036125999 0.995312304
1403638533.527829409 0.084084350 -0.040734366 0.119122454 -0.009741971 0.084286803 0.030214921 0.995935684
1403638534.577829361 0.084074422 -0.040744669 0.119104183 -0.009893541 0.084188279 0.030368619 0.995937849
1403638535.627829552 0.084109382 -0.040739411 0.119144881 -0.009917762 0.084303246 0.030186792 0.995933411
1403638538.777829409 0.084191332 -0.041466369 0.119089421 -0.008077700 0.084189799 0.030445261 0.995951763
1403638539.077829361 0.084461856 -0.051371836 0.128097554 0.012117648 0.085598493 0.029845964 0.995808857
1403638539.227829456 0.085190068 -0.068934404 0.135286738 0.026042487 0.085193140 0.030393261 0.995560228
1403638539.377829313 0.086748159 -0.103724593 0.136723104 0.026337402 0.084365466 0.029998118 0.995634934
1403638539.877829313 0.092798810 -0.232581327 0.143961891 0.014461058 0.079173286 0.027347594 0.996380739
1403638540.327829599 0.099121963 -0.317581309 0.225893965 0.001179647 0.076395670 0.025716068 0.996745200
1403638540.527829409 0.104658252 -0.358482700 0.300403493 0.011784034 0.064552828 0.018659256 0.997670237
1403638540.927829504 0.086734189 -0.456554310 0.459976062 0.016283649 -0.015141523 -0.035856738 0.999109539
1403638541.277829409 0.018187551 -0.521248009 0.626989425 0.019788421 -0.074750943 -0.059975226 0.995200325
1403638541.777829409 -0.176988469 -0.702368463 0.831457620 0.024568860 -0.096639377 -0.061221231 0.993130990
1403638542.027829409 -0.316548708 -0.829494874 0.907477622 0.021342383 -0.139542538 -0.069946282 0.987511975
1403638542.177829266 -0.406981580 -0.886588938 0.954120295 0.020352530 -0.173667570 -0.081900532 0.981181763
1403638542.327829599 -0.499987606 -0.927249859 1.007210648 0.018972865 -0.211482799 -0.098407980 0.972229873
1403638542.477829456 -0.592109298 -0.964713650 1.069520293 0.038676997 -0.238475241 -0.116661067 0.963339943
1403638542.627829552 -0.691943650 -0.994605286 1.126818236 0.055384847 -0.248551563 -0.138883455 0.957008895
1403638542.877829313 -0.870727251 -1.064356528 1.170461272 0.038129766 -0.262915152 -0.129373452 0.955345097
1403638543.077829361 -1.034176879 -1.135226034 1.177212822 0.025107651 -0.265696208 -0.120269672 0.956195763
1403638543.427829504 -1.316232334 -1.227670049 1.198013589 0.021990226 -0.265132569 -0.116006558 0.956955396
1403638543.727829456 -1.572417934 -1.261928275 1.233911277 0.022384567 -0.304421827 -0.140655273 0.941829271
1403638543.927829504 -1.755921522 -1.294853230 1.246149162 0.027308444 -0.348876508 -0.163577687 0.922378323
1403638544.127829552 -1.943180488 -1.350171451 1.244320144 0.022572357 -0.384234340 -0.168752272 0.907401306
1403638544.377829313 -2.183963813 -1.412285485 1.259848844 0.019986897 -0.401080592 -0.167501333 0.900376691
1403638544.827829599 -2.627758932 -1.514912367 1.321978169 0.029770110 -0.407399542 -0.165845551 0.897571505
1403638545.477829456 -3.234186448 -1.549888159 1.448275696 0.029343880 -0.412541290 -0.167564266 0.894913872
1403638545.877829313 -3.597965921 -1.567348687 1.502106534 0.024122109 -0.469399286 -0.194328384 0.860998788
1403638546.227829456 -3.906432919 -1.639052187 1.534844263 0.026641326 -0.524577388 -0.227222364 0.820048048
1403638546.777829409 -4.427916642 -1.678727160 1.604753702 0.023264705 -0.552520936 -0.234817381 0.799399879
1403638547.327829599 -4.984496124 -1.735779994 1.617979157 0.033773495 -0.554821600 -0.254114975 0.791490949
1403638547.777829409 -5.486091729 -1.670086089 1.601322554 0.022623024 -0.556358784 -0.239862038 0.795247952
1403638548.327829599 -6.143426881 -1.598672081 1.544183182 0.021044237 -0.582160693 -0.251411683 0.772941287
1403638548.727829456 -6.656215136 -1.622875280 1.431771702 0.020148343 -0.620883624 -0.265936812 0.737139866
1403638549.077829361 -7.131560137 -1.657143240 1.326352617 0.018656474 -0.627797749 -0.268211402 0.730468731
1403638549.427829504 -7.620312172 -1.756419515 1.195316742 0.015733712 -0.629552188 -0.260261527 0.731901927
1403638549.827829599 -8.187910542 -1.852362237 1.055320075 0.016311773 -0.628757537 -0.256497524 0.733898430
1403638550.077829361 -8.543026264 -1.946838434 0.973387053 0.013318915 -0.628369140 -0.257097355 0.734081589
1403638550.327829599 -8.904737231 -2.077151245 0.877340241 0.012503121 -0.628748407 -0.258157638 0.733398764
1403638550.527829409 -9.185411999 -2.177102895 0.822973148 0.010346430 -0.631866794 -0.253114304 0.732509696
1403638550.727829456 -9.476304995 -2.259173943 0.773960090 0.013702852 -0.635812389 -0.243062743 0.732444770
1403638550.977829456 -9.825688795 -2.358767813 0.749590821 0.029141306 -0.640967942 -0.228665458 0.732135909
1403638551.127829552 -10.024325785 -2.412041425 0.740334235 0.032779811 -0.643039077 -0.222886073 0.731948105
1403638551.477829456 -10.418264544 -2.570533379 0.744806945 0.017398992 -0.627246649 -0.215328062 0.748259809
1403638551.627829552 -10.565714770 -2.633396288 0.773986386 0.008513636 -0.604986433 -0.199066009 0.770903144
1403638551.827829599 -10.749397447 -2.713325125 0.847349990 0.005035320 -0.569602308 -0.178549016 0.802276825
1403638551.977829456 -10.865816240 -2.767307204 0.919642580 0.016609964 -0.546437915 -0.175475113 0.818741839
1403638552.177829266 -10.993575538 -2.889017628 1.035160454 0.021967493 -0.529397538 -0.177472088 0.829312567
1403638552.377829313 -11.104919457 -3.023469521 1.149714724 0.017514978 -0.525524225 -0.175476524 0.832301330
1403638552.577829361 -11.199038491 -3.155464495 1.276044655 0.028695015 -0.530508997 -0.161117645 0.831731870
1403638552.977829456 -11.287508488 -3.353940445 1.604858648 0.033804514 -0.532168282 -0.176392859 0.827369164
1403638553.227829456 -11.291355903 -3.452775444 1.833628772 0.043481081 -0.537995071 -0.175064544 0.823421584
1403638553.527829409 -11.226750309 -3.585644661 2.108287190 0.066334221 -0.540356007 -0.179283542 0.819434298
1403638553.827829599 -11.075736550 -3.761885511 2.322688901 0.068707472 -0.537983194 -0.188188578 0.818803044
1403638554.127829552 -10.850404651 -3.939109262 2.484201812 0.055394160 -0.535621223 -0.192898055 0.820263210
1403638554.377829313 -10.632777698 -4.040523493 2.617389775 0.036155269 -0.528104523 -0.214376749 0.820878200
1403638554.727829456 -10.335444018 -4.146556834 2.798254864 0.027581737 -0.531299746 -0.208618278 0.820632830
1403638555.127829552 -10.008195848 -4.306946176 2.997469577 0.025935055 -0.525042494 -0.195625384 0.827881913
1403638555.427829504 -9.761338849 -4.387311752 3.178111241 0.027139440 -0.497708058 -0.191264864 0.845557740
1403638555.777829409 -9.470270843 -4.474602786 3.398951829 0.026134860 -0.489364202 -0.189941772 0.850741894
1403638556.227829456 -9.107999995 -4.671306416 3.640669255 0.016175681 -0.487785968 -0.197561699 0.850160321
1403638556.577829361 -8.866966346 -4.799500404 3.859379707 -0.000028976 -0.485931542 -0.200857494 0.850603787
1403638556.927829504 -8.680342442 -4.985872260 4.105047743 0.005962789 -0.494758190 -0.175080895 0.851190612
1403638557.227829456 -8.524661204 -5.155466476 4.363762205 0.013111767 -0.494388644 -0.178523627 0.850609937
1403638557.527829409 -8.363616616 -5.303584974 4.655548000 0.022462334 -0.490355694 -0.191018268 0.850034563
1403638557.777829409 -8.235211511 -5.460438172 4.891984409 0.027832453 -0.488179801 -0.195980748 0.849998461
1403638558.077829361 -8.093207321 -5.616809476 5.167483034 0.019545043 -0.484331181 -0.203063017 0.850768305
1403638558.277829409 -8.014825480 -5.703445446 5.355534876 0.002859397 -0.480664189 -0.209393989 0.851532688
1403638558.527829409 -7.948295449 -5.850940520 5.582123521 -0.007927796 -0.474487382 -0.220846675 0.852071370
1403638558.777829409 -7.943702091 -6.049556956 5.802621283 -0.009363025 -0.481099928 -0.199741192 0.853556471
1403638558.927829504 -7.955962258 -6.159479360 5.952467255 -0.002685567 -0.482501774 -0.195180554 0.853867306
1403638559.077829361 -7.977111360 -6.255691114 6.115678873 0.010239000 -0.483151086 -0.193902004 0.853734270
1403638559.277829409 -8.012354431 -6.367681391 6.342080053 0.020353392 -0.483154168 -0.197218866 0.852791011
1403638559.427829504 -8.041790367 -6.437940905 6.514615450 0.026116943 -0.481392491 -0.204298758 0.851963140
1403638559.577829361 -8.072596515 -6.490205209 6.689751498 0.030704728 -0.481363202 -0.206824454 0.851216971
1403638559.727829456 -8.111303902 -6.538843360 6.858925057 0.032387399 -0.482394852 -0.206944891 0.850541048
1403638559.877829313 -8.152599037 -6.592226884 7.015058346 0.031370959 -0.483390378 -0.205863762 0.850276259
1403638560.027829409 -8.197247550 -6.646555404 7.167473689 0.029542918 -0.474145389 -0.197961693 0.857394037
1403638560.177829266 -8.241076660 -6.687219673 7.324373351 0.029605857 -0.448766023 -0.183964762 0.874007732
1403638560.327829599 -8.284849328 -6.719752776 7.487053478 0.033439752 -0.415052240 -0.166184725 0.893865794
1403638560.477829456 -8.326088850 -6.739232654 7.645237397 0.042376717 -0.378421163 -0.145160262 0.913197753
1403638560.627829552 -8.361388319 -6.743769940 7.802500186 0.044115669 -0.341452533 -0.119832674 0.931184249
1403638560.777829409 -8.382753962 -6.755958542 7.955038122 0.040778331 -0.309612439 -0.093407202 0.945384768
1403638560.927829504 -8.386116357 -6.774781202 8.093785985 0.043048149 -0.277093246 -0.074129970 0.957011462
1403638561.077829361 -8.375498297 -6.812132916 8.221063657 0.050578575 -0.244320059 -0.059428654 0.966549405
1403638561.227829456 -8.348342524 -6.856432271 8.332031411 0.058207810 -0.217242900 -0.047101054 0.973241421
1403638561.477829456 -8.259240238 -6.926027434 8.482211113 0.048369125 -0.191790727 -0.054554233 0.978723955
1403638561.827829599 -8.100971482 -6.962159390 8.675979314 0.040496837 -0.184574928 -0.071948801 0.979344409
1403638562.227829456 -7.905582087 -6.956976677 8.873496052 0.042773788 -0.148616369 -0.062965461 0.985960916
1403638562.577829361 -7.733508358 -7.000152287 8.985962157 0.044872688 -0.096900352 -0.034231941 0.993692577
1403638562.827829599 -7.602282763 -7.042363794 9.031029810 0.044898573 -0.041864074 0.004110840 0.998105515
1403638563.077829361 -7.448221454 -7.059512060 9.067677927 0.044300846 0.014879450 0.036898360 0.998225700
1403638563.427829504 -7.185229498 -7.020309561 9.099553607 0.065996503 0.065637197 0.059091622 0.993903617
1403638563.777829409 -6.877973598 -6.935113599 9.053949220 0.057877591 0.069212973 0.059443492 0.994145975
1403638564.077829361 -6.571718618 -6.898158112 8.928049146 0.058958762 0.057704653 0.061534264 0.994689686
1403638564.377829313 -6.223353923 -6.823172792 8.756392613 0.065254501 0.048825183 0.049563496 0.995440310
1403638564.627829552 -5.901546374 -6.769736722 8.559007074 0.063527786 0.043147424 0.048601410 0.995861649
1403638564.877829313 -5.562837542 -6.675737222 8.335050244 0.061369548 0.039961048 0.059711215 0.995525722
1403638565.077829361 -5.271882691 -6.544580522 8.161203542 0.060728955 0.039067067 0.063933810 0.995338247
1403638565.227829456 -5.037450445 -6.410355862 8.029928972 0.058117283 0.039184764 0.063798752 0.995498194
1403638565.327829599 -4.877956389 -6.306362012 7.941307827 0.056803583 0.040902808 0.061662611 0.995639511
1403638565.427829504 -4.713247718 -6.194261703 7.854459151 0.056181371 0.042455121 0.058835874 0.995780878
1403638565.577829361 -4.449755440 -6.045028791 7.711765734 0.061064508 0.048061281 0.052239515 0.995606485
1403638565.677829266 -4.274131692 -5.952449342 7.607431538 0.061716388 0.054844114 0.040825132 0.995749225
1403638565.827829599 -4.016701095 -5.822924533 7.435013744 0.054932477 0.062014814 0.030450242 0.996097068
1403638565.977829456 -3.759613943 -5.696014110 7.250396299 0.049689577 0.066789233 0.025263637 0.996208760
1403638566.077829361 -3.597590568 -5.605069627 7.131398933 0.047990838 0.068576248 0.024804769 0.996182163
1403638566.227829456 -3.356253257 -5.463963160 6.952802932 0.047771526 0.068238821 0.026319236 0.996177014
1403638566.377829313 -3.129378689 -5.294822518 6.778229156 0.046046485 0.067933756 0.025426716 0.996302267
1403638566.527829409 -2.901919924 -5.151059416 6.593395415 0.043216250 0.064742014 0.027533569 0.996585536
1403638566.627829552 -2.760764714 -5.027503333 6.482519757 0.031761318 0.062637668 0.027919138 0.997140042
1403638566.727829456 -2.612006170 -4.892380157 6.372254092 0.010340040 0.060310185 0.028171329 0.997728491
1403638566.827829599 -2.469895559 -4.755056688 6.268241521 -0.006887967 0.058717473 0.025487127 0.997925458
1403638566.927829504 -2.328718118 -4.608368815 6.177514153 -0.017292970 0.056684543 0.023298386 0.997970441
1403638567.027829409 -2.193099017 -4.470758328 6.097803070 -0.016262628 0.055268075 0.023120967 0.998071334
1403638567.127829552 -2.060685544 -4.345167652 6.025852770 0.006293494 0.056219968 0.019784874 0.998202517
1403638567.327829599 -1.796810393 -4.087734418 5.895706786 0.035340110 0.059189967 0.014364504 0.997517561
1403638567.477829456 -1.607454263 -3.895239988 5.798703941 0.033506541 0.061830156 0.013251636 0.997436082
1403638567.627829552 -1.425513279 -3.711645593 5.699273410 0.024357688 0.064920396 0.012889672 0.997509850
1403638567.827829599 -1.208495348 -3.498920896 5.556350330 0.011703091 0.069159428 0.011449494 0.997471263
1403638568.077829361 -0.965194417 -3.288143236 5.386163717 0.008338215 0.071421984 0.011878333 0.997340604
1403638568.327829599 -0.746777941 -3.127861323 5.225292588 0.010551425 0.074030832 0.009309271 0.997156678
1403638568.627829552 -0.527195320 -2.946828744 5.066283491 0.003661446 0.075272054 0.008098046 0.997123429
1403638568.977829456 -0.326847559 -2.769138739 4.927500507 0.002040717 0.075664191 0.006770172 0.997108284
1403638569.627829552 -0.106606284 -2.614038532 4.786815336 0.004766986 0.079272975 0.001804361 0.996839915
1403638570.677829266 -0.127409649 -2.498860525 4.830237965 0.022632563 0.102539407 0.091322573 0.990269471
1403638570.977829456 -0.067245374 -2.399586302 4.866966106 0.057153941 0.173044187 0.132293903 0.974313841
1403638571.177829266 0.021603933 -2.308023325 4.852124536 0.043669727 0.222233884 0.137603426 0.964246002
1403638571.477829456 0.219041252 -2.188408252 4.758217638 0.035789785 0.262432911 0.129757206 0.955516157
1403638571.777829409 0.428507963 -2.083898314 4.619241165 0.027077493 0.295225533 0.140400102 0.944667404
1403638571.977829456 0.576996756 -2.002583613 4.515204529 0.022702453 0.329140465 0.163103523 0.929810945
1403638572.127829552 0.708894555 -1.956190167 4.422721174 0.023229220 0.357243784 0.176852980 0.916820760
1403638572.277829409 0.850350828 -1.906149808 4.311093113 0.017594392 0.388575809 0.183376946 0.902813477
1403638572.427829504 1.003151654 -1.853417131 4.199234957 0.008323017 0.418579934 0.193437234 0.887301303
1403638572.577829361 1.159461371 -1.799879822 4.093798292 0.002054507 0.441197671 0.195030335 0.875958654
1403638572.777829409 1.376132879 -1.738670018 3.949889911 -0.006336433 0.455158936 0.191764203 0.869492198
1403638572.977829456 1.604525643 -1.707335176 3.809703673 -0.015148425 0.457477888 0.187965686 0.868995632
1403638573.177829266 1.839194364 -1.679757567 3.687662996 -0.019549391 0.454174361 0.187118180 0.870821599
1403638573.377829313 2.085318195 -1.654345750 3.590332973 -0.020710980 0.450792923 0.185968704 0.872795759
1403638573.527829409 2.280257003 -1.644852840 3.524884564 -0.023197720 0.454273455 0.183828544 0.871380835
1403638573.677829266 2.481461707 -1.658965217 3.469196762 -0.025649777 0.457467509 0.182533631 0.869912088
1403638573.777829409 2.619999430 -1.676644247 3.436544419 -0.024361897 0.465009341 0.181548443 0.866148355
1403638573.927829504 2.836016646 -1.701420002 3.400475169 -0.010568329 0.488155087 0.178435923 0.854256134
1403638574.077829361 3.048833145 -1.717189910 3.369735235 0.014490568 0.513141587 0.196832091 0.835304054
1403638574.227829456 3.255929546 -1.734418084 3.350894603 0.036564431 0.541447574 0.220212135 0.810557945
1403638574.377829313 3.449476458 -1.728648042 3.323758070 0.038685549 0.572433112 0.236258366 0.784223020
1403638574.527829409 3.642907546 -1.709711046 3.280229819 0.032622421 0.601266389 0.247221987 0.759141487
1403638574.677829266 3.825532873 -1.695861077 3.226971479 0.028400233 0.622100467 0.249258639 0.741656637
1403638574.827829599 3.998493780 -1.692211857 3.164221750 0.013804674 0.634441942 0.245499987 0.732818265
1403638575.077829361 4.272372307 -1.680934533 3.058204906 0.005656071 0.632393356 0.260091202 0.729656919
1403638575.277829409 4.495543997 -1.653219982 2.980483589 0.014268528 0.627305762 0.268643033 0.730831589
1403638575.527829409 4.778673941 -1.582190563 2.877858856 0.002729256 0.620820969 0.270554838 0.735781187
1403638575.677829266 4.957411610 -1.543391487 2.805001101 -0.009581425 0.620090521 0.262554332 0.739230117
1403638575.877829313 5.208392012 -1.515469191 2.704739673 -0.023863535 0.618217596 0.257427809 0.742272496
1403638576.027829409 5.410404178 -1.521040142 2.624542571 -0.023310057 0.616938810 0.256840762 0.743556298
1403638576.177829266 5.623997454 -1.544117188 2.550840180 -0.020779254 0.618031195 0.254693303 0.743462834
1403638576.327829599 5.847669744 -1.565314196 2.482060363 -0.023810789 0.621123597 0.247407273 0.743255114
1403638576.477829456 6.072326851 -1.574700570 2.421443855 -0.029429274 0.623591767 0.241082651 0.743065530
1403638576.627829552 6.309055072 -1.578705259 2.382713846 -0.039790555 0.626330855 0.233973591 0.742551500
1403638576.777829409 6.549347704 -1.585582347 2.360820048 -0.035587696 0.628958497 0.226705635 0.742798277
1403638576.927829504 6.791147180 -1.589499871 2.362597228 -0.020725908 0.630602561 0.224167600 0.742737998
1403638577.077829361 7.032585757 -1.592978677 2.377145571 -0.008371622 0.628567098 0.231124085 0.742573213
1403638577.277829409 7.346663808 -1.617677524 2.400522493 -0.004415805 0.627613473 0.234276072 0.742426125
1403638577.427829504 7.573647848 -1.659720228 2.414512665 -0.015369597 0.630699411 0.224148689 0.742791622
1403638577.577829361 7.796585941 -1.707973769 2.443370495 -0.016109605 0.630234104 0.224763318 0.742985132
1403638577.727829456 8.013882219 -1.747185258 2.488817409 -0.013726778 0.628445591 0.229148288 0.743208434
1403638577.877829313 8.230674175 -1.775446328 2.544565422 -0.012207102 0.626845673 0.231374406 0.743896077
1403638578.027829409 8.442954744 -1.807193599 2.612644077 -0.012227369 0.626707809 0.228964413 0.744757081
1403638578.177829266 8.651831024 -1.852232802 2.679432804 -0.003768528 0.623570608 0.234746914 0.745680482
1403638578.327829599 8.859752022 -1.914240758 2.746548798 0.007853449 0.618855508 0.246551039 0.745767235
1403638578.477829456 9.067218007 -1.962177766 2.813273397 0.008960895 0.619260554 0.246856289 0.745317410
1403638578.627829552 9.267925801 -1.998145328 2.880642692 0.009734388 0.620141869 0.246799902 0.744593253
1403638578.827829599 9.528673889 -2.030188811 2.969399142 0.000282184 0.624075238 0.237004087 0.744552940
1403638578.977829456 9.726225668 -2.049141550 3.041871226 -0.003268316 0.626261295 0.230376365 0.744790466
1403638579.127829552 9.916259734 -2.081253556 3.115492377 -0.003546740 0.626260746 0.228355128 0.745411855
1403638579.277829409 10.097967325 -2.134166486 3.182822198 -0.001226830 0.624934400 0.230295559 0.745935283
1403638579.427829504 10.275518257 -2.195123794 3.255616749 0.008396864 0.621082946 0.239653167 0.746158044
1403638579.577829361 10.447891014 -2.241899960 3.327386889 0.020261134 0.617407594 0.241320347 0.748439603
1403638579.727829456 10.607427006 -2.281571500 3.396253792 0.029640611 0.608234470 0.222468130 0.761367319
1403638579.877829313 10.752766123 -2.303491419 3.472794588 0.020482699 0.581234063 0.204034823 0.787475215
1403638580.027829409 10.886218864 -2.314065767 3.552275464 0.019760244 0.539380880 0.183532274 0.821580004
1403638580.177829266 11.001320628 -2.331679609 3.636223398 0.034735105 0.487568323 0.153666411 0.858753304
1403638580.327829599 11.106265410 -2.325416214 3.726106640 0.037435798 0.426935254 0.135934190 0.893222674
1403638580.477829456 11.186028731 -2.308895972 3.802452101 0.035198989 0.377379312 0.136046381 0.915334512
1403638580.627829552 11.256330223 -2.288899980 3.872667348 0.032173589 0.345416921 0.133429343 0.928358024
1403638580.777829409 11.323285286 -2.274388471 3.925420398 0.019529410 0.318276084 0.124725519 0.939554406
1403638580.927829504 11.390889778 -2.277026270 3.976163969 0.012880088 0.304679952 0.117184082 0.945130743
1403638581.077829361 11.462284670 -2.296509389 4.013834544 0.012365691 0.299398834 0.117611878 0.946770761
1403638581.227829456 11.535301719 -2.329860120 4.046120520 0.011651535 0.301505618 0.114014390 0.946551278
1403638581.527829409 11.678692037 -2.411106480 4.108884882 0.014166860 0.310958882 0.112262709 0.943663583
1403638581.677829266 11.743770272 -2.463853296 4.138544782 0.019962086 0.316887490 0.108627421 0.942010572
1403638581.827829599 11.802001329 -2.496308061 4.173165822 0.025987340 0.320448988 0.108065388 0.940722582
1403638581.977829456 11.854314096 -2.526794914 4.212270436 0.041764211 0.323915378 0.103774849 0.939449498
1403638582.177829266 11.894382088 -2.562094710 4.239235230 0.025508146 0.321988961 0.110210784 0.939960652
1403638582.627829552 11.938331478 -2.740436273 4.270732052 0.029271396 0.324693725 0.102999365 0.939738422
1403638582.777829409 11.934438334 -2.820773626 4.261393257 0.024540765 0.324040623 0.105668364 0.939802970
1403638582.927829504 11.920095299 -2.904640477 4.251436322 0.019967991 0.324773202 0.106732316 0.939538109
1403638583.227829456 11.879785160 -3.026269066 4.250004999 0.009593031 0.324659615 0.111562474 0.939179388
1403638583.377829313 11.851740984 -3.074113387 4.262176880 0.009677836 0.324713741 0.111703534 0.939143038
1403638583.527829409 11.824649382 -3.112663061 4.283143168 0.008346848 0.324693811 0.111899942 0.939139320
1403638583.677829266 11.794222835 -3.176787532 4.296869073 0.007842726 0.325551803 0.109312110 0.939151413
1403638583.827829599 11.760683033 -3.237364874 4.320459827 0.008656671 0.325681493 0.109126194 0.939120919
1403638583.977829456 11.723174224 -3.285655355 4.348835322 0.010469200 0.325868730 0.108434074 0.939117681
1403638584.127829552 11.686313071 -3.336357819 4.371602993 0.023259003 0.327671429 0.102019864 0.938979446
1403638584.277829409 11.636293959 -3.378324911 4.412160788 0.046181489 0.329634387 0.095692379 0.938110553
1403638584.477829456 11.546615747 -3.391299590 4.460478181 0.051398411 0.330688206 0.093153262 0.937723831
1403638584.677829266 11.433374438 -3.410521354 4.479210103 0.048126631 0.329079303 0.095777206 0.938199002
1403638584.827829599 11.323471772 -3.418699440 4.478166316 0.031901814 0.326013813 0.102157117 0.939287598
1403638585.127829552 11.099381003 -3.474102477 4.479476441 0.015837905 0.322845384 0.112891135 0.939561393
1403638585.277829409 10.985771687 -3.476502634 4.480949686 0.019530615 0.322934402 0.111886179 0.939581508
1403638585.427829504 10.870048999 -3.478335216 4.489920884 0.022436719 0.323084143 0.111460914 0.939515671
1403638585.727829456 10.635001052 -3.486328888 4.491690800 0.010884525 0.321641988 0.113542409 0.939965999
1403638585.877829313 10.513522573 -3.517605872 4.488491590 -0.000075419 0.319695137 0.119124439 0.940002331
1403638586.027829409 10.403612414 -3.574514242 4.481840651 0.002811002 0.319705766 0.121087465 0.939743660
1403638586.177829266 10.301648650 -3.614919132 4.484714440 0.010892842 0.321757751 0.118309166 0.939338191
1403638586.327829599 10.198837559 -3.647993009 4.494276293 0.018557430 0.324224319 0.113778617 0.938929518
1403638586.477829456 10.094912035 -3.669793762 4.504150450 0.023119895 0.329634373 0.101196631 0.938384725
1403638586.627829552 9.983451670 -3.684677204 4.526663297 0.022744987 0.330058272 0.101114265 0.938253755
1403638586.777829409 9.862060599 -3.685894014 4.547270273 0.023199317 0.327759850 0.106540801 0.938447830
1403638586.927829504 9.739574836 -3.684874692 4.574033831 0.025301545 0.326838501 0.107925427 0.938556620
1403638587.077829361 9.612681375 -3.669014015 4.608102845 0.025467948 0.326493181 0.108868089 0.938563437
1403638587.227829456 9.487899744 -3.654903383 4.625071630 0.021722394 0.325341034 0.109294233 0.939008051
1403638587.377829313 9.356670764 -3.659167804 4.641458839 0.018049187 0.324834819 0.110641704 0.939103285
1403638587.677829266 9.092821994 -3.667825997 4.670551292 0.018565733 0.324114141 0.115141602 0.938801230
1403638587.827829599 8.958755292 -3.666146199 4.686267942 0.018812388 0.324200666 0.116367703 0.938615246
1403638587.977829456 8.825665914 -3.643106882 4.711202842 0.019907421 0.324302193 0.117153915 0.938459771
1403638588.277829409 8.563539465 -3.575472065 4.757476606 0.018311568 0.328262902 0.104517486 0.938607612
1403638588.427829504 8.422829486 -3.571271612 4.781551986 0.017056561 0.328381884 0.104591809 0.938581358
1403638588.577829361 8.281315942 -3.572254371 4.796745572 0.018437354 0.326953215 0.108063047 0.938660768
1403638589.077829361 7.794719942 -3.600308488 4.826685130 0.023366131 0.325247496 0.115441305 0.938265099
1403638589.227829456 7.649138079 -3.593907836 4.840023907 0.023241121 0.325954484 0.114530725 0.938134445
1403638589.377829313 7.501878470 -3.579425837 4.858450432 0.024947922 0.326236565 0.114073996 0.938048201
1403638589.527829409 7.354763662 -3.570213425 4.863511544 0.023328439 0.325633464 0.115272800 0.938152873
1403638589.677829266 7.207686788 -3.571894159 4.864675422 0.022474049 0.325559632 0.115718058 0.938144538
1403638589.977829456 6.917726166 -3.574924773 4.848628464 0.018884287 0.326613728 0.117052952 0.937691561
1403638590.277829409 6.625843551 -3.552884171 4.850114899 0.021305631 0.327690684 0.118237004 0.937115199
1403638590.477829456 6.433063065 -3.522218265 4.851211725 0.018976762 0.328347597 0.118755192 0.936869757
1403638590.627829552 6.288151485 -3.506361194 4.849004832 0.015132799 0.327724868 0.120392873 0.936948753
1403638590.777829409 6.149420317 -3.490865753 4.845945833 0.012942683 0.326651609 0.122496730 0.937083649
1403638591.027829409 5.927264253 -3.507877544 4.824928027 0.009590666 0.326026034 0.124717347 0.937048893
1403638591.177829266 5.801277799 -3.522710011 4.813118180 0.000868628 0.325412890 0.127122489 0.936987497
1403638591.327829599 5.682896872 -3.529562327 4.810794728 -0.014912998 0.323420475 0.133037180 0.936737908
1403638591.577829361 5.508670896 -3.521177602 4.840767205 -0.028428341 0.320801033 0.141499839 0.936085638
1403638591.977829456 5.336387686 -3.522050675 4.965489140 -0.016396687 0.322038226 0.139003096 0.936322951
1403638592.227829456 5.278205257 -3.586733372 5.060944367 0.001264368 0.317073815 0.136124011 0.938580231
1403638592.377829313 5.257461528 -3.654070615 5.106716616 0.019011383 0.300911455 0.132788880 0.944170523
1403638592.527829409 5.242100958 -3.731871484 5.144277368 0.020281665 0.276287581 0.124113456 0.952811459
1403638592.727829456 5.239143948 -3.849640011 5.177019747 0.004539807 0.253348597 0.112990488 0.960742956
1403638593.077829361 5.275770700 -4.028875620 5.255841500 -0.010637705 0.239193466 0.107064684 0.964992476
1403638593.377829313 5.352482800 -4.191629257 5.349543644 0.003978973 0.246911832 0.089542756 0.964883832
1403638593.527829409 5.395759645 -4.279880973 5.399934507 0.014018170 0.253083603 0.079375256 0.964080780
1403638593.777829409 5.450020835 -4.399540833 5.501708465 0.022610972 0.257586684 0.075336180 0.963048443
1403638593.927829504 5.466210664 -4.469773536 5.555621448 0.047564893 0.251313025 0.078042191 0.963581217
1403638594.127829552 5.474095838 -4.565820326 5.608171201 0.037607642 0.236836641 0.080884921 0.967445968
1403638594.377829313 5.470071965 -4.670326983 5.647871878 0.032923063 0.231899309 0.069564334 0.969690459
1403638594.627829552 5.443802037 -4.795341928 5.666072973 0.034977942 0.226556279 0.070862365 0.970786960
1403638594.977829456 5.377098427 -4.962797948 5.663348545 0.028490567 0.225746392 0.078393134 0.970608763
1403638595.527829409 5.248429906 -5.019108951 5.666310442 0.024410858 0.227154176 0.081834960 0.970107277
1403638596.177829266 5.073499164 -4.976551796 5.668327385 0.016330095 0.239419810 0.049469493 0.969517536
1403638596.577829361 4.855952173 -4.985027624 5.689813609 0.008887581 0.251482950 0.008836362 0.967780582
1403638596.877829313 4.547476314 -5.082742694 5.713301714 0.008041223 0.256617716 -0.009775529 0.966430093
1403638597.077829361 4.256753982 -5.178803031 5.752946058 0.010843555 0.259244770 -0.013903662 0.965650690
1403638597.227829456 3.999993749 -5.242873935 5.801947231 0.015601069 0.261001515 -0.013709503 0.965114949
1403638597.327829599 3.805754156 -5.274683419 5.841825780 0.019994577 0.260295251 -0.008743744 0.965282418
1403638597.427829504 3.599285973 -5.305218416 5.885620064 0.024996200 0.258462672 -0.000362279 0.965697730
1403638597.527829409 3.378074452 -5.332555727 5.941750530 0.034728416 0.254095990 0.013306679 0.966463707
1403638597.627829552 3.148192528 -5.356761920 5.987472517 0.041770887 0.250644404 0.024991340 0.966854699
1403638597.727829456 2.911193065 -5.383926226 6.038025595 0.042271399 0.250640898 0.025528616 0.966819817
1403638597.827829599 2.665620495 -5.390696997 6.085508688 0.038542035 0.249380487 0.014422846 0.967530809
1403638597.927829504 2.413589914 -5.404003773 6.131658806 0.034391775 0.246113765 0.002963743 0.968626056
1403638598.077829361 2.012138494 -5.423362965 6.201537099 0.036385354 0.236234060 0.001590065 0.971013412
1403638598.177829266 1.730879412 -5.443031201 6.242951144 0.037958384 0.223316201 0.021293665 0.973773904
1403638598.277829409 1.444750029 -5.461163540 6.280555382 0.037510289 0.213321691 0.038221347 0.975513179
1403638598.377829313 1.157545838 -5.481517226 6.311112926 0.035367296 0.206831409 0.048782859 0.976519408
1403638598.477829456 0.868648952 -5.492001497 6.346676926 0.031694254 0.204386110 0.052372295 0.976974378
1403638598.577829361 0.582689752 -5.494178388 6.385086505 0.029490644 0.199099645 0.053512192 0.978072635
1403638598.727829456 0.163283880 -5.490197476 6.434496156 0.027423283 0.183927135 0.046988840 0.981433045
1403638598.827829599 -0.117317186 -5.490319106 6.466050878 0.028913247 0.169329098 0.041502044 0.984260769
1403638598.927829504 -0.397931292 -5.496751952 6.491441136 0.027779951 0.153017785 0.033719036 0.987257240
1403638599.027829409 -0.680392966 -5.496117395 6.517228915 0.028726644 0.134218442 0.027596842 0.990150799
1403638599.127829552 -0.955322534 -5.516516402 6.536819309 0.028960595 0.115208829 0.018602775 0.992744754
1403638599.227829456 -1.228650138 -5.525068704 6.552001033 0.028913502 0.095425386 0.009689907 0.994969402
1403638599.327829599 -1.498135376 -5.538067910 6.567191984 0.027626615 0.074363065 0.001780183 0.996846897
1403638599.427829504 -1.762276928 -5.555089169 6.574369911 0.024139035 0.057058451 -0.006401482 0.998058446
1403638599.527829409 -2.036316999 -5.573789834 6.587675567 0.020967851 0.045612842 -0.011996621 0.998667061
1403638599.677829266 -2.429467335 -5.585776565 6.608905864 0.017510775 0.035078744 -0.014406310 0.999127276
1403638599.777829409 -2.689253318 -5.594039260 6.628372946 0.017627318 0.033222183 -0.014722854 0.999184068
1403638599.877829313 -2.944550117 -5.606182570 6.645137832 0.014755059 0.032409419 -0.011955741 0.999294240
1403638600.027829409 -3.324554059 -5.616380264 6.675312654 0.014750930 0.031254641 -0.000501531 0.999402474
1403638600.177829266 -3.704465726 -5.616362128 6.707980928 0.009015957 0.026886456 0.021422921 0.999368245
1403638600.277829409 -3.951410255 -5.612596460 6.739765389 0.004636229 0.024365137 0.035722798 0.999053916
1403638600.377829313 -4.179861824 -5.612643559 6.768848385 0.000932782 0.022306509 0.046901932 0.998649968
1403638600.477829456 -4.397943989 -5.613821003 6.806241971 -0.001593680 0.020405340 0.055723452 0.998236435
1403638600.627829552 -4.697510906 -5.631356832 6.859508575 -0.004850280 0.021988231 0.056466264 0.998150567
1403638600.777829409 -4.962154210 -5.668203103 6.919310958 -0.012362217 0.021108703 0.058844680 0.997967385
1403638600.927829504 -5.194052067 -5.718552226 6.987806824 -0.021092283 0.028505986 0.034279276 0.998782987
1403638601.077829361 -5.407973941 -5.768533001 7.076164286 -0.022030861 0.034531968 0.013072379 0.999075221
1403638601.227829456 -5.611743119 -5.818357952 7.179375362 -0.014895747 0.039026752 -0.001886226 0.999125353
1403638601.377829313 -5.816315175 -5.867694858 7.297342750 0.001128760 0.036985992 -0.010185679 0.999263236
1403638601.527829409 -6.025409895 -5.929115084 7.418121198 0.014337091 0.015898499 -0.009161620 0.999728838
1403638601.677829266 -6.229172804 -6.000552520 7.533786492 0.021732160 -0.013658539 -0.023513647 0.999393949
1403638601.827829599 -6.435783682 -6.080857308 7.638209268 0.027042093 -0.052541153 -0.045506474 0.997214778
1403638601.977829456 -6.647975002 -6.175701586 7.730664234 0.030347378 -0.091393432 -0.065993453 0.993162193
1403638602.127829552 -6.854945702 -6.251422317 7.830094771 0.031245830 -0.117560392 -0.078649105 0.989453167
1403638602.277829409 -7.070968717 -6.315421558 7.922187280 0.040806441 -0.140466051 -0.093995626 0.984768473
1403638602.427829504 -7.303350739 -6.366010310 8.012958236 0.066971064 -0.182245738 -0.085175879 0.977264773
1403638602.577829361 -7.520427487 -6.437435483 8.061261395 0.109120914 -0.230140344 -0.063533647 0.964930839
1403638602.727829456 -7.715447231 -6.501903663 8.073701548 0.116027326 -0.265261240 -0.067001672 0.954821926
1403638602.877829313 -7.868839290 -6.563428475 8.045861745 0.110262427 -0.294723929 -0.084202629 0.945457519
1403638603.027829409 -7.991955500 -6.618747882 7.985721769 0.095237056 -0.332396800 -0.086761869 0.934299015
1403638603.177829266 -8.078524447 -6.651847023 7.911914412 0.095962417 -0.362198495 -0.093199291 0.922451818
1403638603.327829599 -8.135371923 -6.660558878 7.835165537 0.063350348 -0.372522761 -0.116729007 0.918470394
1403638603.577829361 -8.189468433 -6.642610064 7.711387224 0.035655147 -0.378897102 -0.134883660 0.914861790
1403638603.827829599 -8.224684825 -6.591358111 7.599468826 0.066142717 -0.379355027 -0.148302410 0.910890388
1403638604.077829361 -8.231884742 -6.487640266 7.478642209 0.090483706 -0.372113424 -0.163375735 0.909204415
1403638604.277829409 -8.222476813 -6.397302319 7.328660662 0.084521873 -0.375147189 -0.158050128 0.909472812
1403638604.427829504 -8.205116180 -6.338942092 7.180429988 0.065044029 -0.378178093 -0.152354856 0.910790098
1403638604.577829361 -8.182167048 -6.282922051 7.022188255 0.050976739 -0.376406021 -0.157060814 0.911620414
1403638604.827829599 -8.137178130 -6.173779191 6.748483227 0.038739501 -0.379862966 -0.148461479 0.912229449
1403638605.127829552 -8.078799644 -6.060004924 6.424555575 0.008914549 -0.376831111 -0.156564768 0.912910903
1403638605.527829409 -8.032501334 -5.960528859 6.038194205 0.037360823 -0.367840814 -0.181319497 0.911274132
1403638605.877829313 -8.051892116 -5.840667572 5.697395661 0.054556908 -0.362718624 -0.194983373 0.909637416
1403638606.177829266 -8.123944028 -5.747657913 5.333926454 0.056368344 -0.356788323 -0.204278572 0.909832384
1403638606.427829504 -8.225626349 -5.611071019 5.004298392 0.033952587 -0.358728347 -0.194444623 0.912333537
1403638606.577829361 -8.311266073 -5.508156822 4.805137132 0.009959327 -0.363488631 -0.181268098 0.913738860
1403638606.777829409 -8.439157639 -5.361392433 4.557662241 -0.007295663 -0.378720963 -0.184818694 0.906840259
1403638606.877829313 -8.513842261 -5.282145588 4.444950741 -0.012000258 -0.393037998 -0.190686035 0.899453146
1403638606.977829456 -8.590603317 -5.214100235 4.335763513 -0.013937215 -0.411197249 -0.197699949 0.889740022
1403638607.077829361 -8.682645965 -5.155075183 4.230435584 -0.014408440 -0.430790460 -0.201813858 0.879478904
1403638607.177829266 -8.774929719 -5.103632057 4.130035528 -0.008892567 -0.448684135 -0.198558133 0.871308291
1403638607.327829599 -8.923972203 -5.035702341 3.992863039 0.010262221 -0.468347703 -0.190677425 0.862662875
1403638607.477829456 -9.078010771 -4.957834438 3.871428752 0.015784114 -0.478617222 -0.185269458 0.858109343
1403638607.727829456 -9.317553562 -4.810339990 3.708408199 0.020041093 -0.482200601 -0.185031565 0.856063231
1403638607.977829456 -9.543870800 -4.650799500 3.569856555 0.011056254 -0.481168062 -0.178919787 0.858104169
1403638608.177829266 -9.709251918 -4.510559186 3.495806406 0.021954293 -0.477557732 -0.178827649 0.859928656
1403638608.427829504 -9.904781459 -4.320970124 3.426869776 0.042947853 -0.475668436 -0.177066415 0.860547794
1403638608.677829266 -10.068809504 -4.109410640 3.367091563 0.044683589 -0.476516758 -0.172998118 0.860817523
1403638608.877829313 -10.172498513 -3.953860415 3.310901031 0.038234123 -0.476457995 -0.174316623 0.860894678
1403638609.127829552 -10.272754560 -3.794861925 3.233262095 0.025923042 -0.475987715 -0.176531254 0.861162242
1403638609.427829504 -10.359515540 -3.627337515 3.163408210 0.025549462 -0.479367974 -0.167000376 0.861199422
1403638609.677829266 -10.405821068 -3.453702879 3.137644508 0.027835183 -0.475739411 -0.174721507 0.861608734
1403638609.927829504 -10.433440675 -3.295609111 3.133934097 0.027080459 -0.475909809 -0.175399844 0.861400834
1403638610.477829456 -10.416572871 -3.021066563 3.111228961 0.043289248 -0.478725601 -0.164952661 0.861242393
1403638610.777829409 -10.337191139 -2.842198903 3.111281713 0.050763301 -0.480883304 -0.160107827 0.860546233
1403638610.977829456 -10.247000794 -2.745481277 3.106023177 0.037896924 -0.481283199 -0.165586378 0.859948520
1403638611.377829313 -10.005690518 -2.553697424 3.096390830 0.047671900 -0.481246759 -0.170095511 0.858601458
1403638611.627829552 -9.812601123 -2.457631644 3.070092135 0.055414769 -0.470263346 -0.193740473 0.859212557
1403638612.027829409 -9.495483610 -2.298129552 2.987336777 0.027776835 -0.475379844 -0.176029699 0.861542800
1403638612.627829552 -8.997286138 -2.121671955 2.890007270 0.035828407 -0.469210463 -0.180815083 0.863634050
1403638613.127829552 -8.579593836 -1.940735108 2.811993672 0.039510826 -0.462752311 -0.179275901 0.867271206
1403638613.727829456 -8.073615078 -1.803248956 2.624679788 0.044348300 -0.457861184 -0.163729088 0.872690753
1403638614.027829409 -7.801300167 -1.672323910 2.546707336 0.049196426 -0.428561791 -0.150413487 0.889544988
1403638614.177829266 -7.652971296 -1.592557784 2.510141714 0.044161811 -0.400197233 -0.145176317 0.903778593
1403638614.377829313 -7.446641904 -1.507940786 2.446049472 0.037465579 -0.370336468 -0.137001699 0.917974817
1403638614.627829552 -7.181023145 -1.450208093 2.349535878 0.031895927 -0.350570686 -0.122570029 0.927932881
1403638614.827829599 -6.957698633 -1.432071009 2.267446950 0.017498226 -0.326966980 -0.100417466 0.939522612
1403638614.977829456 -6.781485983 -1.440317609 2.210225197 0.008076816 -0.297057276 -0.086731630 0.950878207
1403638615.127829552 -6.597255462 -1.469300641 2.165372396 0.010208962 -0.255442434 -0.076212640 0.963761679
1403638615.277829409 -6.412741734 -1.512895991 2.120824906 0.023974506 -0.206374370 -0.069292205 0.975722006
1403638615.427829504 -6.224950713 -1.547892474 2.079300319 0.030615394 -0.158111523 -0.054698928 0.985429587
1403638615.527829409 -6.100296809 -1.567494452 2.058349698 0.031868546 -0.127310244 -0.044232641 0.990363555
1403638615.627829552 -5.968957281 -1.579773909 2.042307270 0.033165497 -0.103520608 -0.034991723 0.993458159
1403638615.777829409 -5.783400628 -1.596322605 2.004374779 0.033315129 -0.080740976 -0.025133518 0.995861086
1403638615.927829504 -5.601533585 -1.620524119 1.961021033 0.033764338 -0.063966202 -0.015091267 0.997266538
1403638616.077829361 -5.417796218 -1.640142532 1.917475418 0.032504757 -0.043215454 -0.006908380 0.998512964
1403638616.277829409 -5.176306486 -1.626189636 1.878269387 0.031067174 -0.008153635 0.008931324 0.999444136
1403638616.427829504 -4.988929233 -1.575759456 1.856072476 0.029797486 0.023680907 0.021929827 0.999034738
1403638616.577829361 -4.806085198 -1.518763247 1.843877951 0.025063794 0.046860652 0.032237632 0.998066441
1403638616.727829456 -4.624100170 -1.448229539 1.829936568 0.008162345 0.059026188 0.042078537 0.997335792
1403638616.877829313 -4.441667688 -1.380575146 1.828204001 -0.011124342 0.060136518 0.055295899 0.996595310
1403638617.077829361 -4.181198635 -1.312077278 1.835356148 -0.000333055 0.064929141 0.042755010 0.996973473
1403638617.277829409 -3.916683112 -1.288018296 1.847324650 0.001073539 0.064742344 0.029143335 0.997475785
1403638617.477829456 -3.656438614 -1.292667251 1.865607137 -0.010672399 0.060794927 0.024267532 0.997798158
1403638617.677829266 -3.404553498 -1.343572699 1.896264973 -0.009309568 0.057968644 0.017811467 0.998116085
1403638617.877829313 -3.163812185 -1.435281606 1.937195472 -0.006508550 0.055650455 0.012009070 0.998356874
1403638618.077829361 -2.932116215 -1.539232301 1.995834308 -0.003660281 0.052215970 0.012005838 0.998556936
1403638618.327829599 -2.662257380 -1.650562690 2.102388005 -0.002608689 0.049369347 0.010827354 0.998718494
1403638618.677829266 -2.312175351 -1.791942259 2.307580803 -0.000666300 0.053153115 0.008828533 0.998547124
1403638618.977829456 -2.040583937 -1.946124047 2.507384706 0.010271202 0.071013194 0.015021446 0.997309373
1403638619.127829552 -1.911732472 -2.017619037 2.621283872 0.017543607 0.098958500 0.023009390 0.994670802
1403638619.277829409 -1.793008059 -2.078121850 2.731912889 0.020922445 0.135075429 0.040560625 0.989783671
1403638619.427829504 -1.677165263 -2.118801193 2.856374544 0.023836333 0.172711443 0.058238453 0.982960258
1403638619.627829552 -1.541857767 -2.155688652 3.020821428 0.027036311 0.200500162 0.080107766 0.976038661
1403638620.077829361 -1.230639322 -2.206827621 3.353680802 0.035543663 0.214074172 0.108500415 0.970121929
1403638620.627829552 -0.805107105 -2.289239043 3.595126258 0.031271607 0.217302365 0.095866830 0.970881723
1403638621.127829552 -0.398690311 -2.293241176 3.748501413 0.023337206 0.212516519 0.079784916 0.973615156
1403638621.577829361 -0.061789141 -2.314502702 3.852789157 0.034338908 0.208569851 0.069483812 0.974931514
1403638622.177829266 0.281161196 -2.223400350 3.957670042 0.047428523 0.205833430 0.069421302 0.974968624
1403638622.977829456 0.507639600 -2.143441119 3.763187085 0.071210083 0.214390298 0.062136356 0.972165108
1403638623.827829599 0.470257640 -1.924114007 3.169868879 0.038005660 0.212675458 0.074051226 0.973571330
1403638624.627829552 0.368267884 -1.655986826 2.499130311 0.054266819 0.215686276 0.091114163 0.970686742
1403638625.177829266 0.287748992 -1.416064249 1.973328303 0.033545515 0.191466828 0.079664214 0.977685412
1403638625.827829599 0.207017999 -1.190278102 1.317678550 0.018069201 0.186247400 0.080624565 0.979022517
1403638626.577829361 0.194077649 -0.869138978 0.673042035 0.017144772 0.193791248 0.066381162 0.978644241
1403638627.377829313 0.187816277 -0.616370928 0.186888108 0.001999433 0.190148166 0.066767213 0.979480381
1403638627.927829504 0.193453999 -0.463576162 0.038163693 0.010815619 0.194022812 0.061451566 0.979010662
1403638628.077829361 0.187962960 -0.426196618 0.011212659 0.006951229 0.195031565 0.060718783 0.978891004
1403638628.277829409 0.181896840 -0.387635695 -0.009476053 0.005022952 0.196350418 0.061086754 0.978616213
1403638628.827829599 0.135888577 -0.352609979 -0.042914162 0.025341040 0.190400504 0.081735030 0.977969767
1403638629.127829552 0.128144878 -0.313832883 -0.058420838 0.021150823 0.196122524 0.067269085 0.978040627
1403638629.527829409 0.103500032 -0.294259937 -0.081022672 0.001920113 0.196084166 0.068607169 0.978182176
1403638629.977829456 0.088662295 -0.301242893 -0.059767662 0.034262382 0.193842822 0.082662580 0.976943165
1403638630.127829552 0.094473795 -0.272544239 -0.043762534 0.038504908 0.198922183 0.069462275 0.976791856
1403638630.277829409 0.097636885 -0.224597416 -0.025008361 0.027706159 0.199777913 0.066206166 0.977209240
1403638630.377829313 0.097714144 -0.184596070 0.002578192 -0.005089183 0.197278244 0.068280966 0.977953529
1403638630.527829409 0.099756757 -0.264865861 0.020932878 0.025695140 0.196737473 0.066934417 0.977831228
1403638630.677829266 0.143927320 -0.112464340 0.074283525 -0.001515043 0.190793626 0.068456000 0.979239130
1403638630.777829409 0.162570353 -0.126473151 0.047829341 -0.012736832 0.188292670 0.062258842 0.980054835
1403638630.927829504 0.163181483 -0.126109376 0.044272698 -0.009771303 0.185714066 0.065347363 0.980379788
