1783069468179227815
1783069468313035815
1783069468380157815
1783069468514311815
1783069468581171815
1783069468715156815
1783069468782045815
1783069468915994815
1783069468983055815
1783069469117119815
1783069469184182815
1783069469318060815
1783069469384944815
1783069469518840815
1783069469585920815
1783069469719969815
1783069469786943815
1783069469920963815
1783069469987918815
1783069470121772815
1783069470188972815
1783069470323020815
1783069470389903815
1783069470523923815
1783069470590789815
1783069470724654815
1783069470791814815
1783069470925837815
1783069470992739815
1783069471126809815
1783069471193619815
1783069471327471815
1783069471394699815
1783069471528673815
1783069471595687815
1783069471729658815
1783069471796491815
1783069471930398815
1783069471997564815
1783069472131511815
1783069472198479815
1783069472332577815
1783069472399420815
1783069472533244815
1783069472600413815
1783069472734425815
1783069472801420815
1783069472935426815
1783069473002372815
1783069473136252815
1783069473203300815
1783069473337373815
1783069473404337815
1783069473538330815
1783069473605267815
1783069473739232815
1783069473806253815
1783069473940250815
1783069474007279815
1783069474141265815
1783069474208114815
1783069474342161815
1783069474409139815
1783069474543160815
1783069474610151815
1783069474744074815
1783069474810926815
1783069474945029815
1783069475012096815
1783069475146045815
1783069475213014815
1783069475280199815
1783069475413898815
1783069475480765815
1783069475614983815
1783069475681804815
1783069475815910815
1783069475882926815
1783069476016789815
1783069476083685815
1783069476217785815
1783069476284791815
1783069476418801815
1783069476485794815
1783069476619681815
1783069476686562815
1783069476820678815
1783069476887692815
1783069477021716815
1783069477088689815
1783069477222576815
1783069477289445815
1783069477423514815
1783069477490488815
1783069477624493815
1783069477691574815
1783069477825414815
1783069477892317815
1783069478026422815
1783069478093433815
1783069478227431815
1783069478294467815
1783069478428317815
1783069478495217815
1783069478629374815
1783069478696402815
1783069478830469815
1783069478897361815
1783069479031224815
1783069479098129815
1783069479232233815
1783069479299427815
1783069479433295815
1783069479500280815
1783069479634123815
1783069479701011815
1783069479835146815
1783069479902162815
1783069480036139815
1783069480103071815
1783069480237049815
1783069480303912815
1783069480438021815
1783069480505013815
1783069480639051815
1783069480705945815
1783069480839772815
1783069480906894815
1783069481040951815
1783069481107934815
1783069481241910815
1783069481308844815
1783069481442679815
1783069481509809815
1783069481643802815
1783069481710809815
1783069481844808815
1783069481911818815
1783069482045555815
1783069482112677815
1783069482179619815
1783069482313608815
1783069482380644815
1783069482514563815
1783069482581576815
1783069482715600815
1783069482782565815
1783069482916586815
1783069482983599815
1783069483117407815
1783069483184453815
1783069483318447815
1783069483385466815
1783069483519423815
1783069483586486815
1783069483720348815
1783069483787323815
1783069483921384815
1783069483988377815
1783069484122354815
1783069484189421815
1783069484323240815
1783069484390256815
1783069484524268815
1783069484591267815
1783069484725285815
1783069484792269815
1783069484926123815
1783069484993131815
1783069485127145815
1783069485194164815
1783069485328157815
1783069485395180815
1783069485529034815
1783069485595941815
1783069485730020815
1783069485797018815
1783069485931024815
1783069485998023815
1783069486131898815
1783069486198899815
1783069486332907815
1783069486399830815
1783069486533915815
1783069486600924815
1783069486734799815
1783069486801796815
1783069486935797815
1783069487002841815
1783069487136804815
1783069487203799815
1783069487337641815
1783069487404697815
1783069487538692815
1783069487605696815
1783069487739742815
1783069487806663815
1783069487940596815
1783069488007586815
1783069488141609815
1783069488208615815
1783069488342554815
1783069488409551815
1783069488543442815
1783069488610260815
1783069488744445815
1783069488811432815
1783069488945432815
1783069489012453815
1783069489079486815
1783069489213211815
1783069489280320815
1783069489414323815
1783069489481331815
1783069489615328815
1783069489682247815
1783069489816134815
1783069489883247815
1783069490017215815
1783069490084336815
1783069490218211815
1783069490285099815
1783069490419053815
1783069490486142815
1783069490620147815
1783069490687171815
1783069490821058815
1783069490888015815
1783069491021900815
1783069491089019815
1783069491222941815
1783069491289944815
1783069491424067815
1783069491490903815
1783069491624813815
1783069491691935815
1783069491825926815
1783069491892952815
1783069492026990815
1783069492093794815
1783069492227681815
1783069492294797815
1783069492428801815
1783069492495827815
1783069492629794815
1783069492696675815
1783069492830571815
1783069492897687815
1783069493031645815
1783069493098735815
1783069493232759815
1783069493299589815
1783069493433503815
1783069493500455815
1783069493634534815
1783069493701656815
1783069493835641815
1783069493902428815
1783069494036345815
1783069494103507815
1783069494237390815
1783069494304486815
1783069494438471815
1783069494505351815
1783069494639259815
1783069494706371815
1783069494840377815
1783069494907365815
1783069495041362815
1783069495108274815
1783069495242132815
1783069495309272815
1783069495443284815
1783069495510330815
1783069495644315815
1783069495711067815
1783069495845100815
1783069495912170815
1783069496046149815
1783069496113090815
1783069496180183815
1783069496313941815
1783069496380832815
1783069496515022815
1783069496581977815
1783069496715997815
1783069496782949815
1783069496916919815
1783069496983705815
1783069497117921815
1783069497184836815
1783069497318892815
1783069497385923815
1783069497519833815
1783069497586685815
1783069497720775815
1783069497787823815
1783069497921728815
1783069497988858815
1783069498122644815
1783069498189521815
1783069498323611815
1783069498390673815
1783069498524621815
1783069498591652815
1783069498725580815
1783069498792401815
1783069498926703815
1783069498993518815
1783069499127606815
1783069499194591815
1783069499328465815
1783069499395362815
1783069499529449815
1783069499596479815
1783069499730433815
1783069499797486815
1783069499931334815
1783069499998259815
1783069500132373815
1783069500199334815
1783069500333313815
1783069500400296815
1783069500534189815
1783069500601155815
1783069500735192815
1783069500802242815
1783069500936191815
1783069501003336815
1783069501137148815
1783069501203945815
1783069501338153815
1783069501405171815
1783069501539189815
1783069501606164815
1783069501740019815
1783069501806914815
1783069501941029815
1783069502008028815
1783069502142100815
1783069502209045815
1783069502342921815
1783069502409790815
1783069502543921815
1783069502610887815
1783069502744928815
1783069502811974815
1783069502945709815
1783069503012830815
1783069503079724815
1783069503213792815
1783069503280744815
1783069503414765815
1783069503481717815
1783069503615649815
1783069503682615815
1783069503816658815
1783069503883679815
1783069504017593815
1783069504084545815
1783069504218587815
1783069504285510815
1783069504419611815
1783069504486546815
1783069504620427815
1783069504687461815
1783069504821429815
1783069504888445815
1783069505022435815
1783069505089477815
1783069505223348815
1783069505290337815
1783069505424331815
1783069505491380815
1783069505625366815
1783069505692392815
1783069505826184815
1783069505893261815
1783069506027173815
1783069506094295815
1783069506228279815
1783069506295238815
1783069506429153815
1783069506496171815
1783069506630089815
1783069506697192815
1783069506831066815
1783069506898078815
1783069507031953815
1783069507098945815
1783069507233030815
1783069507299979815
1783069507434062815
1783069507501097815
1783069507634872815
1783069507701837815
1783069507835982815
1783069507902925815
1783069508036989815
1783069508103979815
1783069508237816815
1783069508304814815
1783069508438814815
1783069508505846815
1783069508639737815
1783069508706752815
1783069508840612815
1783069508907611815
1783069509041617815
1783069509108638815
1783069509242751815
1783069509309765815
1783069509443558815
1783069509510627815
1783069509644580815
1783069509711595815
1783069509845614815
1783069509912627815
1783069509979614815
1783069510113350815
1783069510180456815
1783069510314491815
1783069510381453815
1783069510515438815
1783069510582454815
1783069510716155815
1783069510783320815
1783069510917290815
1783069510984288815
1783069511118297815
1783069511185173815
1783069511319061815
1783069511386171815
1783069511520214815
1783069511587223815
1783069511721270815
1783069511788075815
1783069511921976815
1783069511989163815
1783069512123127815
1783069512190128815
1783069512324086815
1783069512390994815
1783069512524867815
1783069512592076815
1783069512725996815
1783069512793097815
1783069512927046815
1783069512993843815
1783069513127829815
1783069513194930815
1783069513328926815
1783069513395937815
1783069513529947815
1783069513596780815
1783069513730774815
1783069513797792815
1783069513931875815
1783069513998829815
1783069514132839815
1783069514199701815
1783069514333588815
1783069514400707815
1783069514534708815
1783069514601719815
1783069514735727815
1783069514802625815
1783069514936454815
1783069515003601815
1783069515137597815
1783069515204679815
1783069515338617815
1783069515405485815
1783069515539323815
1783069515606505815
1783069515740495815
1783069515807454815
1783069515941497815
1783069516008335815
1783069516142272815
1783069516209381815
1783069516343380815
1783069516410408815
1783069516544397815
1783069516611293815
1783069516745201815
1783069516812276815
1783069516879230815
1783069517013272815
1783069517080192815
1783069517214207815
1783069517281056815
1783069517415197815
1783069517482125815
1783069517616223815
1783069517683217815
1783069517817036815
1783069517883919815
1783069518018140815
1783069518085078815
1783069518219050815
1783069518286115815
1783069518420016815
1783069518486807815
1783069518620926815
1783069518687896815
1783069518822010815
1783069518888933815
1783069519022831815
1783069519089700815
1783069519223829815
1783069519290822815
1783069519424835815
1783069519491829815
1783069519625699815
1783069519692529815
1783069519826716815
1783069519893727815
1783069520027802815
1783069520094775815
1783069520228602815
1783069520295551815
1783069520429671815
1783069520496617815
1783069520630587815
1783069520697544815
1783069520831438815
1783069520898278815
1783069521032413815
1783069521099508815
1783069521233497815
1783069521300524815
1783069521434388815
1783069521501220815
1783069521635387815
1783069521702337815
1783069521836389815
1783069521903439815
1783069522037301815
1783069522104140815
1783069522238300815
1783069522305244815
1783069522439331815
1783069522506302815
1783069522640078815
1783069522707057815
1783069522841100815
1783069522908082815
1783069523042210815
1783069523109179815
1783069523243046815
1783069523310051815
1783069523444078815
1783069523511081815
1783069523645123815
1783069523712079815
1783069523845813815
1783069523912941815
1783069523979951815
1783069524113978815
1783069524180847815
1783069524314975815
1783069524381825815
1783069524515827815
1783069524582833815
1783069524716840815
1783069524783896815
1783069524917838815
1783069524984717815
1783069525118727815
1783069525185766815
1783069525319731815
1783069525386734815
1783069525520608815
1783069525587579815
1783069525721582815
1783069525788624815
1783069525922599815
1783069525989608815
1783069526123455815
1783069526190498815
1783069526324506815
1783069526391462815
1783069526525420815
1783069526592425815
1783069526726339815
1783069526793415815
1783069526927386815
1783069526994393815
1783069527128413815
1783069527195393815
1783069527329269815
1783069527396285815
1783069527530253815
1783069527597290815
1783069527731215815
1783069527798332815
1783069527932196815
1783069527999183815
1783069528133177815
1783069528200190815
1783069528334196815
1783069528401087815
1783069528535057815
1783069528602068815
1783069528736052815
1783069528802996815
1783069528937048815
1783069529004074815
1783069529137981815
1783069529204954815
1783069529338956815
1783069529405948815
1783069529539960815
1783069529607044815
1783069529740788815
1783069529807790815
1783069529941843815
1783069530008832815
1783069530142842815
1783069530209847815
1783069530343762815
1783069530410737815
1783069530544723815
1783069530611729815
1783069530745739815
1783069530812769815
1783069530879750815
1783069531013403815
1783069531080551815
1783069531214582815
1783069531281534815
1783069531415539815
1783069531482555815
1783069531616322815
1783069531683443815
1783069531817419815
1783069531884456815
1783069532018429815
1783069532085456815
1783069532219196815
1783069532286311815
1783069532420319815
1783069532487316815
1783069532621326815
1783069532688197815
1783069532822075815
1783069532889267815
1783069533023242815
1783069533090236815
1783069533224231815
1783069533358195815
1783069533425086815
1783069533492183815
1783069533626184815
1783069533693193815
1783069533827223815
1783069533894063815
1783069534027935815
1783069534095063815
1783069534229062815
1783069534296081815
1783069534430087815
1783069534496951815
1783069534630851815
1783069534697938815
1783069534831956815
1783069534899022815
1783069535033002815
1783069535099881815
1783069535233750815
1783069535300858815
1783069535434864815
1783069535501841815
1783069535635864815
1783069535702733815
1783069535836605815
1783069535903753815
1783069536037766815
1783069536104732815
1783069536238806815
1783069536305616815
1783069536439527815
1783069536506679815
1783069536640668815
1783069536707667815
1783069536841658815
1783069536908506815
1783069537042358815
1783069537109483815
1783069537243523815
1783069537310534815
1783069537444538815
1783069537511402815
1783069537645230815
1783069537712396815
1783069537779377815
1783069537913361815
1783069537980365815
1783069538114207815
1783069538181162815
1783069538315204815
1783069538382318815
1783069538516312815
1783069538583454815
1783069538717180815
1783069538784077815
1783069538918193815
1783069538985221815
1783069539119190815
1783069539186290815
1783069539319983815
1783069539386862815
1783069539521076815
1783069539587989815
1783069539722106815
1783069539788976815
1783069539922951815
1783069539989841815
1783069540123964815
1783069540190878815
1783069540324981815
1783069540391998815
1783069540525862815
1783069540592725815
1783069540726792815
1783069540793776815
1783069540927936815
1783069540994856815
1783069541128733815
1783069541195612815
1783069541329778815
1783069541396742815
1783069541530779815
1783069541597667815
1783069541731699815
1783069541798526815
1783069541932584815
1783069541999565815
1783069542133548815
1783069542200570815
1783069542334473815
1783069542401403815
1783069542535518815
1783069542602521815
1783069542736528815
1783069542803440815
1783069542937315815
1783069543004196815
1783069543138414815
1783069543205391815
1783069543339435815
1783069543406444815
1783069543540241815
1783069543607207815
1783069543741219815
1783069543808249815
1783069543942227815
1783069544009293815
1783069544143104815
1783069544210114815
1783069544344137815
1783069544411271815
1783069544545157815
1783069544612226815
1783069544745992815
1783069544812868815
1783069544880087815
1783069545014076815
1783069545081135815
1783069545215103815
1783069545281972815
1783069545415962815
1783069545482965815
1783069545616972815
1783069545683973815
1783069545818009815
1783069545884913815
1783069546018858815
1783069546085871815
1783069546219916815
1783069546286795815
1783069546420757815
1783069546487741815
1783069546621811815
1783069546688768815
1783069546822673815
1783069546889678815
1783069547023637815
1783069547090636815
1783069547224642815
1783069547291648815
1783069547425669815
1783069547492665815
1783069547626439815
1783069547693533815
1783069547827565815
1783069547894520815
1783069548028489815
1783069548095504815
1783069548229389815
1783069548296343815
1783069548430375815
1783069548497377815
1783069548631423815
1783069548698381815
1783069548832320815
1783069548899273815
1783069549033289815
1783069549100255815
1783069549234271815
1783069549301306815
1783069549435110815
1783069549502257815
1783069549636226815
1783069549703208815
1783069549837119815
1783069549904214815
1783069550038070815
1783069550105017815
1783069550239002815
1783069550306004815
1783069550440098815
1783069550507084815
1783069550641066815
1783069550708008815
1783069550842002815
1783069550909060815
1783069551043087815
1783069551109816815
1783069551243773815
1783069551310800815
1783069551444858815
1783069551511869815
1783069551645808815
1783069551712872815
1783069551779868815
1783069551913748815
1783069551980624815
1783069552114700815
1783069552181731815
1783069552315789815
1783069552382677815
1783069552516531815
1783069552583659815
1783069552717582815
1783069552784579815
1783069552918580815
1783069552985683815
1783069553119454815
1783069553186490815
1783069553320491815
1783069553387502815
1783069553521502815
1783069553588331815
1783069553722291815
1783069553789343815
1783069553923416815
1783069553990395815
1783069554124370815
1783069554191264815
1783069554325192815
1783069554392297815
1783069554526230815
1783069554593232815
1783069554727370815
1783069554794214815
1783069554928085815
1783069554995247815
1783069555129271815
1783069555196124815
1783069555330220815
1783069555397093815
1783069555531036815
1783069555598142815
1783069555732151815
1783069555799100815
1783069555933104815
1783069555999969815
1783069556133862815
1783069556201004815
1783069556334914815
1783069556402018815
1783069556536000815
1783069556602957815
1783069556736722815
1783069556803800815
1783069556937880815
1783069557004967815
1783069557138888815
1783069557205774815
1783069557339642815
1783069557406786815
1783069557540846815
1783069557607795815
1783069557741767815
1783069557808612815
1783069557942544815
1783069558009637815
1783069558143688815
1783069558210699815
1783069558344589815
1783069558411543815
1783069558545380815
1783069558612519815
1783069558679515815
1783069558813516815
1783069558880463815
1783069559014398815
1783069559081292815
1783069559215393815
1783069559282390815
1783069559416452815
1783069559483404815
1783069559617287815
1783069559684170815
1783069559818333815
1783069559885323815
1783069560019277815
1783069560086353815
1783069560220251815
1783069560287002815
1783069560421257815
1783069560488257815
1783069560622268815
1783069560689145815
1783069560823097815
1783069560889982815
1783069561024026815
1783069561091034815
1783069561225056815
1783069561292184815
1783069561426013815
1783069561492874815
1783069561626988815
1783069561693940815
1783069561828026815
1783069561895083815
1783069562028901815
1783069562095879815
1783069562229883815
1783069562296876815
1783069562430839815
1783069562497971815
1783069562631801815
1783069562698624815
1783069562832769815
1783069562899779815
1783069563033822815
1783069563100831815
1783069563234626815
1783069563301547815
1783069563435697815
1783069563502664815
1783069563636664815
1783069563703699815
1783069563837514815
1783069563904358815
1783069564038507815
1783069564105524815
1783069564239477815
1783069564306573815
1783069564440464815
1783069564507304815
1783069564641459815
1783069564708446815
1783069564842367815
1783069564909410815
1783069565043236815
1783069565110147815
1783069565244330815
1783069565311322815
1783069565445282815
1783069565512378815
1783069565579227815
1783069565713105815
1783069565780158815
1783069565914256815
1783069565981142815
1783069566115309815
1783069566181961815
1783069566316073815
1783069566383174815
1783069566517166815
1783069566584108815
1783069566718106815
1783069566784905815
1783069566919011815
1783069566986041815
1783069567120008815
1783069567187040815
1783069567321066815
1783069567387904815
1783069567521889815
1783069567588895815
1783069567722905815
1783069567789949815
1783069567923773815
1783069567990771815
1783069568124776815
