1403637130.538319 0.000000000 0.000000000 0.000000000 0.000000000 0.000000000 0.000000000 1.000000000
1403637131.588319063 -0.000146864 -0.000041830 0.000000524 0.000026470 0.000018230 0.000547940 0.999999849
1403637132.638319016 0.000247525 0.000069366 0.000138505 0.000037709 0.000344818 -0.001029116 0.999999410
1403637133.488318920 0.003140441 -0.020057754 -0.011649450 -0.008842621 0.010613926 -0.003319493 0.999899062
1403637133.738319159 0.012025760 -0.041064016 -0.020095766 -0.023751282 0.022226624 -0.001251444 0.999470003
1403637133.888319016 0.015224476 -0.088468362 -0.034031996 -0.027702545 0.035535607 0.000354431 0.998984316
1403637134.038319111 0.011429241 -0.173718262 -0.053902534 -0.031402269 0.045826602 0.001322105 0.998454842
1403637134.188318968 0.006907923 -0.266650150 -0.076814133 -0.026893714 0.061523833 -0.010151113 0.997691586
1403637134.338319063 0.001723772 -0.352246444 -0.097260675 -0.004925730 0.070364558 -0.016639926 0.997370382
1403637134.738319159 0.014981637 -0.302703329 -0.073455592 -0.011498721 0.075482358 -0.008550335 0.997044174
1403637134.888319016 0.025292747 -0.193137054 -0.048938370 -0.050499838 0.067283202 -0.003531310 0.996448828
1403637135.038319111 0.029275606 -0.101644547 -0.029625665 -0.070198505 0.062369929 0.008439773 0.995545545
1403637135.188318968 0.033729201 -0.057050415 -0.027786961 -0.080249006 0.061101001 0.007246755 0.994873987
1403637135.338319063 0.033846994 -0.085651544 -0.036164642 -0.096290077 0.063670824 0.004614258 0.993304060
1403637135.488318920 0.030358138 -0.189512356 -0.056013382 -0.071110071 0.071571821 -0.005473836 0.994882339
1403637135.588319063 0.027081420 -0.275363838 -0.072924339 -0.047903599 0.077551492 -0.013264587 0.995748493
1403637135.738319159 0.021148127 -0.395114443 -0.095818459 -0.016456132 0.084811953 -0.012484094 0.996182853
1403637136.138319016 0.023989011 -0.374032941 -0.078703978 -0.017040299 0.083420443 -0.004205376 0.996359861
1403637136.288318872 0.027433774 -0.253803976 -0.043208764 -0.047890246 0.084354514 -0.005804124 0.995267377
1403637136.438319206 0.031100244 -0.146008490 -0.025190684 -0.086174045 0.080673462 0.000969908 0.993007999
1403637136.588319063 0.032453675 -0.090955975 -0.022582873 -0.107840112 0.074156027 0.011918836 0.991327058
1403637136.738319159 0.031607773 -0.122182723 -0.033778170 -0.111810651 0.073714282 0.008711711 0.990953424
1403637136.888319016 0.027114501 -0.236634021 -0.062256075 -0.090724206 0.074528844 0.003951679 0.993075503
1403637136.988318920 0.024778993 -0.330295675 -0.080225562 -0.065760121 0.083443815 0.001146154 0.994339692
1403637137.138319016 0.022120681 -0.453088207 -0.107997212 -0.028126033 0.094245053 0.007915780 0.995120162
1403637137.538319111 0.028073146 -0.374203110 -0.076361055 -0.013548889 0.088004545 0.002982538 0.996023460
1403637137.688318968 0.033866193 -0.243250611 -0.050679152 -0.054779166 0.093899628 -0.005443006 0.994058588
1403637137.988318920 0.035736504 -0.083580645 -0.027806040 -0.111865465 0.079866849 0.000881619 0.990508267
1403637138.138319016 0.037418965 -0.133958859 -0.041938210 -0.120399640 0.075132614 0.004297429 0.989868955
1403637138.238319159 0.040137366 -0.213338356 -0.058119522 -0.102241141 0.076813611 -0.011915867 0.991717919
1403637138.338319063 0.038525297 -0.307926611 -0.075192036 -0.068691165 0.084475358 -0.020244468 0.993848882
1403637138.488318920 0.031673810 -0.436823901 -0.095032474 -0.019634243 0.099630228 -0.021339213 0.994601906
1403637138.838319063 0.036506648 -0.404350011 -0.076180924 -0.009710542 0.101783197 -0.009868306 0.994710261
1403637138.988318920 0.044829502 -0.280475931 -0.040167180 -0.033341456 0.094560128 -0.003150256 0.994955680
1403637139.438319206 0.043625521 -0.046596920 0.028108323 -0.058051202 0.060403904 0.005442671 0.996469670
1403637139.688318968 0.040033663 -0.027543106 0.037620088 -0.045038403 0.047004714 0.000195095 0.997878781
1403637139.938319206 0.043939282 -0.016824739 0.040759926 -0.027136075 0.047371086 0.003112732 0.998503843
1403637140.988318920 0.049865824 -0.015375951 0.034749041 -0.003531516 0.062021649 0.018209810 0.997902423
1403637147.288318872 0.049939080 -0.015299770 0.034728730 -0.003342087 0.062059333 0.018138215 0.997902037
1403637148.338319063 0.049941993 -0.015337071 0.034682511 -0.003399883 0.061891836 0.018004315 0.997914669
1403637149.388319016 0.049793470 -0.014990563 0.033086389 -0.005890136 0.056146670 0.016321093 0.998271746
1403637149.938319206 0.059006214 -0.012475886 0.025500510 -0.046194709 0.036948504 0.004504302 0.998238733
1403637150.038319111 0.070308036 -0.016505409 0.022052178 -0.066829350 0.041301161 -0.007297325 0.996882541
1403637150.188318968 0.095139551 -0.040253341 0.022514693 -0.082550542 0.051611896 -0.020808999 0.995031962
1403637150.338319063 0.121361258 -0.084163182 0.039601721 -0.072841244 0.059639546 -0.022825403 0.995297081
1403637150.488318920 0.146230611 -0.137855729 0.065857480 -0.052784181 0.064634259 -0.017855722 0.996352054
1403637150.688318968 0.182631070 -0.204679687 0.110265339 -0.046243327 0.070157596 -0.016030338 0.996334530
1403637150.938319206 0.224138844 -0.278982377 0.167411057 -0.035978208 0.074047060 -0.018528718 0.996433283
1403637151.338319063 0.273742655 -0.370124296 0.253346701 -0.030388428 0.068048987 -0.015838340 0.997093288
1403637151.588319063 0.299367113 -0.455963886 0.272967214 -0.040178730 0.063716993 -0.010031168 0.997108414
1403637151.888319016 0.341284810 -0.533868588 0.302382393 -0.041120230 0.063832512 -0.017092360 0.996966593
1403637152.438319206 0.426579812 -0.644362570 0.372898521 -0.046849570 0.061015194 -0.012751905 0.996955191
1403637153.238319159 0.594590996 -0.726293077 0.527254027 -0.037970573 0.061156997 -0.017034830 0.997260183
1403637153.888319016 0.725952949 -0.830239068 0.635623333 -0.038907811 0.063326702 -0.020745053 0.997018332
1403637154.588319063 0.879719004 -0.821097046 0.802163094 -0.045746304 0.063022685 -0.007109439 0.996937748
1403637154.888319016 0.981374257 -0.810623588 0.906041965 -0.063382412 0.090577606 -0.016297809 0.993736760
1403637155.188318968 1.075692102 -0.861763286 1.033022662 -0.052353130 0.124647755 0.000682509 0.990818662
1403637155.488318920 1.160515589 -0.957301801 1.171288219 -0.030746774 0.154259109 0.011820115 0.987481163
1403637155.838319063 1.268526036 -0.997817586 1.331638108 -0.026052119 0.194951062 0.047575605 0.979311969
1403637156.088319063 1.370221638 -0.990072374 1.427600247 -0.026733061 0.248209829 0.069389685 0.965847967
1403637156.388319016 1.531873739 -0.970681952 1.520254501 -0.016353224 0.320881506 0.101256027 0.941549175
1403637156.588319063 1.655537696 -0.952755539 1.554110484 -0.012491099 0.372272288 0.116476241 0.920701147
1403637156.888319016 1.865457245 -0.885597388 1.581324605 -0.021454445 0.436444137 0.122740128 0.891061773
1403637157.188318968 2.081915201 -0.772383139 1.595430213 -0.034354297 0.449784714 0.128398991 0.883191481
1403637157.838319063 2.644195731 -0.732337083 1.524407109 -0.018006934 0.430648443 0.140103026 0.891397112
1403637158.188318968 3.017115199 -0.726752978 1.406264404 -0.014871585 0.437637143 0.113432165 0.891843995
1403637158.488318920 3.327396077 -0.747331045 1.268878381 -0.008880490 0.460494284 0.124052146 0.878906830
1403637158.738319159 3.586940864 -0.727061131 1.138629289 0.002114903 0.502048139 0.152295327 0.851322105
1403637158.888319016 3.740329839 -0.691767435 1.050835924 -0.003810586 0.524304084 0.160501623 0.836259491
1403637159.088319063 3.940649631 -0.655631005 0.919114512 -0.017625226 0.541190246 0.156682018 0.825986207
1403637159.338319063 4.189572232 -0.613088764 0.743266268 -0.008500125 0.538540763 0.169167147 0.825399340
1403637159.538319111 4.394834063 -0.555274844 0.595558114 -0.011781996 0.535498633 0.165032046 0.828170769
1403637159.738319159 4.608004081 -0.486884564 0.440579672 -0.023540419 0.535875437 0.152056737 0.830157885
1403637159.938319206 4.824054851 -0.447104259 0.278574958 -0.025886438 0.544456230 0.150064864 0.824850194
1403637160.088319063 4.989302855 -0.417294916 0.160743713 -0.018704781 0.566354919 0.158081312 0.808642403
1403637160.188318968 5.103722334 -0.395269191 0.083231151 -0.010065466 0.584754104 0.164556385 0.794281134
1403637160.338319063 5.275423206 -0.348096426 -0.036682120 -0.006421671 0.617501739 0.173220225 0.767232115
1403637160.488318920 5.439961700 -0.291132382 -0.157801417 -0.008261844 0.654172475 0.184045800 0.733564760
1403637160.638319016 5.596045027 -0.225696111 -0.272417725 -0.015626281 0.690752910 0.193146056 0.696642547
1403637160.788318872 5.750319091 -0.163519871 -0.384820946 -0.023758200 0.712710153 0.204292391 0.670629857
1403637160.938319206 5.907276726 -0.116890219 -0.491584078 -0.026590537 0.722759824 0.212672944 0.657024656
1403637161.188318968 6.173156117 -0.109756080 -0.669324065 -0.006451271 0.722007014 0.233530232 0.651251014
1403637161.438319206 6.444030544 -0.145002253 -0.883875360 0.014399777 0.720269296 0.237652179 0.651556773
1403637161.638319016 6.658078181 -0.175964496 -1.094122600 0.006535018 0.734093804 0.234880010 0.637098863
1403637161.788318872 6.814687959 -0.186616979 -1.259352062 0.011738280 0.749288384 0.220893811 0.624207542
1403637161.938319206 6.963516264 -0.186684477 -1.437586345 0.025349146 0.764803204 0.195696928 0.613299431
1403637162.088319063 7.090949335 -0.175440269 -1.605320383 0.035787559 0.773911540 0.180157790 0.606072067
1403637162.338319063 7.244983641 -0.122000328 -1.853471821 0.046225620 0.768461872 0.202376969 0.605287623
1403637162.488318920 7.301765077 -0.066506055 -2.001451232 0.042921600 0.761012344 0.222570909 0.607848779
1403637162.638319016 7.338181556 -0.015965233 -2.153595062 0.026512518 0.761245712 0.221911749 0.608734119
1403637162.788318872 7.362548452 0.016316396 -2.325155698 0.049125234 0.771393117 0.203734013 0.600859237
1403637162.938319206 7.369884625 0.063436191 -2.504633057 0.050890164 0.790976221 0.199773408 0.576070650
1403637163.038319111 7.358807382 0.103767108 -2.617960228 0.045304994 0.808163051 0.200549479 0.551905651
1403637163.138319016 7.339221367 0.147428050 -2.733465766 0.039374817 0.827547216 0.202519428 0.522112162
1403637163.238319159 7.305240724 0.194884161 -2.846359461 0.035649583 0.847015778 0.205530003 0.488928213
1403637163.338319063 7.265179179 0.249265819 -2.947862964 0.036404713 0.863980115 0.209796786 0.456287591
1403637163.438319206 7.213370934 0.309606776 -3.047655459 0.041655635 0.876102631 0.219664935 0.427149042
1403637163.538319111 7.151450365 0.364002024 -3.141105347 0.046838680 0.883041841 0.235056779 0.403474355
1403637163.638319016 7.085652718 0.413565488 -3.223598435 0.048907656 0.884833287 0.256116644 0.386111849
1403637163.788318872 6.965917612 0.469790766 -3.355706978 0.052802168 0.883622425 0.280004889 0.371511242
1403637163.938319206 6.833240088 0.504227708 -3.503978045 0.064193588 0.882107546 0.290036902 0.365573600
1403637164.088319063 6.678150649 0.525720657 -3.670732343 0.068419731 0.883879475 0.285191554 0.364337195
1403637164.238319159 6.507228533 0.537552895 -3.854358381 0.062515408 0.886199902 0.275907786 0.366901148
1403637164.388319016 6.318620216 0.550181022 -4.045623646 0.045421930 0.887364120 0.269362403 0.371437294
1403637164.488318920 6.185214838 0.569063673 -4.170435188 0.042995932 0.884507267 0.273480690 0.375508398
1403637164.638319016 5.980789426 0.609553911 -4.359623080 0.053444445 0.878816620 0.280841653 0.382037964
1403637164.788318872 5.767584165 0.661077970 -4.558544058 0.038890356 0.881487216 0.271192075 0.384607185
1403637164.888319016 5.622646107 0.702573351 -4.693620342 0.029366676 0.887158755 0.261374249 0.379170732
1403637164.988318920 5.476307459 0.752515735 -4.826460947 0.024790902 0.892642214 0.257939328 0.368839522
1403637165.088319063 5.325877905 0.808534951 -4.956884772 0.024489357 0.899319646 0.255588724 0.353975777
1403637165.188318968 5.175802000 0.859538803 -5.087186177 0.025027709 0.908189960 0.251206938 0.333855785
1403637165.288318872 5.026927923 0.913367607 -5.209706589 0.022559510 0.915788511 0.254326907 0.310064986
1403637165.338319063 4.946475930 0.938542029 -5.268031736 0.021213517 0.918015422 0.260275394 0.298419823
1403637165.388319016 4.871459936 0.960475229 -5.329218766 0.018171020 0.919418345 0.267190539 0.288008569
1403637165.438319206 4.796002621 0.979418994 -5.388112123 0.016540903 0.920041259 0.274614040 0.278993922
1403637165.488318920 4.720096935 0.992025437 -5.448553659 0.015455880 0.920872777 0.279483119 0.271373599
1403637165.538319111 4.646011179 1.012291176 -5.503008017 0.012737300 0.922517952 0.281179477 0.264076678
1403637165.638319016 4.493884862 1.034393348 -5.622206974 0.003063766 0.924962632 0.284073787 0.252461533
1403637165.738319159 4.351744466 1.053990548 -5.737663415 -0.011782714 0.927802641 0.282171556 0.243767596
1403637165.838319063 4.212104750 1.088128493 -5.844352840 -0.026222898 0.930118059 0.278207616 0.238313404
1403637165.938319206 4.083554143 1.114140623 -5.949496069 -0.038757993 0.930192067 0.275093920 0.239924722
1403637166.088319063 3.915845374 1.169966302 -6.085895536 -0.054673656 0.927729945 0.269600801 0.252276332
1403637166.238319159 3.775879526 1.253489867 -6.203863970 -0.058301088 0.925741934 0.263867892 0.264530886
1403637166.338319063 3.697560722 1.311757237 -6.272462472 -0.047489482 0.928256506 0.247934152 0.273154287
1403637166.438319206 3.630925790 1.358727089 -6.332836807 -0.028900156 0.932721177 0.219601108 0.284554634
1403637166.638319016 3.511782699 1.421342524 -6.408548283 -0.027714205 0.927066113 0.222101331 0.300751299
1403637166.788318872 3.432162128 1.454459339 -6.428391042 -0.051071575 0.916799470 0.250098780 0.307117284
1403637166.988318920 3.360612255 1.504397683 -6.427101102 -0.084684773 0.916771248 0.234342864 0.312157637
1403637167.288318872 3.374349190 1.496899554 -6.323537519 -0.108365863 0.922465373 0.194187480 0.315603705
1403637167.438319206 3.444769754 1.455077042 -6.206040052 -0.096551292 0.920065484 0.213058839 0.314266264
1403637167.538319111 3.504904582 1.422985304 -6.106328081 -0.065238433 0.915860949 0.237696041 0.316927848
1403637167.638319016 3.572247734 1.393285632 -5.997226019 -0.031744574 0.911482339 0.256637101 0.319890023
1403637167.738319159 3.647665837 1.366804583 -5.887210381 -0.014834399 0.906801506 0.267249878 0.325681551
1403637167.838319063 3.727736350 1.354389286 -5.766055690 -0.011248617 0.900642444 0.275666394 0.335744985
1403637167.938319206 3.807235215 1.338645202 -5.652634012 -0.016544876 0.894277835 0.282075109 0.347026013
1403637168.038319111 3.883552490 1.317594823 -5.544613219 -0.028087931 0.891481190 0.278092562 0.356562593
1403637168.138319016 3.974455755 1.288100622 -5.436908615 -0.026939354 0.888087743 0.279341278 0.364064393
1403637168.238319159 4.067682181 1.277278278 -5.330493005 -0.021436628 0.886720730 0.277264128 0.369312093
1403637168.388319016 4.210287058 1.284156199 -5.170721390 -0.018154694 0.890417600 0.259297114 0.373620010
1403637168.488318920 4.309835621 1.302283998 -5.060481848 -0.011707013 0.893748018 0.245403707 0.375305804
1403637168.588319063 4.407161395 1.320135246 -4.947003552 -0.006066425 0.893004836 0.246345745 0.376589081
1403637168.688318968 4.502449946 1.329631017 -4.831179113 -0.008432432 0.891046494 0.253044196 0.376740858
1403637168.838319063 4.641791853 1.335616343 -4.660719453 -0.013747565 0.889788819 0.258674286 0.375731921
1403637168.988318920 4.785351055 1.331454962 -4.491933005 -0.023062281 0.890477439 0.258659523 0.373648649
1403637169.138319016 4.930903638 1.330405238 -4.322183738 -0.033628163 0.891292456 0.252634001 0.375023955
1403637169.238319159 5.034958301 1.321465119 -4.204667608 -0.035134803 0.888769249 0.245711460 0.385331865
1403637169.338319063 5.142429288 1.298883443 -4.083482972 -0.031422368 0.882855156 0.238832342 0.403160664
1403637169.438319206 5.252276444 1.268759018 -3.956184954 -0.029794557 0.874056651 0.231299253 0.426189994
1403637169.538319111 5.364246998 1.226660878 -3.827969295 -0.030194348 0.863024938 0.220827619 0.453333675
1403637169.638319016 5.472629344 1.180878518 -3.694505379 -0.032988653 0.849843637 0.205756685 0.484088554
1403637169.738319159 5.577932007 1.135600337 -3.552763045 -0.032032940 0.833626822 0.194889094 0.515808544
1403637169.838319063 5.684126952 1.092858273 -3.401324641 -0.031902533 0.816924824 0.186517743 0.544818494
1403637169.938319206 5.787762602 1.050301255 -3.245494773 -0.036520662 0.801800541 0.175378148 0.570109322
1403637170.038319111 5.888480842 1.012608836 -3.080281258 -0.040026043 0.787419318 0.165242252 0.592506313
1403637170.138319016 5.984176363 0.986984284 -2.902583901 -0.040922972 0.772171952 0.156890020 0.614378799
1403637170.238319159 6.076204027 0.961365684 -2.718074635 -0.040227426 0.756517363 0.147232890 0.635913288
1403637170.338319063 6.161525417 0.930153036 -2.525661216 -0.038417658 0.739483929 0.137935819 0.657769954
1403637170.438319206 6.239952980 0.904250107 -2.314203757 -0.020724937 0.718209997 0.135309053 0.682228947
1403637170.538319111 6.313827505 0.875391672 -2.103355943 0.002572776 0.693971293 0.131658917 0.707858146
1403637170.638319016 6.377222974 0.861657917 -1.895730762 0.023935938 0.669129347 0.122488442 0.732590998
1403637170.738319159 6.424245008 0.846802936 -1.678206670 0.038033196 0.644746606 0.110751206 0.755373722
1403637170.838319063 6.450405140 0.834871981 -1.464456845 0.038749357 0.616840605 0.106814735 0.778843224
1403637170.938319206 6.460770179 0.814832985 -1.264836862 0.032404330 0.586544700 0.103101132 0.802673926
1403637171.038319111 6.456828458 0.789377094 -1.066430706 0.025519776 0.556020554 0.100678623 0.824653684
1403637171.138319016 6.434314263 0.759171799 -0.880953035 0.019880524 0.526787300 0.100596137 0.843789264
1403637171.238319159 6.411800218 0.708539717 -0.700980372 0.018842118 0.505410984 0.098648262 0.857014138
1403637171.338319063 6.378466013 0.669715106 -0.544753934 0.021348575 0.491033746 0.090752893 0.866137409
1403637171.438319206 6.329963827 0.628011543 -0.392626903 0.018124385 0.485915223 0.077365076 0.870386436
1403637171.538319111 6.277162201 0.582221350 -0.245802367 0.014022639 0.483091252 0.070031373 0.872652173
1403637171.688318968 6.179200065 0.519213482 -0.044963076 0.009431632 0.484232378 0.061845403 0.872699945
1403637171.788318872 6.100114646 0.485138416 0.087920335 0.009544479 0.488127625 0.058334441 0.870768292
1403637171.888319016 6.010335696 0.457190128 0.221952970 0.010223768 0.493456771 0.054464508 0.868003172
1403637171.988318920 5.907633314 0.433112387 0.351389666 0.011707425 0.497842983 0.053587080 0.865530892
1403637172.088319063 5.792184435 0.414870812 0.478128212 0.013093313 0.501847771 0.052960313 0.863233795
1403637172.188318968 5.662503481 0.397125491 0.602854404 0.014991745 0.501285067 0.065468936 0.862671634
1403637172.288318872 5.519741711 0.377522400 0.722625331 0.011912272 0.495725733 0.092991835 0.863404085
1403637172.438319206 5.292188332 0.336205724 0.885415752 0.010491897 0.489475601 0.126581559 0.862717025
1403637172.588319063 5.063439725 0.288838847 1.024477448 0.013423691 0.487058404 0.146708255 0.860854577
1403637172.738319159 4.840851498 0.232265923 1.134636089 0.012851080 0.487283236 0.158307205 0.858678477
1403637172.888319016 4.626871535 0.174231941 1.215907634 -0.007482713 0.493722496 0.179554058 0.850848075
1403637172.988318920 4.497092004 0.149863329 1.259912524 -0.028948605 0.499716630 0.197517591 0.842871324
1403637173.138319016 4.326393077 0.141353805 1.322699316 -0.046865857 0.511106129 0.218727577 0.829899008
1403637173.288318872 4.193657442 0.157665004 1.379046494 -0.041257444 0.537252282 0.230953868 0.810134630
1403637173.438319206 4.102400258 0.180756287 1.417046127 -0.024832114 0.570699893 0.232865041 0.787057095
1403637173.588319063 4.037238719 0.212453276 1.438722254 -0.011399701 0.600567937 0.240868745 0.762345359
1403637173.788318872 3.988928382 0.282259792 1.431863351 0.002037265 0.626710853 0.273540679 0.729660779
1403637173.938319206 3.983595630 0.348972802 1.393460817 -0.011888819 0.641697988 0.296019547 0.707428284
1403637174.088319063 4.015292155 0.396099581 1.312886573 -0.026030919 0.668043262 0.261479548 0.696181756
1403637174.188318968 4.052807932 0.406384949 1.243534667 -0.013160574 0.684340433 0.226623521 0.692926223
1403637174.288318872 4.094180735 0.410271436 1.167362137 0.007080442 0.692208005 0.205935285 0.691656420
1403637174.488318920 4.166262106 0.401464577 1.001108454 0.036855103 0.688816170 0.216795000 0.690777760
1403637174.638319016 4.207710968 0.387509503 0.851700863 0.043428521 0.698295050 0.221709594 0.679222234
1403637174.738319159 4.229291194 0.385260695 0.741506924 0.040113828 0.717088016 0.212430976 0.662607530
1403637174.838319063 4.246794433 0.392618512 0.625298525 0.034450449 0.737194322 0.208016243 0.641939982
1403637174.938319206 4.257023792 0.407543630 0.507582742 0.028999633 0.752331600 0.223116250 0.619173097
1403637175.038319111 4.264354780 0.426183779 0.387937075 0.026327374 0.766641699 0.233722341 0.597445598
1403637175.138319016 4.266058031 0.448020400 0.268042210 0.032264669 0.779799154 0.232333922 0.580425034
1403637175.238319159 4.264379920 0.474112036 0.147334605 0.046685252 0.790482537 0.226188824 0.567271065
1403637175.338319063 4.253275679 0.502250209 0.026844845 0.057364919 0.799945212 0.215236086 0.557198664
1403637175.488318920 4.215348518 0.555460176 -0.155435221 0.063893983 0.803538553 0.217399179 0.550437054
1403637175.638319016 4.150548402 0.621382810 -0.336501117 0.058898294 0.797159009 0.240485410 0.550668025
1403637175.788318872 4.062760006 0.682966201 -0.533411494 0.050867571 0.792890713 0.251644088 0.552640987
1403637175.888319016 3.996685464 0.717660314 -0.675974585 0.040318897 0.794657113 0.245370363 0.553794045
1403637176.038319111 3.886119003 0.751602096 -0.904576086 0.036583262 0.798793633 0.226755223 0.556032792
1403637176.188318968 3.766152828 0.780649067 -1.135058086 0.041807562 0.801072401 0.209488637 0.559150827
1403637176.338319063 3.623977423 0.819599398 -1.360023837 0.043435482 0.804009672 0.203673375 0.556955082
1403637176.488318920 3.464709678 0.869300001 -1.575633168 0.034852321 0.807318959 0.208225306 0.551056835
1403637176.638319016 3.290094046 0.928166176 -1.787838522 0.029020812 0.813608733 0.221960363 0.536593160
1403637176.788318872 3.106627018 0.992984054 -1.994253421 0.023947202 0.818425960 0.237198082 0.522821719
1403637176.938319206 2.918028247 1.067396206 -2.199802468 0.015066631 0.819951946 0.251472807 0.514016761
1403637177.188318968 2.612372249 1.215510635 -2.529317480 -0.013141729 0.810698847 0.292671291 0.506890708
1403637177.338319063 2.451872583 1.321769356 -2.734532813 -0.022562085 0.806455174 0.306768467 0.504989220
1403637177.488318920 2.322733875 1.438742358 -2.955341223 -0.039344284 0.808005890 0.304350442 0.502940670
1403637177.638319016 2.226006058 1.552194881 -3.186475554 -0.059163068 0.816098888 0.288892936 0.497014294
1403637177.788318872 2.164418451 1.646266631 -3.422489458 -0.065601332 0.826046677 0.267042057 0.491967368
1403637177.938319206 2.140056841 1.726409505 -3.648624311 -0.055634614 0.835580404 0.270284743 0.475032984
1403637178.038319111 2.135067039 1.784385437 -3.794025758 -0.063773082 0.846481003 0.266983535 0.456204667
1403637178.138319016 2.145280310 1.841502911 -3.936090904 -0.077464437 0.858658296 0.259755875 0.435008134
1403637178.238319159 2.168716863 1.901224608 -4.067802847 -0.086176615 0.868309227 0.253973341 0.417265167
1403637178.338319063 2.206205590 1.949275400 -4.189130923 -0.092009124 0.877302237 0.240134889 0.405228752
1403637178.488318920 2.299266180 1.987583571 -4.344454819 -0.101231838 0.884804453 0.229250761 0.392832387
1403637178.738319159 2.526255940 2.014372897 -4.526572967 -0.066014786 0.888637509 0.231538561 0.390327197
1403637178.888319016 2.688041922 2.026047828 -4.595216329 -0.031817372 0.890040457 0.228738607 0.393057615
1403637179.088319063 2.916014251 2.054466918 -4.643808287 -0.007799612 0.889283683 0.228895618 0.395879391
1403637179.338319063 3.175557492 2.087558695 -4.667988281 -0.019524933 0.884171962 0.241123948 0.399647295
1403637179.538319111 3.382376091 2.043964741 -4.669472944 -0.023125029 0.882604739 0.243130622 0.401698404
1403637179.788318872 3.643027388 2.024971330 -4.632097161 -0.030586186 0.886026295 0.234960664 0.398516468
1403637179.988318920 3.860391624 2.094183166 -4.555985843 -0.051443553 0.891565159 0.216075174 0.394685505
1403637180.188318968 4.089684367 2.160757813 -4.422975223 -0.026869220 0.886744169 0.233813218 0.397862041
1403637180.288318872 4.206605324 2.177298558 -4.350608835 -0.016136175 0.883618029 0.242456871 0.400216777
1403637180.388319016 4.322180358 2.184085988 -4.271685865 -0.012049745 0.880078703 0.252945685 0.401664986
1403637180.538319111 4.490653896 2.183776477 -4.159271537 -0.019398003 0.871633591 0.279290249 0.402337616
1403637180.688318968 4.665587803 2.166304164 -4.054905638 -0.030833820 0.876245123 0.265899637 0.400675859
1403637180.838319063 4.851884392 2.120044056 -3.953576550 -0.032361772 0.882667015 0.249844663 0.396773614
1403637180.938319206 4.975060292 2.083051090 -3.883593337 -0.043297297 0.886696661 0.240009066 0.392797688
1403637181.038319111 5.101803435 2.040281364 -3.805965485 -0.054712798 0.889999445 0.232933141 0.388136123
1403637181.138319016 5.234243327 1.986633366 -3.719582583 -0.048561634 0.891034948 0.234511026 0.385620369
1403637181.238319159 5.370441470 1.914338033 -3.633879900 -0.029574465 0.890335895 0.241210522 0.385025751
1403637181.438319206 5.643710509 1.756406057 -3.438394202 -0.012708119 0.894345425 0.233577089 0.381348276
1403637181.538319111 5.772125234 1.668475175 -3.338580549 -0.017067429 0.894259306 0.236893128 0.379329200
1403637181.638319016 5.902525340 1.574476149 -3.230674827 -0.019185776 0.893659031 0.243504349 0.376445314
1403637181.738319159 6.030404757 1.478033106 -3.116295486 -0.015479799 0.893666695 0.247842580 0.373756965
1403637181.938319206 6.285039854 1.282344515 -2.890578508 -0.003239165 0.894372215 0.250123825 0.370844874
1403637182.038319111 6.410403042 1.191138090 -2.772391426 -0.001404951 0.894995628 0.248294291 0.370581702
1403637182.138319016 6.532210023 1.107808376 -2.649889882 0.004462314 0.896575208 0.241228362 0.371405253
1403637182.238319159 6.650895465 1.027883321 -2.523795006 0.017080082 0.896488992 0.237088945 0.373904520
1403637182.338319063 6.757784056 0.950296427 -2.396355686 0.029885649 0.895489174 0.233992172 0.377430326
1403637182.438319206 6.856892746 0.869567422 -2.267847009 0.038494597 0.895208767 0.229171027 0.380263159
1403637182.588319063 6.981169188 0.745854191 -2.072717619 0.030688657 0.898459978 0.214125218 0.382071020
1403637182.888319016 7.159304823 0.475332135 -1.647240135 0.039865019 0.896033735 0.220669369 0.383196237
1403637183.038319111 7.213999554 0.363245010 -1.418348479 0.055558475 0.894253772 0.226101759 0.382232184
1403637183.238319159 7.243916106 0.271945508 -1.096118316 0.071776183 0.891317241 0.233385720 0.382011597
1403637183.438319206 7.209954167 0.221369853 -0.774793314 0.078659912 0.889295647 0.239040728 0.381870922
1403637183.688318968 7.084688139 0.181395958 -0.385612304 0.087552610 0.887613071 0.243421617 0.381082003
1403637183.888319016 6.907356595 0.167679179 -0.089741237 0.097663448 0.879626723 0.265643426 0.382298640
1403637184.188318968 6.508062700 0.102548006 0.254553915 0.098217541 0.874190318 0.285767806 0.380107042
1403637184.388319016 6.171504888 0.091852575 0.428514785 0.054750069 0.881738087 0.277633672 0.377438632
1403637184.538319111 5.904552262 0.125813249 0.559620282 0.029483393 0.880786308 0.284518500 0.377353194
1403637184.688318968 5.641252253 0.157124099 0.669883568 0.014791975 0.875858205 0.299505158 0.378087638
1403637184.838319063 5.385572540 0.185764025 0.760707974 0.007455316 0.871538263 0.311156891 0.378875790
1403637184.988318920 5.140931257 0.198751621 0.822199998 0.003648651 0.869463465 0.316598018 0.379190803
1403637185.238319159 4.765786642 0.196395196 0.861671968 -0.003243268 0.867808494 0.322041367 0.378400922
1403637185.438319206 4.502343680 0.173379062 0.836522934 -0.020829232 0.865121857 0.330177180 0.376979238
1403637185.638319016 4.284892336 0.128177375 0.760255782 -0.020402503 0.870271435 0.318237666 0.375414645
1403637185.838319063 4.108821472 0.089128074 0.654869706 -0.013884706 0.881373625 0.288653776 0.373720143
1403637186.088319063 3.920760652 0.071895296 0.520925254 -0.007208756 0.887486775 0.270478925 0.373036739
1403637186.388319016 3.721384798 0.018560540 0.361112072 -0.003663628 0.889029096 0.265459933 0.373021270
1403637186.688318968 3.536839651 -0.088501777 0.200327375 0.012812422 0.888712072 0.268391014 0.371474035
1403637186.838319063 3.444380311 -0.122622592 0.125289472 0.024275704 0.883899488 0.283606713 0.371078990
1403637187.138319016 3.245306017 -0.138124571 -0.041416803 0.051130416 0.880136835 0.291922511 0.370845088
1403637187.338319063 3.089526988 -0.102041744 -0.171660306 0.026130464 0.884011819 0.297005875 0.360038628
1403637187.538319111 2.934674077 -0.040421440 -0.322117275 0.001933509 0.884931240 0.307167209 0.350058949
1403637187.788318872 2.758678217 0.046505401 -0.534541893 0.002302954 0.884487507 0.315504090 0.343705856
1403637188.088319063 2.595422164 0.181834779 -0.836445149 -0.008335713 0.887155650 0.310672216 0.341127752
1403637188.338319063 2.497315145 0.311154835 -1.118209376 -0.018764177 0.897360957 0.281407250 0.339412991
1403637188.588319063 2.432276087 0.458930172 -1.388181157 0.001474389 0.904067819 0.268647977 0.332396553
1403637188.838319063 2.369981981 0.619963336 -1.637623968 0.037559497 0.911351312 0.280674209 0.298747484
1403637189.038319111 2.300219944 0.755370001 -1.837121550 0.031917819 0.916070023 0.290860703 0.274220746
1403637189.188318968 2.236866711 0.839467881 -1.990941263 0.015663399 0.914353074 0.306300963 0.264372529
1403637189.438319206 2.141706273 1.014191368 -2.253695950 0.028208992 0.917028440 0.301229998 0.259853001
1403637189.588319063 2.078842549 1.123877530 -2.421015779 0.025090337 0.921788099 0.285239045 0.261373035
1403637189.788318872 1.988637219 1.232613623 -2.650897955 0.015440330 0.922290560 0.281626646 0.264250168
1403637189.938319206 1.917817218 1.289172343 -2.820226351 0.012818466 0.922365226 0.280574091 0.265247536
1403637190.088319063 1.844640986 1.330683425 -2.992530597 0.011165645 0.924657061 0.273817228 0.264402672
1403637190.288318872 1.747881338 1.353902052 -3.217130044 0.013536799 0.926240422 0.270107333 0.262559450
1403637190.488318920 1.641145733 1.354466845 -3.432843765 0.018174236 0.926765574 0.269993981 0.260535061
1403637190.738319159 1.513219578 1.362172680 -3.669015236 0.003252401 0.925549364 0.266044126 0.269385077
1403637190.938319206 1.415888249 1.386352090 -3.829591270 0.012817476 0.918641013 0.265524691 0.292285888
1403637191.188318968 1.293729218 1.443192171 -4.001481993 0.017464456 0.914791521 0.261399797 0.307443675
1403637191.438319206 1.158672512 1.521339963 -4.148912679 0.011254407 0.915263831 0.256716039 0.310261716
1403637191.688318968 1.014479061 1.572023838 -4.279544228 -0.003153454 0.914414765 0.264567172 0.306332996
1403637191.888319016 0.911362233 1.575570155 -4.367541077 -0.021146757 0.913005999 0.273348212 0.302082134
1403637192.138319016 0.817524933 1.532478666 -4.466706806 -0.036081816 0.910906182 0.283929839 0.297206790
1403637192.488318920 0.783026740 1.410973774 -4.601166144 -0.043232172 0.909880536 0.289251780 0.294247851
1403637192.838319063 0.862758466 1.342774809 -4.721836814 -0.019201734 0.904669898 0.305990552 0.295928117
1403637193.138319016 0.995524031 1.274742016 -4.855684847 0.001979563 0.904339669 0.304766498 0.298802988
1403637193.338319063 1.093968700 1.223874420 -4.967995269 0.016879652 0.899064369 0.319300985 0.299073935
1403637193.588319063 1.214959351 1.227204790 -5.126792210 -0.011374333 0.908205198 0.293417736 0.298228058
1403637193.838319063 1.356718552 1.199078475 -5.302257630 -0.023402950 0.909285946 0.288560313 0.298972098
1403637194.088319063 1.530724419 1.173840875 -5.474039374 -0.016153706 0.913371911 0.276128810 0.298736825
1403637194.438319206 1.809753849 1.212987575 -5.669793578 -0.016406953 0.911750631 0.282576106 0.297644660
1403637194.688318968 2.030943313 1.195570852 -5.809605712 -0.016970255 0.910079318 0.289120824 0.296440204
1403637194.888319016 2.219342622 1.172002625 -5.921894720 -0.017681972 0.907637406 0.298489863 0.294593768
1403637195.038319111 2.375641673 1.166263550 -6.007949391 -0.010874112 0.911624813 0.287348334 0.293688422
1403637195.188318968 2.538004533 1.170082164 -6.090194935 -0.006279965 0.916135626 0.273804437 0.292723774
1403637195.438319206 2.807077494 1.197345807 -6.203380396 -0.002299458 0.918695189 0.263417488 0.294287426
1403637195.588319063 2.966699259 1.204678912 -6.259834231 -0.002080411 0.914509578 0.264843531 0.305819895
1403637195.738319159 3.121771120 1.193188272 -6.314885243 -0.002377394 0.912264005 0.260991297 0.315677488
1403637195.888319016 3.274486986 1.171295386 -6.363116749 -0.015595613 0.912032307 0.255034989 0.320797448
1403637196.038319111 3.424715794 1.151799768 -6.396898635 -0.035473596 0.913745364 0.244837567 0.322281862
1403637196.188318968 3.587288805 1.135886192 -6.412811825 -0.050246499 0.919717316 0.219603029 0.321511832
1403637196.338319063 3.759172242 1.119696241 -6.397415970 -0.055416095 0.925331960 0.196108781 0.319736088
1403637196.538319111 4.005744339 1.101029745 -6.310574801 -0.054360519 0.927907047 0.188844841 0.316813939
1403637196.688318968 4.199006339 1.080586548 -6.191588115 -0.044309623 0.927374747 0.196051547 0.315557485
1403637196.788318872 4.323893566 1.070565335 -6.093020390 -0.035692694 0.926628300 0.201633011 0.315325473
1403637196.888319016 4.455311320 1.061480033 -5.978447823 -0.035884534 0.927584409 0.199971835 0.313545419
1403637196.988318920 4.586936899 1.049948182 -5.848873377 -0.025028025 0.927418603 0.202086996 0.313734249
1403637197.088319063 4.714696626 1.029026397 -5.707095250 -0.012953815 0.923381268 0.210764927 0.320589111
1403637197.188318968 4.837577782 0.997777156 -5.553244447 -0.005853475 0.916532304 0.219248157 0.334461534
1403637197.288318872 4.953918209 0.958844592 -5.391193390 -0.002904990 0.906607297 0.226298160 0.356151530
1403637197.338319063 5.012040427 0.937272891 -5.307955152 -0.001988220 0.900361615 0.229936580 0.369424116
1403637197.388319016 5.066022965 0.915553530 -5.225550075 -0.000216126 0.893582098 0.231313500 0.384714248
1403637197.438319206 5.118149139 0.889500522 -5.140956213 -0.000377671 0.885668282 0.232778920 0.401753067
1403637197.538319111 5.219642250 0.831660992 -4.972436251 -0.008337549 0.868012600 0.231472548 0.439209598
1403637197.588319063 5.267910623 0.799153797 -4.885980435 -0.014725223 0.857781089 0.229575625 0.459662706
1403637197.638319016 5.316910965 0.764191175 -4.795637182 -0.018049332 0.847549220 0.226207831 0.479754686
1403637197.738319159 5.407433281 0.696698306 -4.620108255 -0.022977937 0.826381682 0.215505701 0.519733223
1403637197.838319063 5.498284432 0.620418860 -4.455470510 -0.029174162 0.806063681 0.197569683 0.557114379
1403637197.938319206 5.584386448 0.538307051 -4.276154032 -0.034276563 0.786221493 0.182551078 0.589369141
1403637198.038319111 5.671566762 0.444804674 -4.095977520 -0.036906261 0.766934371 0.170723868 0.617497335
1403637198.138319016 5.751456212 0.342184990 -3.905906361 -0.037264464 0.748222725 0.161045898 0.642524967
1403637198.238319159 5.825969024 0.235248483 -3.718666424 -0.038086874 0.728817633 0.154748431 0.665903274
1403637198.338319063 5.897596194 0.117114188 -3.535254357 -0.039235271 0.710609773 0.142989088 0.687785188
1403637198.438319206 5.958646897 0.002858307 -3.325877118 -0.040422319 0.698086185 0.125436436 0.703780800
1403637198.538319111 6.016159769 -0.103283416 -3.119432961 -0.042294181 0.690537895 0.111537314 0.713391930
1403637198.638319016 6.070187979 -0.202419587 -2.896654069 -0.044700172 0.687450190 0.100860756 0.717803064
1403637198.788318872 6.138716634 -0.307956373 -2.545866935 -0.040188311 0.684219837 0.097450051 0.721617351
1403637198.938319206 6.186773323 -0.397267724 -2.165458116 -0.017759619 0.684104128 0.095824477 0.722844249
1403637199.038319111 6.204634240 -0.457563517 -1.903766874 0.001805667 0.679099069 0.101373251 0.727010769
1403637199.138319016 6.205864664 -0.516943233 -1.637343470 0.008733115 0.668968520 0.111447872 0.734836188
1403637199.238319159 6.193808766 -0.584272493 -1.362414277 0.009051413 0.655776740 0.117021340 0.745775399
1403637199.338319063 6.168773992 -0.655691846 -1.097200095 0.008729320 0.640778085 0.112108922 0.759446400
1403637199.438319206 6.130879927 -0.732503839 -0.832470651 0.008127607 0.622662507 0.103434986 0.775581426
1403637199.538319111 6.081379308 -0.809956987 -0.572506896 0.007746751 0.601751561 0.095055676 0.792968767
1403637199.638319016 6.021602594 -0.879926416 -0.311592247 0.012729002 0.579045089 0.089391167 0.810280184
1403637199.738319159 5.949766682 -0.942126893 -0.056122034 0.022546483 0.552769017 0.087877346 0.828381338
1403637199.838319063 5.867170920 -0.987890647 0.202292700 0.037679954 0.520849372 0.091235841 0.847922269
1403637199.938319206 5.779891365 -1.010312769 0.461307694 0.057780427 0.484749488 0.094571155 0.867603396
1403637200.038319111 5.685323843 -1.017605413 0.705479360 0.080897717 0.445896204 0.091705294 0.886691758
1403637200.138319016 5.571887935 -1.012394423 0.922980636 0.095131334 0.408155717 0.079345404 0.904468489
1403637200.238319159 5.455346852 -0.988627384 1.121628958 0.087921619 0.374301768 0.066604509 0.920723528
1403637200.338319063 5.329183508 -0.956592080 1.300058939 0.059229754 0.353090644 0.047188209 0.932519226
1403637200.438319206 5.196817895 -0.930981041 1.454032936 0.026315851 0.336182519 0.041187098 0.940527731
1403637200.538319111 5.058758441 -0.909328508 1.595676402 0.003820635 0.323521220 0.045932625 0.945097676
1403637200.688318968 4.841892377 -0.889227713 1.786106299 -0.001604801 0.312439086 0.060505520 0.948007555
1403637200.938319206 4.489206994 -0.882811328 2.048070930 0.006274281 0.321668030 0.080505683 0.943402961
1403637201.188318968 4.156618148 -0.907574112 2.235487194 0.003899244 0.344241376 0.086443490 0.934885123
1403637201.438319206 3.839155323 -0.945431249 2.356427197 0.006850312 0.356760814 0.136696563 0.924115168
1403637201.838319063 3.466911917 -0.916215294 2.415629511 0.014405782 0.389151229 0.168811474 0.905459265
1403637202.338319063 3.276106013 -0.863827304 2.171865351 -0.040655805 0.392137722 0.152288615 0.906301986
1403637202.938319206 3.378757004 -0.821712035 1.757992344 -0.033444719 0.407042961 0.092735323 0.908073587
1403637203.438319206 3.510204817 -0.757349771 1.472467806 -0.033678272 0.411880092 0.084985041 0.906641112
1403637203.938319206 3.594641990 -0.626082086 1.283987618 -0.030757457 0.416322224 0.081552160 0.905029850
1403637204.988318920 3.560758923 -0.562900131 1.012833067 -0.033598511 0.425346056 0.095027421 0.899400724
1403637206.038319111 3.415288840 -0.480805325 0.955216966 -0.031277804 0.397041264 0.079446753 0.913820632
1403637207.088319063 3.185495959 -0.562171344 0.927840121 -0.020637442 0.398105099 0.087715231 0.912903316
1403637208.138319016 2.918971701 -0.544412431 0.787463901 -0.031821160 0.405953909 0.092854325 0.908607127
1403637209.188318968 2.740554126 -0.532163987 0.612013331 -0.036495711 0.412212045 0.065291030 0.908012321
1403637209.588319063 2.619993453 -0.520480595 0.599334409 -0.071490273 0.360685988 0.082625492 0.926265506
1403637210.138319016 2.570521648 -0.612851917 0.749112523 -0.123538183 0.344603973 0.099919115 0.925204080
1403637210.588319063 2.752336651 -0.618211655 1.194481061 -0.120981330 0.344578032 0.098923696 0.925658468
1403637210.938319206 3.036963207 -0.657052354 1.723834135 -0.077920101 0.338552930 0.110160516 0.931222332
1403637211.238319159 3.356940470 -0.682284263 2.213830143 -0.043891267 0.344378582 0.103014540 0.932129258
1403637211.488318920 3.649952285 -0.675444911 2.614283880 -0.027664447 0.355258086 0.087201938 0.930280706
1403637211.788318872 3.987557392 -0.673589782 3.058976997 -0.043920370 0.350248294 0.106375693 0.929559759
1403637212.038319111 4.291470891 -0.725646098 3.404820451 -0.047789910 0.351696232 0.106078317 0.928855896
1403637212.188318968 4.492212928 -0.780271735 3.598806774 -0.027897313 0.357421813 0.090178276 0.929160517
1403637212.338319063 4.683328006 -0.846611664 3.782818947 -0.017694277 0.360873331 0.083393378 0.928710340
1403637212.538319111 4.930570394 -0.945749370 4.005110102 -0.022357769 0.363942580 0.083356487 0.927414484
1403637212.688318968 5.108707698 -1.026658405 4.158122384 -0.036414040 0.364417753 0.088797632 0.926276794
1403637212.838319063 5.285801480 -1.109461562 4.308750037 -0.045145349 0.365696404 0.086994899 0.925559250
1403637212.988318920 5.461014919 -1.198567325 4.458748063 -0.048286362 0.366646213 0.080804277 0.925586112
1403637213.188318968 5.689025792 -1.312506695 4.662885368 -0.047608376 0.361537890 0.085366062 0.927219732
1403637213.388319016 5.915700691 -1.406614522 4.879310438 -0.044314547 0.359942651 0.085144277 0.928023685
1403637213.588319063 6.145604314 -1.481592591 5.094185171 -0.039053741 0.363077716 0.073493111 0.928034557
1403637213.788318872 6.366545629 -1.539591832 5.315403490 -0.049334622 0.367737592 0.055977673 0.926931313
1403637214.038319111 6.615803498 -1.590028700 5.614653547 -0.047057553 0.365075919 0.049472082 0.928470610
1403637214.238319159 6.779008628 -1.660007951 5.862707607 -0.028744456 0.342048769 0.053570166 0.937713513
1403637214.438319206 6.908751978 -1.742179126 6.106907241 -0.017473428 0.308067075 0.028093349 0.950789209
1403637214.588319063 6.981434557 -1.820830162 6.272107138 -0.016818531 0.277538772 -0.003817556 0.960559625
1403637214.788318872 7.031872520 -1.935365153 6.488739302 -0.012326932 0.251710492 -0.041139321 0.966849229
1403637215.088319063 6.989208226 -2.105462492 6.786733190 -0.004630475 0.236575845 -0.046252663 0.970500448
1403637215.338319063 6.843324030 -2.197852807 7.020786693 0.009084510 0.227524235 -0.035020245 0.973100085
1403637215.488318920 6.707015990 -2.227949476 7.146818394 0.028424644 0.203970277 -0.026428987 0.978207378
1403637215.638319016 6.549807807 -2.265512092 7.240150870 0.035138741 0.169943058 -0.026459405 0.984471699
1403637215.788318872 6.364635051 -2.296863240 7.298334382 0.017845934 0.129090293 -0.033660436 0.990900698
1403637215.938319206 6.177026835 -2.324554989 7.317767302 -0.000487251 0.087645682 -0.036121963 0.995496459
1403637216.088319063 5.962572215 -2.369877214 7.328914228 -0.009950381 0.053649496 -0.033558903 0.997946152
1403637216.238319159 5.751604876 -2.406397719 7.324054060 -0.011460144 0.026576836 -0.031330713 0.999089948
1403637216.388319016 5.548949226 -2.431344505 7.311486014 -0.004730761 0.013053213 -0.028878580 0.999486499
1403637216.588319063 5.299006336 -2.441870210 7.269961448 0.011019318 0.007925415 -0.026557826 0.999555123
1403637216.888319016 4.940676215 -2.412669051 7.152044793 0.036754167 0.012749290 -0.020607697 0.999030485
1403637217.138319016 4.665975191 -2.382814663 6.957120754 0.021978621 0.016732116 -0.005786561 0.999601667
1403637217.538319111 4.332844593 -2.257370085 6.524982731 0.012616220 0.016311722 0.026022913 0.999448631
1403637217.788318872 4.212866099 -2.125064401 6.191924876 0.029578693 -0.003723327 -0.028614048 0.999145872
1403637217.988318920 4.121135278 -2.018657650 5.874172983 0.022534598 -0.045463481 -0.060186991 0.996896579
1403637218.188318968 4.027371979 -1.921159170 5.515877943 0.009882026 -0.074749620 -0.066660946 0.994922689
1403637218.388319016 3.938267104 -1.803385161 5.139611070 0.006784511 -0.085578262 -0.071315765 0.993752682
1403637218.638319016 3.833405580 -1.640287322 4.646620229 0.004320817 -0.085949911 -0.072246554 0.993667137
1403637219.038319111 3.672057370 -1.335291141 3.797659773 -0.008769990 -0.072018743 -0.091362128 0.993171360
1403637219.238319159 3.568063792 -1.143771038 3.369620660 -0.010016576 -0.070273608 -0.092047549 0.993221293
1403637219.438319206 3.440607460 -0.976794648 2.940314873 -0.016801233 -0.069964275 -0.086184354 0.993677501
1403637219.588319063 3.335049732 -0.867679797 2.603673399 -0.041824769 -0.069480178 -0.081549793 0.993364397
1403637219.738319159 3.223877580 -0.775184516 2.269551135 -0.056878867 -0.068591033 -0.078283984 0.992940926
1403637219.988318920 3.015094154 -0.657457472 1.748374330 -0.065400147 -0.067717808 -0.076488944 0.992616019
1403637220.338319063 2.689288412 -0.591587226 1.089896001 -0.064228634 -0.070764050 -0.063216765 0.993413697
1403637220.688318968 2.378194159 -0.581777041 0.509795056 -0.053435747 -0.074519409 -0.041631730 0.994916216
1403637221.138319016 2.059368119 -0.495296096 -0.118149744 -0.065986381 -0.059090633 -0.042432873 0.995165085
1403637221.388319016 1.919335716 -0.417453768 -0.399340190 -0.070193871 -0.022413551 -0.034889581 0.996671044
1403637221.638319016 1.794530405 -0.319288399 -0.625589568 -0.071057194 -0.001801348 -0.025639301 0.997141041
1403637221.888319016 1.690104677 -0.199165614 -0.795228778 -0.073460761 0.011496369 -0.016903617 0.997088571
1403637222.088319063 1.628416742 -0.100790716 -0.895830361 -0.074765186 0.044353583 -0.005316933 0.996200109
1403637222.288318872 1.586115727 0.000779123 -0.962390123 -0.067411788 0.089384372 0.006868710 0.993689542
1403637222.588319063 1.539410730 0.135463945 -1.032712111 -0.038501890 0.124393911 0.015720522 0.991360996
1403637223.138319016 1.486316697 0.207815288 -1.166018875 -0.069964787 0.127357884 0.016698238 0.989245201
1403637223.688318968 1.484634083 0.023243230 -1.203121301 -0.040232791 0.118692866 0.002115651 0.992113325
1403637224.738319159 1.482585286 0.014799436 -1.130912022 -0.031596749 0.117298198 0.005774566 0.992577167
1403637225.538319111 1.425310743 0.138731691 -1.113801503 -0.025167629 0.118318405 -0.009067859 0.992615293
1403637226.288318872 1.245986625 0.046410765 -1.216930043 -0.026417177 0.116243775 -0.010335017 0.992815544
1403637226.588319063 1.148894653 0.037146140 -1.260359539 -0.055498348 0.117175226 -0.011398744 0.991493807
1403637227.038319111 0.984949155 0.064759768 -1.253107452 -0.052396822 0.111592819 0.010225486 0.992319029
1403637227.538319111 0.871056721 0.044007198 -1.206911006 -0.047900096 0.117848772 0.009714165 0.991828051
1403637228.388319016 0.831413777 0.097898872 -1.069789711 -0.019418251 0.119592693 -0.003371639 0.992627398
1403637229.088319063 0.743473373 0.061866936 -1.125807316 -0.032143532 0.120555456 -0.006398167 0.992165429
1403637229.588319063 0.646428979 0.138064785 -1.176216374 -0.051657276 0.158315108 0.039571420 0.985242079
1403637229.788318872 0.632796645 0.184211445 -1.187707213 -0.056646737 0.212966011 0.067737192 0.973061302
1403637229.938319206 0.643198588 0.223087836 -1.186162258 -0.043871992 0.267441554 0.057228757 0.960872069
1403637230.138319016 0.660555429 0.271073595 -1.183983588 -0.043160675 0.326394532 0.071389757 0.941545149
1403637230.538319111 0.689079752 0.272963564 -1.173817197 -0.029833389 0.381373473 0.079187332 0.920539847
1403637230.838319063 0.695422043 0.211272782 -1.172018701 -0.020266238 0.419525665 0.106649742 0.901228788
1403637231.038319111 0.702388246 0.177734239 -1.186707795 -0.038213312 0.465880250 0.142527788 0.872456970
1403637231.238319159 0.730562779 0.187305206 -1.194862928 -0.035514302 0.528176395 0.171582068 0.830859810
1403637231.388319016 0.774428531 0.223038611 -1.196760443 -0.025741580 0.579889465 0.191265910 0.791506748
1403637231.538319111 0.826393013 0.302997079 -1.188513289 -0.014402158 0.630822374 0.215508460 0.745259561
1403637231.688318968 0.890697021 0.404258415 -1.192932117 -0.012618904 0.679459686 0.235715268 0.694703973
1403637231.838319063 0.962469258 0.498549492 -1.219492579 -0.007324530 0.720870872 0.248405651 0.646982357
1403637231.988318920 1.035137190 0.570456167 -1.267562181 -0.004362537 0.751147217 0.263133988 0.605408400
1403637232.138319016 1.122504234 0.635903922 -1.332058154 0.019876410 0.782071004 0.258616002 0.566645953
1403637232.338319063 1.222863368 0.701496404 -1.448619887 0.031022768 0.815997722 0.254820136 0.517930501
1403637232.488318920 1.287843220 0.739732616 -1.563148057 0.031883517 0.838844757 0.252804879 0.481053644
1403637232.688318968 1.348680236 0.773163569 -1.726693622 0.043817450 0.854286699 0.290727942 0.428662490
1403637232.838319063 1.374873118 0.795643093 -1.878557763 0.044498065 0.862582406 0.317011238 0.391759352
1403637232.988318920 1.393797013 0.808179021 -2.053338573 0.028604458 0.867891025 0.332248079 0.368182248
1403637233.138319016 1.412453695 0.817377369 -2.258446266 0.010796956 0.869834462 0.340531799 0.356804609
1403637233.338319063 1.458551445 0.843975429 -2.563557220 -0.006752915 0.865339352 0.354166137 0.354554016
1403637233.438319206 1.487624848 0.879378888 -2.734535636 -0.014484666 0.862110126 0.359487538 0.356826337
1403637233.588319063 1.551799996 0.956022486 -3.006414102 -0.049516171 0.870166045 0.330125011 0.362459212
1403637233.688318968 1.613399211 1.029052111 -3.187191263 -0.075762037 0.881418158 0.289252378 0.365643550
1403637233.838319063 1.727829132 1.146813332 -3.447366404 -0.101372099 0.892101542 0.242119906 0.367772331
1403637233.988318920 1.882132333 1.262266753 -3.672823018 -0.114797890 0.895698071 0.223149520 0.367084053
1403637234.138319016 2.069425621 1.365055958 -3.855882113 -0.128752037 0.899079490 0.203230253 0.365754628
1403637234.288318872 2.300449700 1.459675371 -3.988239799 -0.129702035 0.902515844 0.191011682 0.363534140
1403637234.438319206 2.569646428 1.538423140 -4.059934984 -0.102578645 0.903754392 0.193783142 0.367632581
1403637234.588319063 2.866619838 1.606501495 -4.076554424 -0.069314448 0.899537371 0.196157754 0.384122586
1403637234.738319159 3.162475698 1.682832001 -4.057221093 -0.040744443 0.890027556 0.196798335 0.409220303
1403637234.838319063 3.363103560 1.727133736 -4.015614334 -0.022943490 0.880829206 0.200231103 0.428393524
1403637234.938319206 3.556865710 1.773803357 -3.971413248 -0.004051873 0.868826715 0.205429496 0.450469137
1403637235.038319111 3.740488856 1.802922828 -3.912242266 0.000919183 0.858096240 0.204345572 0.471076304
1403637235.138319016 3.916112552 1.824438805 -3.849362485 -0.000719087 0.847275216 0.200145615 0.492001956
1403637235.288318872 4.160435117 1.841222636 -3.748023280 -0.005535649 0.831167232 0.196197637 0.520227716
1403637235.438319206 4.388328086 1.850214878 -3.633036773 -0.019027332 0.815705742 0.212730595 0.537594454
1403637235.588319063 4.605972520 1.833246783 -3.512694439 -0.031806408 0.799658121 0.228041859 0.554555816
1403637235.738319159 4.825753763 1.800501388 -3.392408178 -0.033354009 0.788180458 0.219140521 0.574139799
1403637235.838319063 4.972625667 1.764146596 -3.305786781 -0.037645191 0.784924952 0.193047740 0.587544236
1403637235.938319206 5.117120008 1.728219234 -3.210112842 -0.046770854 0.780064664 0.166249642 0.601392271
1403637236.088319063 5.324497163 1.652467185 -3.053960646 -0.058422258 0.764575092 0.145795611 0.625104318
1403637236.238319159 5.519968301 1.550878727 -2.865131797 -0.066191228 0.745632087 0.132326083 0.649724033
1403637236.338319063 5.645176833 1.468830767 -2.720560027 -0.064808089 0.730984608 0.127584229 0.667220862
1403637236.438319206 5.763649320 1.370240296 -2.557489725 -0.059836439 0.716006050 0.126830995 0.683863170
1403637236.538319111 5.878014519 1.263572050 -2.381922174 -0.051781082 0.703592681 0.127407249 0.697168166
1403637236.638319016 5.987415880 1.160172055 -2.196747136 -0.043351952 0.696499685 0.124369308 0.705365914
1403637236.738319159 6.091690190 1.061935277 -2.005965891 -0.033944724 0.690663134 0.117470223 0.712764293
1403637236.838319063 6.185431414 0.962125275 -1.801826490 -0.020922981 0.682212874 0.109065662 0.722670399
1403637236.938319206 6.262964105 0.852240374 -1.595255203 -0.000618826 0.671072279 0.098193277 0.734860323
1403637237.038319111 6.332479829 0.738948180 -1.384290529 0.021741281 0.662388461 0.083863841 0.744134195
1403637237.138319016 6.370586819 0.619583382 -1.172366899 0.045056222 0.652716094 0.073058483 0.752724449
1403637237.238319159 6.385572076 0.492765868 -0.966171633 0.059369853 0.638220501 0.071817970 0.764193688
1403637237.338319063 6.369966094 0.377318423 -0.761553513 0.062233931 0.623143786 0.073838331 0.776122839
1403637237.438319206 6.329541087 0.249009164 -0.566691314 0.064145550 0.610280332 0.077718550 0.785750018
1403637237.538319111 6.267826201 0.111532097 -0.379289005 0.063596943 0.600740769 0.080910670 0.792792168
1403637237.638319016 6.183232039 -0.021981334 -0.204782918 0.067350467 0.592530575 0.086284688 0.798076679
1403637237.738319159 6.074744174 -0.156241515 -0.035071025 0.073548258 0.585743423 0.094766826 0.801570050
1403637237.838319063 5.948335341 -0.281000615 0.121785559 0.075677535 0.581654878 0.107443532 0.802749277
1403637237.938319206 5.809268003 -0.392648546 0.261505894 0.073031975 0.582812407 0.124777830 0.799641496
1403637238.038319111 5.660865601 -0.492540337 0.390680226 0.067452220 0.588815743 0.146474226 0.792017374
1403637238.188318968 5.422824717 -0.626291256 0.556837061 0.066127708 0.602869340 0.190882246 0.771841728
1403637238.288318872 5.259389114 -0.701354958 0.652153514 0.071829825 0.617649125 0.220268613 0.751552908
1403637238.438319206 5.012942794 -0.798389642 0.751930764 0.084602298 0.646715681 0.258036273 0.712754208
1403637238.588319063 4.757315405 -0.856216399 0.798779807 0.095241366 0.679575693 0.284525360 0.669441020
1403637238.738319159 4.502470386 -0.903856650 0.791245582 0.082707630 0.694096216 0.327981111 0.635466979
1403637238.888319016 4.249717950 -0.914208498 0.723707472 0.055617972 0.694247110 0.374051264 0.612383248
1403637239.038319111 4.038342064 -0.925552971 0.586675296 0.022395351 0.693923534 0.401969542 0.596983303
1403637239.138319016 3.918500793 -0.919568307 0.450078148 0.003180546 0.705369850 0.390073933 0.591849293
1403637239.238319159 3.825631563 -0.912115963 0.286915083 -0.005639460 0.725378871 0.361629055 0.585677485
1403637239.338319063 3.752936289 -0.892672717 0.100028594 -0.005600667 0.742558020 0.342021979 0.575844757
1403637239.438319206 3.691517047 -0.865655922 -0.100754652 -0.000631551 0.757321472 0.336216376 0.559841351
1403637239.538319111 3.643472384 -0.816948358 -0.313504308 0.004396864 0.773686490 0.332521042 0.539276960
1403637239.638319016 3.605405813 -0.755226468 -0.527528071 0.008172209 0.791469520 0.329406887 0.514781814
1403637239.738319159 3.573962192 -0.669140778 -0.744840370 0.013201537 0.812197857 0.318846943 0.488361534
1403637239.838319063 3.546330091 -0.580030122 -0.971427535 0.016190415 0.836260480 0.296708743 0.460836416
1403637239.938319206 3.526871642 -0.470840526 -1.193722434 0.019650170 0.858071427 0.278023327 0.431312331
1403637240.038319111 3.507055946 -0.353277465 -1.425591600 0.019780123 0.876686806 0.265624369 0.400590421
1403637240.138319016 3.476404706 -0.238447156 -1.653119122 0.021358439 0.890819890 0.263871240 0.369263740
1403637240.238319159 3.437544516 -0.117067310 -1.883018368 0.021461250 0.901235480 0.268837432 0.339176148
1403637240.338319063 3.409435818 0.005686807 -2.099144818 0.014403180 0.905923156 0.284354125 0.313430239
1403637240.438319206 3.369964031 0.132143275 -2.314562908 0.000791994 0.906762959 0.301310001 0.294945067
1403637240.538319111 3.338185435 0.251130288 -2.531788207 -0.011716994 0.906718215 0.312462078 0.283005724
1403637240.638319016 3.307547985 0.362714334 -2.752110564 -0.015579800 0.907758872 0.314571507 0.277084583
1403637240.788318872 3.284208785 0.509178809 -3.084319477 -0.018680644 0.911047903 0.307195723 0.274360236
1403637240.888319016 3.278980445 0.594320329 -3.310761017 -0.019603903 0.917645462 0.285495231 0.275744386
1403637240.988318920 3.274189004 0.680772481 -3.540312979 -0.018889687 0.921677641 0.269457989 0.278470641
1403637241.138319016 3.284569170 0.805226294 -3.853636812 -0.016646415 0.919463791 0.272101582 0.283319544
1403637241.288318872 3.303025022 0.940196327 -4.149165117 -0.024647579 0.918274941 0.270566421 0.288023336
1403637241.388319016 3.321406663 1.031823715 -4.339453325 -0.032721223 0.918654561 0.265575295 0.290642188
1403637241.538319111 3.359746640 1.163128380 -4.609216915 -0.046685072 0.920336995 0.254001427 0.293740693
1403637241.638319016 3.394193511 1.242426304 -4.775446555 -0.050622737 0.921810730 0.245362837 0.295802966
1403637241.738319159 3.435489345 1.310533869 -4.930167986 -0.048501077 0.924437457 0.232948634 0.297989879
1403637241.888319016 3.520200998 1.382923696 -5.140065019 -0.034660201 0.927627269 0.219666033 0.300088578
1403637242.038319111 3.607438552 1.436869653 -5.311118127 -0.006293558 0.929534532 0.210955373 0.302363649
1403637242.188318968 3.685022298 1.470221829 -5.452105362 -0.015987445 0.929853938 0.212735906 0.299765727
1403637242.338319063 3.763247228 1.484370433 -5.558026257 -0.032857533 0.930835973 0.211309794 0.296332492
1403637242.588319063 3.905684878 1.505900282 -5.648129681 -0.049052130 0.933926330 0.194251461 0.296043693
1403637242.738319159 4.012311992 1.497502773 -5.639137215 -0.038934886 0.927355687 0.195247985 0.316818133
1403637242.888319016 4.119384649 1.458928295 -5.594269619 -0.018170496 0.919116897 0.195057056 0.341828477
1403637243.038319111 4.221185599 1.402368075 -5.515948103 -0.015712563 0.914688369 0.188444400 0.357193240
1403637243.188318968 4.314023957 1.346140751 -5.400788876 -0.026612603 0.910390143 0.194396035 0.364268772
1403637243.288318872 4.374249712 1.318274478 -5.306280773 -0.025182123 0.906434490 0.206419133 0.367605111
1403637243.438319206 4.461936710 1.275671642 -5.142136031 -0.020373168 0.903013438 0.217976755 0.369645505
1403637243.588319063 4.550008574 1.228602343 -4.960750163 -0.015351531 0.900610601 0.227559351 0.369975157
1403637243.738319159 4.631895039 1.162658964 -4.767139327 -0.007378791 0.895977561 0.246181911 0.369545979
1403637243.888319016 4.711046320 1.075325459 -4.575888538 0.009023296 0.889293200 0.270456544 0.368686104
1403637244.038319111 4.780621078 0.971425074 -4.400416727 0.016351706 0.887431746 0.279072465 0.366491579
1403637244.238319159 4.864648160 0.811760019 -4.191869727 0.015388319 0.890199547 0.276221424 0.361952610
1403637244.438319206 4.939100073 0.630408801 -4.010593251 0.012914219 0.887239795 0.284810806 0.362659032
1403637244.638319016 5.004452490 0.448279882 -3.850689203 -0.012132977 0.880915410 0.279680784 0.381601219
1403637244.838319063 5.082520910 0.289246462 -3.697101391 -0.027464472 0.870669543 0.275189892 0.406756405
1403637245.088319063 5.206033453 0.128222780 -3.516762928 -0.017865684 0.856561711 0.292284336 0.424914956
1403637245.338319063 5.359000486 0.015506830 -3.368807528 -0.021127205 0.853571923 0.295783685 0.428346384
1403637245.588319063 5.551401729 -0.069592793 -3.254620647 -0.032319290 0.852843402 0.278884383 0.440269345
1403637245.788318872 5.733257312 -0.108683586 -3.169095288 -0.030143679 0.839707636 0.267281907 0.471744451
1403637245.938319206 5.883933568 -0.126665856 -3.096978076 -0.020068646 0.825870217 0.240500185 0.509603077
1403637246.088319063 6.034151226 -0.142305766 -3.026390815 -0.016839192 0.799829505 0.219613702 0.558353854
1403637246.238319159 6.182307971 -0.143466110 -2.948330006 -0.015694153 0.762737855 0.200456849 0.614655766
1403637246.388319016 6.319603525 -0.129663417 -2.856911086 -0.019311406 0.718397414 0.177415639 0.672351036
1403637246.538319111 6.446547365 -0.113185755 -2.756014031 -0.024118285 0.673568409 0.144729952 0.724415038
1403637246.688318968 6.559257737 -0.105955649 -2.632373856 -0.018653288 0.630610708 0.112891012 0.767618270
1403637246.838319063 6.648816924 -0.094035149 -2.499660842 -0.014734057 0.586472866 0.089406765 0.804884411
1403637246.988318920 6.708299671 -0.088484394 -2.370791463 -0.024662827 0.543288051 0.083105008 0.835058918
1403637247.138319016 6.750258886 -0.103511436 -2.238968898 -0.039348899 0.513468490 0.093351319 0.852107567
1403637247.288318872 6.782248110 -0.114511353 -2.088652467 -0.044071855 0.499505975 0.102646640 0.859078064
1403637247.488318920 6.816325930 -0.121911069 -1.883061774 -0.005899416 0.501221405 0.085137873 0.861100367
1403637247.688318968 6.815739276 -0.099082960 -1.679486044 -0.006449252 0.495333350 0.072755129 0.865626924
1403637247.838319063 6.785576080 -0.092275385 -1.515797372 -0.013957346 0.484319950 0.052080340 0.873227930
1403637247.938319206 6.746698792 -0.094953061 -1.410959953 -0.008353271 0.469653786 0.049740975 0.881408747
1403637248.088319063 6.663460088 -0.103447704 -1.258350913 -0.008263734 0.442259127 0.056523306 0.895066305
1403637248.188318968 6.588702112 -0.113111398 -1.153456204 -0.018861407 0.425027488 0.061750699 0.902874705
1403637248.338319063 6.475085715 -0.120253747 -1.005681286 -0.029430862 0.407112202 0.065770638 0.910531550
1403637248.488318920 6.353238959 -0.121411466 -0.846113664 -0.025849364 0.399818148 0.066039453 0.913846841
1403637248.638319016 6.225858050 -0.132315042 -0.694472316 -0.017605940 0.399666787 0.060854955 0.914468788
1403637248.788318872 6.088486563 -0.144300092 -0.552653526 -0.030446412 0.402064853 0.064630606 0.912819672
1403637248.938319206 5.940972689 -0.171121235 -0.411550837 -0.036108806 0.405545014 0.071819842 0.910533528
1403637249.088319063 5.788309457 -0.221630646 -0.271627391 -0.037468022 0.409985344 0.074500016 0.908271937
1403637249.238319159 5.630715513 -0.289495084 -0.134642937 -0.036810328 0.413277269 0.075601006 0.906714612
1403637249.388319016 5.468351918 -0.360432291 0.002349883 -0.034147010 0.415894793 0.075586044 0.905622577
1403637249.538319111 5.303824170 -0.401957274 0.146671998 -0.033150961 0.416120078 0.077270458 0.905413922
1403637249.838319063 4.968544988 -0.409467678 0.458837262 -0.017291257 0.412475804 0.070041326 0.908107337
1403637249.988318920 4.781268776 -0.418293621 0.609098370 -0.016312797 0.397229729 0.068644854 0.915002907
1403637250.138319016 4.587693256 -0.446498693 0.751443171 -0.022126568 0.376406992 0.079973630 0.922730952
1403637250.288318872 4.394175223 -0.475965048 0.886272845 -0.022577512 0.355580556 0.084673574 0.930528404
1403637250.488318920 4.151280172 -0.493962371 1.057649179 -0.021332169 0.335803159 0.096079256 0.936776363
1403637250.688318968 3.925090825 -0.497828874 1.211701888 -0.029037038 0.325300245 0.098780749 0.939988811
1403637250.938319206 3.684337678 -0.545227073 1.367318412 -0.029342380 0.318351474 0.095393292 0.942704346
1403637251.288318872 3.419885892 -0.677543773 1.528711608 -0.032305630 0.295594914 0.104818172 0.948995861
1403637251.688318968 3.215533804 -0.868392640 1.641700840 -0.026056481 0.257963148 0.063369162 0.963722171
1403637252.188318968 3.043209262 -0.991477650 1.733224122 -0.005051633 0.240852526 0.033348270 0.969975481
1403637253.238319159 2.756832070 -0.918065567 1.691300053 -0.025794688 0.242085028 0.045688407 0.968835405
1403637254.288318872 2.598066171 -0.895221918 1.438367083 -0.027755168 0.233868900 0.026377905 0.971513867
1403637255.288318872 2.255859775 -0.891033225 1.133880496 -0.023199285 0.182007577 0.015577967 0.982899976
1403637255.788318872 2.032786952 -0.833548758 0.939415416 -0.033889733 0.112457362 -0.012537430 0.992999316
1403637256.238319159 1.800642572 -0.837678775 0.746760996 -0.036856970 0.048464149 -0.036261616 0.997485782
1403637256.788318872 1.490973484 -0.762129092 0.523223095 -0.046943109 0.045039228 -0.017317844 0.997731379
1403637257.188318968 1.263470335 -0.680191025 0.385104388 -0.037197747 0.028244161 -0.030366604 0.998447026
1403637257.538319111 1.075975009 -0.670069087 0.244585980 -0.043736018 0.012766617 -0.046005462 0.997901634
1403637257.838319063 0.903266219 -0.632844003 0.149313184 -0.061928168 0.000713103 -0.042541110 0.997173329
1403637258.038319111 0.783250838 -0.596796470 0.104737507 -0.068568390 -0.023257751 -0.044694485 0.996373352
1403637258.188318968 0.695301058 -0.571241917 0.081790209 -0.062003009 -0.051364327 -0.053364606 0.995323843
1403637258.338319063 0.605152478 -0.557352263 0.069339048 -0.047624644 -0.074171475 -0.066770394 0.993867295
1403637258.488318920 0.519636714 -0.536910734 0.056839754 -0.046853462 -0.092517135 -0.063739358 0.992563664
1403637258.688318968 0.407645815 -0.496256361 0.054774695 -0.046720123 -0.103437834 -0.058462542 0.991816503
1403637258.938319206 0.285880372 -0.441044007 0.059652968 -0.039512139 -0.105683929 -0.055476104 0.992064564
1403637259.288318872 0.144595551 -0.443735706 0.043373880 -0.038169855 -0.102864621 -0.050383469 0.992684964
1403637259.688318968 0.041044952 -0.470913166 0.013682275 -0.037417809 -0.102463038 -0.037095577 0.993340401
1403637260.388319016 0.034920744 -0.383866356 -0.011722150 -0.037195046 -0.092049434 -0.074084591 0.992297790
1403637260.688318968 0.036638586 -0.310574554 -0.023533760 -0.057437625 -0.091283874 -0.078003820 0.991102203
1403637260.888319016 0.022193229 -0.264557589 -0.023578551 -0.044479717 -0.094674298 -0.072435249 0.991872707
1403637261.038319111 0.007077514 -0.229650964 -0.022963563 -0.036271328 -0.095952020 -0.071146185 0.992177313
1403637261.188318968 -0.009403259 -0.192613198 -0.025491052 -0.051803688 -0.095438606 -0.071985482 0.991476647
1403637261.338319063 -0.029490599 -0.164289166 -0.026589673 -0.059996013 -0.094615072 -0.073740109 0.990964612
1403637261.538319111 -0.061514216 -0.148338679 -0.023964790 -0.049989792 -0.097752402 -0.063470425 0.991925901
1403637261.788318872 -0.099262991 -0.147503137 -0.015389122 -0.062449636 -0.094908787 -0.069130982 0.991117184
1403637261.988318920 -0.132594786 -0.159659068 0.005254196 -0.041073721 -0.094462643 -0.066790187 0.992435806
1403637262.188318968 -0.162043564 -0.138485829 0.030988708 -0.035102077 -0.095520979 -0.056722945 0.993189858
1403637262.338319063 -0.171125008 -0.121535181 0.039877674 -0.011716072 -0.106544591 -0.018921084 0.994058839
1403637262.488318920 -0.156790048 -0.111067912 0.016008553 -0.029587962 -0.068884843 -0.031750588 0.996680155
1403637262.638319016 -0.152500312 -0.114450076 0.009010906 0.001343884 -0.068483425 -0.019750277 0.997455834
1403637262.788318872 -0.153023042 -0.111364156 0.011219892 -0.013648522 -0.067935792 -0.020313940 0.997389488
1403637263.838319063 -0.153414021 -0.110844087 0.011470587 -0.015007484 -0.068151305 -0.021328805 0.997334075
1403637264.888319016 -0.153595288 -0.110760658 0.011456031 -0.015059258 -0.068328124 -0.020884267 0.997330604
