%YAML:1.0
# ORB-SLAM3 stereo-inertial (VIO) configuration for Rosario v2.
#
# Loop closure ENABLED (loopClosing: 1). For VIO without LC see
# rosariov2_stereo_inertial_lc.yaml.
#
# Camera intrinsics + rectification matrices: identical to rosariov2_stereo.yaml
# (taken from https://github.com/CIFASIS/rosariov2/blob/main/evaluation/
#  orb-slam3_rosariov2.yaml).
#
# IMU intrinsics + Tbc: taken verbatim from the same CIFASIS evaluation config.

File.version: "1.0"

#--------------------------------------------------------------------------------------------
# Camera Parameters (rectified, see rosariov2_stereo.yaml for derivation)
#--------------------------------------------------------------------------------------------
Camera.type: "Rectified"

Camera1.fx: 648.8624169653789
Camera1.fy: 648.8624169653789
Camera1.cx: 645.0113372802734
Camera1.cy: 348.24266815185547

Camera.RGB: 0
Camera.fps: 15
Camera.width:  1280
Camera.height: 720

Stereo.b: 0.0497336941
Stereo.ThDepth: 80.0

#--------------------------------------------------------------------------------------------
# Stereo Rectification matrices (Kalibr, do_rectify=false)
#--------------------------------------------------------------------------------------------
LEFT.height: 720
LEFT.width:  1280
LEFT.D: !!opencv-matrix
  rows: 1
  cols: 5
  dt: d
  data: [0.0008368252004208706, -0.0010662834505401491,
         -0.0005232293953624633, 0.00042863685319859406, 0.0]
LEFT.K: !!opencv-matrix
  rows: 3
  cols: 3
  dt: d
  data: [645.4064992830425, 0.0, 648.7339043686679,
         0.0, 648.5756187194387, 349.03769150591853,
         0.0, 0.0, 1.0]
LEFT.R: !!opencv-matrix
  rows: 3
  cols: 3
  dt: d
  data: [ 0.9999932734981316,  0.0006551020109617547,  0.00360885021111495,
         -0.0006552753867656444,  0.9999997842091471,  4.685965000167486e-05,
         -0.0036088187345071363, -4.922412551802019e-05,  0.9999934869809537]
LEFT.P: !!opencv-matrix
  rows: 3
  cols: 4
  dt: d
  data: [648.8624169653789, 0.0, 645.0113372802734, 0.0,
         0.0, 648.8624169653789, 348.24266815185547, 0.0,
         0.0, 0.0, 1.0, 0.0]

RIGHT.height: 720
RIGHT.width:  1280
RIGHT.D: !!opencv-matrix
  rows: 1
  cols: 5
  dt: d
  data: [0.0005313293181523295, -0.0005556448379554267,
         -0.0005263985557901516, 4.98720460662138e-05, 0.0]
RIGHT.K: !!opencv-matrix
  rows: 3
  cols: 3
  dt: d
  data: [645.9158469761354, 0.0, 647.7810357771295,
         0.0, 649.1492152113191, 348.7846008503252,
         0.0, 0.0, 1.0]
RIGHT.R: !!opencv-matrix
  rows: 3
  cols: 3
  dt: d
  data: [ 0.9999970500540201,  0.000684385054413106,  0.0023305579493260938,
         -0.0006842730889490363,  0.9999997646925, -4.883937419843555e-05,
         -0.002330590825866099,  4.7244492037958876e-05,  0.9999972830534892]
RIGHT.P: !!opencv-matrix
  rows: 3
  cols: 4
  dt: d
  data: [648.8624169653789, 0.0, 645.0113372802734, -32.599425851220396,
         0.0, 648.8624169653789, 348.24266815185547, 0.0,
         0.0, 0.0, 1.0, 0.0]

#--------------------------------------------------------------------------------------------
# IMU
#--------------------------------------------------------------------------------------------
# Transformation from camera 0 to body-frame (imu).
# Note: ORB-SLAM3 (Settings.cc, Rectified branch) reads `IMU.T_b_c1`; values are
# the CIFASIS Tbc 4x4 matrix.
IMU.T_b_c1: !!opencv-matrix
  rows: 4
  cols: 4
  dt: f
  data: [ 0.999992, -0.003898, -0.000576, -0.004483,
          0.003895,  0.999979, -0.005012,  0.019179,
          0.000596,  0.005009,  0.999987,  0.027584,
          0.000000,  0.000000,  0.000000,  1.000000]

# IMU noise (RealSense D435i, identified by CIFASIS).
IMU.NoiseGyro: 2.324e-04
IMU.NoiseAcc:  9.943e-04
IMU.GyroWalk:  1.823e-06
IMU.AccWalk:   4.750e-05
IMU.Frequency: 200.0
IMU.InsertKFsWhenLost: 1

#--------------------------------------------------------------------------------------------
# ORB Extractor
#--------------------------------------------------------------------------------------------
ORBextractor.nFeatures:   1200
ORBextractor.scaleFactor: 1.2
ORBextractor.nLevels:     8
ORBextractor.iniThFAST:   20
ORBextractor.minThFAST:   7

#--------------------------------------------------------------------------------------------
# System
#--------------------------------------------------------------------------------------------
# VIO + loop closure enabled (Stereo-Inertial SLAM with LC).
loopClosing: 1

#--------------------------------------------------------------------------------------------
# Viewer
#--------------------------------------------------------------------------------------------
Viewer.KeyFrameSize:      0.05
Viewer.KeyFrameLineWidth: 1.0
Viewer.GraphLineWidth:    0.9
Viewer.PointSize:         2.0
Viewer.CameraSize:        0.08
Viewer.CameraLineWidth:   3.0
Viewer.ViewpointX:        0.0
Viewer.ViewpointY:       -0.7
Viewer.ViewpointZ:       -1.8
Viewer.ViewpointF:        500.0
Viewer.imageViewScale:    1.0
Viewer.bUseViewer:        0
