1770731344.371206999 0.000000000 0.000000000 0.000000000 -0.000000000 -0.000000000 -0.000000000 1.000000000
1770731346.127442598 -0.001121994 -0.003312009 0.342024654 -0.007911430 0.008675840 -0.003537968 0.999924839
1770731346.229367018 0.000402362 -0.005088305 0.442673147 -0.008918005 0.014803112 -0.005901538 0.999833286
1770731346.427725077 0.016566219 -0.003713964 0.681262910 -0.013018128 0.025731293 -0.005686795 0.999567986
1770731346.731041908 0.067755878 -0.005061443 1.103232384 -0.018402228 0.035805833 0.003791804 0.999182165
1770731347.029953718 0.109243825 -0.004414266 1.537625074 -0.025864026 0.026507264 0.007839048 0.999283254
1770731347.323266506 0.148805141 0.010879151 1.992785215 -0.048900723 -0.007997864 0.034269542 0.998183548
1770731347.527842522 0.101105526 0.020007208 2.254243135 -0.037184067 -0.026727147 0.013762137 0.998856127
1770731347.823396683 0.092716433 0.024869466 2.672737837 -0.043143161 -0.024213931 0.011029694 0.998714507
1770731348.123677254 0.118227147 0.001699168 3.036965847 -0.017699229 0.008233878 0.010239381 0.999757051
1770731348.427332640 0.132586792 -0.001928915 3.425934076 -0.013867254 0.022988917 0.008175492 0.999606133
1770731348.626581430 0.143706456 0.006230910 3.729362011 -0.026149662 0.029042941 0.003937652 0.999228358
1770731348.826038122 0.195302621 0.023227172 4.036234856 -0.034787156 0.030015713 0.026227226 0.998599589
1770731349.132391930 0.208269909 0.021451654 4.456018925 -0.017948465 0.031138912 0.019018952 0.999172926
1770731349.429428577 0.224122822 0.014341829 4.829136848 -0.002240146 0.034849253 0.015549116 0.999269128
1770731349.622526646 0.233690664 0.012420399 5.108937740 -0.004268740 0.037981283 0.008876480 0.999229908
1770731349.825888157 0.258155584 0.004630546 5.384353161 -0.000526626 0.039294861 0.011001696 0.999166965
1770731350.125216961 0.280947119 0.002794248 5.814697742 -0.004612447 0.031825237 0.011577741 0.999415755
1770731350.326473475 0.294831812 -0.009812866 6.071388245 0.002831318 0.035217017 0.007782536 0.999345362
1770731350.524124622 0.301102340 -0.014288006 6.347954273 0.001002939 0.024746239 0.010316094 0.999640048
1770731350.728544474 0.298072338 -0.024976635 6.628809929 0.002688824 0.003458756 0.010900281 0.999930978
1770731350.928531647 0.292925596 -0.033682048 6.888487816 0.002876810 0.001336740 0.008604320 0.999957979
1770731351.126230240 0.281254351 -0.036823656 7.164414883 -0.001691605 0.002644510 0.003666477 0.999988377
1770731351.329361677 0.283012599 -0.046399157 7.444267750 0.001652558 0.005861644 0.002165055 0.999979138
1770731351.625118256 0.272324055 -0.054587897 7.856930733 -0.000509516 0.006137199 -0.002785379 0.999977171
1770731351.826696634 0.286012203 -0.057599921 8.140669823 -0.004223338 0.010257281 -0.000511329 0.999938369
1770731352.022079945 0.284566641 -0.070165828 8.408033371 0.000997063 0.009670414 -0.001626107 0.999951422
1770731352.324748755 0.285011083 -0.089755744 8.821290016 0.004311546 0.005173786 -0.001742557 0.999975801
1770731352.526948452 0.287442833 -0.095742784 9.094599724 0.001181687 0.006474461 -0.002659382 0.999974847
1770731352.824810982 0.282507539 -0.112847216 9.491182327 0.010627614 0.009200095 -0.007862324 0.999870300
1770731353.023817062 0.287196815 -0.116545126 9.766826630 0.003433539 0.012519003 -0.010038671 0.999865353
1770731353.323761225 0.301339298 -0.114760987 10.215134621 -0.010567469 0.023558572 -0.012616570 0.999586999
1770731353.623875141 0.329255849 -0.128336430 10.622615814 -0.004934499 0.029481409 -0.011200748 0.999490440
1770731353.922702074 0.348949641 -0.134952337 11.027976036 -0.004954833 0.029668134 -0.012006629 0.999475420
1770731354.124536991 0.393117934 -0.133666784 11.325972557 -0.016315559 0.028679738 0.004315928 0.999446154
1770731354.323221684 0.389323711 -0.138880447 11.609705925 -0.007261694 0.030626796 -0.007594430 0.999475658
1770731354.523998499 0.403492719 -0.143367767 11.891200066 -0.007761078 0.022303060 -0.004600897 0.999710560
1770731354.723664045 0.399998516 -0.146954626 12.163118362 -0.007924946 0.015913617 -0.007916922 0.999810636
1770731354.923780918 0.406299472 -0.153431416 12.432918549 -0.005161783 0.016148569 -0.007608887 0.999827325
1770731355.123363018 0.414100558 -0.160677776 12.710393906 -0.007960487 0.017451415 -0.005225589 0.999802351
1770731355.321782827 0.414639473 -0.169024095 12.975871086 -0.002547042 0.019517019 -0.009636403 0.999759853
1770731355.631370783 0.439675927 -0.174022183 13.402852058 -0.009767278 0.021605531 -0.005188505 0.999705434
1770731355.821276188 0.446762770 -0.180838555 13.674630165 -0.006904059 0.024150982 -0.005719132 0.999668121
1770731356.125330925 0.458084792 -0.187669173 14.073016167 -0.002021853 0.030057224 -0.012519877 0.999467731
1770731356.345639944 0.486812949 -0.185778156 14.378293991 -0.017281985 0.033872869 -0.007728297 0.999246836
1770731356.518019438 0.486984998 -0.204315111 14.628416061 0.004864287 0.038907439 -0.020895839 0.999012470
1770731356.722360849 0.517163336 -0.210769102 14.886927605 0.003862369 0.040980700 -0.014821287 0.999042571
1770731356.921772003 0.526810169 -0.223311916 15.166893005 0.003705277 0.043007310 -0.020665493 0.998854160
1770731357.121850729 0.553885639 -0.219588876 15.465434074 -0.004615836 0.036307212 -0.015465556 0.999210358
1770731357.421570539 0.613402486 -0.224795997 15.902292252 -0.019597337 0.031510465 0.003033464 0.999306679
1770731357.727682829 0.622424006 -0.234137788 16.301664352 -0.013173650 0.030151414 -0.004371648 0.999449015
1770731358.022210121 0.647396863 -0.253259659 16.695915222 0.001979870 0.032085501 -0.005243669 0.999469399
1770731358.221375942 0.645200074 -0.256209016 16.978233337 -0.002504180 0.026616773 -0.009458831 0.999597847
1770731358.437998295 0.649266422 -0.255273372 17.275812149 -0.012533114 0.016564125 -0.011189851 0.999721646
1770731358.621221781 0.644192576 -0.266111642 17.546733856 -0.008052399 0.006026246 -0.011654780 0.999881506
1770731358.818243742 0.655618548 -0.274125993 17.813110352 -0.008671444 0.007169857 -0.007215789 0.999910712
1770731359.120085478 0.650518000 -0.294073641 18.199077606 0.004001823 0.004761955 -0.009960686 0.999931097
1770731359.421003342 0.651079357 -0.290340692 18.648555756 -0.013332392 0.009936830 -0.013539430 0.999770045
1770731359.720197678 0.664808154 -0.304276228 19.058713913 -0.006493131 0.015780732 -0.011022887 0.999793649
1770731360.020535231 0.666102946 -0.306963921 19.464559555 -0.004757110 0.013396488 -0.013858251 0.999802887
1770731360.319667101 0.671281874 -0.314413369 19.896648407 -0.009748581 0.022398513 -0.020204075 0.999497414
1770731360.531191826 0.683360040 -0.320811421 20.161510468 -0.007403542 0.024892213 -0.019345259 0.999475539
1770731360.719777584 0.688051999 -0.332076073 20.430841446 -0.000060047 0.026080348 -0.022331953 0.999410391
1770731360.919365883 0.717762530 -0.344542235 20.705928802 0.000073037 0.028016487 -0.014620331 0.999500573
1770731361.117326498 0.705544293 -0.349586815 20.975374222 0.001155673 0.033929776 -0.028328273 0.999022007
1770731361.420245171 0.736708999 -0.360463917 21.408235550 0.000275130 0.035035912 -0.025884623 0.999050796
1770731361.723552942 0.782524168 -0.370682895 21.824872971 -0.008815707 0.034230102 -0.015106979 0.999260902
1770731361.820386887 0.784219623 -0.386484265 21.945940018 0.007322855 0.035582691 -0.017537951 0.999186039
1770731362.017621040 0.811535656 -0.381182402 22.243223190 -0.010225126 0.037486691 -0.013434418 0.999154508
1770731362.218534946 0.824225724 -0.386376977 22.480895996 -0.011352133 0.043115720 -0.016908461 0.998862505
1770731362.918411732 0.850883543 -0.416232139 22.684129715 0.014817468 0.055513214 -0.018528461 0.998176038
1770731363.117819548 0.882746160 -0.413840204 22.908784866 0.003360161 0.057430364 -0.015107958 0.998229563
1770731363.318300724 0.891926169 -0.424154967 23.155374527 0.007681571 0.044132702 -0.016524099 0.998859465
1770731363.516631365 0.895526230 -0.436897844 23.439460754 0.011852617 0.024571959 -0.019256035 0.999442339
1770731363.620498419 0.896808565 -0.436151505 23.592222214 0.004539249 0.026223583 -0.019866912 0.999448359
1770731363.817856073 0.910168827 -0.440166622 23.873371124 -0.001222233 0.030663922 -0.021511767 0.999297500
1770731364.017786741 0.929591715 -0.440517008 24.157314301 -0.008999394 0.033408534 -0.020279426 0.999195516
1770731364.322737217 0.945869088 -0.456464499 24.577781677 -0.002380918 0.039102666 -0.029476386 0.998797536
1770731364.517264843 0.970688641 -0.467658401 24.839096069 0.002327598 0.039078694 -0.026143791 0.998891354
1770731364.816915989 1.014138103 -0.471532732 25.279449463 -0.011453495 0.043766834 -0.021548461 0.998743713
1770731365.018722534 1.043166399 -0.481841177 25.555852890 -0.002693076 0.048170611 -0.021345843 0.998607397
1770731365.316604853 1.094922185 -0.500624835 25.952291489 -0.003521304 0.049457468 -0.010336128 0.998716533
1770731365.518571377 1.115307450 -0.510493755 26.225364685 0.001784683 0.050641395 -0.015261550 0.998598695
1770731365.714836836 1.153509498 -0.517182529 26.507631302 -0.002251268 0.053219043 -0.010535306 0.998524725
1770731366.018519640 1.203217983 -0.531950474 26.913612366 -0.002542123 0.057892375 -0.009610410 0.998273373
1770731366.317894697 1.258113623 -0.549167633 27.332538605 -0.001629441 0.047800686 0.002711794 0.998851895
1770731366.615852833 1.248713017 -0.560101449 27.763355255 -0.001431914 0.008673570 -0.006717313 0.999938846
1770731366.915522814 1.223292589 -0.569277525 28.158771515 -0.002585990 -0.002846117 -0.012497359 0.999914527
1770731367.215614796 1.226457119 -0.568893671 28.593091965 -0.009074711 0.000968286 -0.009332181 0.999914825
1770731367.415682077 1.228266239 -0.578217566 28.873945236 -0.009452052 0.004310317 -0.010737217 0.999888420
1770731367.614984751 1.227052808 -0.594472885 29.124311447 0.002207559 0.006001439 -0.010380997 0.999925673
1770731367.826311827 1.228851914 -0.601435840 29.394668579 0.002543350 0.008189720 -0.013291690 0.999874890
1770731368.117959976 1.234320283 -0.610017538 29.822017670 -0.002187834 0.012031378 -0.011802482 0.999855578
1770731368.317442656 1.239439607 -0.616803229 30.102746964 -0.005439521 0.017363211 -0.016843628 0.999692559
1770731368.616041660 1.255800605 -0.628874898 30.511436462 -0.003896303 0.021341888 -0.017415103 0.999612927
1770731368.815490961 1.268700123 -0.639000058 30.784748077 -0.002904256 0.024073042 -0.016959904 0.999562144
1770731369.014032841 1.268372536 -0.650525689 31.045175552 0.002723221 0.027422193 -0.024340356 0.999323845
1770731369.215666533 1.290354848 -0.651379168 31.336000443 -0.006091341 0.030510301 -0.020599350 0.999303579
1770731369.515887976 1.322306991 -0.670860350 31.759778976 -0.002607842 0.027586192 -0.014126258 0.999516249
1770731369.714921951 1.321157098 -0.673784733 32.037879944 -0.003787636 0.023955414 -0.019564129 0.999514401
1770731369.916147947 1.335638523 -0.676181853 32.323513031 -0.011733499 0.029808037 -0.023630688 0.999207377
1770731370.113010645 1.346900702 -0.684182823 32.592643738 -0.007331788 0.030512352 -0.024907200 0.999197125
1770731370.415200710 1.396651864 -0.698735952 33.004920959 -0.006416589 0.031177126 -0.011814614 0.999423444
1770731370.714674234 1.407718420 -0.704982638 33.404083252 -0.000453340 0.035852637 -0.020298349 0.999150813
1770731370.916949749 1.424551487 -0.710615754 33.685348511 -0.002386753 0.038947314 -0.023500478 0.998962045
1770731371.113234520 1.449834585 -0.717422128 33.959629059 -0.003181402 0.041350733 -0.020699134 0.998925209
1770731371.314207554 1.468724847 -0.719939649 34.243270874 -0.010047095 0.043482061 -0.022109864 0.998758972
1770731371.512650490 1.508625150 -0.725134671 34.534004211 -0.011824741 0.045262493 -0.013314532 0.998816431
1770731371.618200541 1.524177194 -0.729721725 34.666164398 -0.007957546 0.047885794 -0.013019740 0.998736262
1770731371.812894821 1.540570974 -0.742498398 34.922428131 0.000218589 0.047463000 -0.018022355 0.998710394
1770731372.013580322 1.566043735 -0.743091166 35.207637787 -0.004483404 0.050827324 -0.016271459 0.998564839
1770731372.214380264 1.594491005 -0.746102870 35.490798950 -0.003835465 0.047081426 -0.014980941 0.998771369
1770731372.534573078 1.611363769 -0.753186584 35.913818359 -0.010065790 0.035539150 -0.014056100 0.999218762
1770731372.813209534 1.619485497 -0.759600282 36.329502106 -0.009780547 0.024345851 -0.019034017 0.999474525
1770731373.113745928 1.641112924 -0.764228106 36.742446899 -0.009864606 0.026281759 -0.017434597 0.999453843
1770731373.412392855 1.664819121 -0.779592276 37.135623932 -0.002362294 0.025299985 -0.013638125 0.999584079
1770731373.611979961 1.674613476 -0.776714444 37.431594849 -0.011415693 0.028630368 -0.017969880 0.999363363
1770731373.812937737 1.699542284 -0.786788702 37.703094482 -0.004885914 0.032766547 -0.013418774 0.999361038
1770731374.014063835 1.714632750 -0.798952103 37.957942963 0.004089630 0.034341354 -0.016015222 0.999273479
1770731374.312866211 1.766084075 -0.799258649 38.407508850 -0.012781000 0.037026238 -0.006167475 0.999213517
1770731374.513789654 1.784423351 -0.807799757 38.680644989 -0.006371255 0.040783331 -0.011013434 0.999087036
1770731374.712164164 1.812434793 -0.816976964 38.938793182 -0.002343948 0.041357603 -0.006146599 0.999122739
1770731375.012282372 1.850606322 -0.817379415 39.377254486 -0.012225149 0.046864424 -0.006517852 0.998805225
1770731375.211245060 1.876741171 -0.829535902 39.645648956 -0.003623707 0.047123134 -0.006597880 0.998860717
1770731375.411345482 1.897863030 -0.839112580 39.920433044 -0.000389518 0.042237796 -0.005842092 0.999090433
1770731375.605801582 1.922818422 -0.845493257 40.203586578 -0.004603745 0.032205783 0.000096235 0.999470651
1770731375.811039209 1.938577771 -0.848854780 40.492275238 -0.010576680 0.032327309 -0.000460968 0.999421299
1770731376.011507511 1.954141974 -0.856167614 40.764682770 -0.007101840 0.033189859 -0.000851022 0.999423504
1770731376.212030411 1.985082507 -0.857140720 41.049545288 -0.010028386 0.036809698 0.003554366 0.999265671
1770731376.419689417 2.002806187 -0.860202730 41.324050903 -0.007345850 0.040875748 -0.000801198 0.999136925
1770731376.710431337 2.028216600 -0.865469277 41.743373871 -0.009062118 0.038699403 -0.001167908 0.999209166
1770731376.911567211 2.053232670 -0.873953283 42.023853302 -0.012740590 0.040427238 -0.000096967 0.999101281
1770731377.109355688 2.075149536 -0.885972440 42.284858704 0.000333695 0.041658577 0.000134002 0.999131858
1770731377.311541080 2.102790117 -0.897513330 42.563663483 -0.003912206 0.022743342 0.012568474 0.999654710
1770731377.510495663 2.102456093 -0.901248693 42.843013763 0.001074685 0.023781523 0.003724798 0.999709666
1770731377.712013006 2.127380848 -0.905969083 43.121097565 -0.004432313 0.023292005 0.010708761 0.999661505
1770731377.916290283 2.119541168 -0.915552318 43.397895813 0.002257964 0.018212983 0.003672422 0.999824822
1770731378.018839598 2.129267216 -0.914428055 43.551696777 -0.006073034 0.017660525 0.006648159 0.999803483
1770731378.210241318 2.144881248 -0.917841375 43.829082489 -0.006246685 0.023548517 0.004869856 0.999691308
1770731378.407805681 2.157698631 -0.924250841 44.099472046 -0.007083838 0.025141576 0.006696356 0.999636412
1770731378.609759569 2.163041592 -0.939759851 44.360115051 0.003184153 0.030229032 -0.000206041 0.999537885
1770731378.910000801 2.192729473 -0.943333507 44.785003662 -0.005889145 0.035275422 0.000838870 0.999359906
1770731379.206441164 2.231525183 -0.956471562 45.197257996 -0.002632773 0.039445888 0.004317157 0.999208927
1770731379.406690359 2.250918150 -0.969795048 45.458671570 0.006746669 0.041034594 0.004074863 0.999126673
1770731379.608952284 2.272419214 -0.964778125 45.756721497 -0.004903882 0.043001696 -0.000094970 0.999062955
1770731379.809425116 2.305980921 -0.971163034 46.048351288 -0.009267687 0.047452837 0.002424325 0.998827577
1770731380.008054495 2.316833496 -0.981451154 46.310947418 -0.003934793 0.048688497 -0.004925764 0.998794138
1770731380.209993362 2.368387222 -0.992420793 46.581405640 -0.002219621 0.054694604 0.004374833 0.998491108
1770731380.508591413 2.408114195 -0.987356603 47.036449432 -0.020356346 0.039510135 0.013071316 0.998926282
1770731380.610197544 2.410572767 -0.998094380 47.176879883 -0.013459450 0.036511526 0.008250735 0.999208510
1770731380.907783985 2.411769152 -1.012592554 47.572444916 -0.002576516 0.030336365 -0.002035814 0.999534369
1770731381.207138300 2.429832697 -1.025241494 47.982780457 0.001915411 0.028615883 -0.004665633 0.999577761
1770731381.409421206 2.464668751 -1.030548215 48.271682739 -0.005647308 0.027909307 0.009903010 0.999545515
1770731381.605559826 2.475591898 -1.030863523 48.565422058 -0.009282168 0.029132664 0.005494923 0.999517381
1770731381.810642004 2.491544724 -1.033611417 48.850578308 -0.010873585 0.031390205 0.004426638 0.999438286
1770731382.012973070 2.510303974 -1.049892306 49.117374420 -0.002161271 0.033551104 0.007557052 0.999406099
1770731382.308069944 2.533278704 -1.063390017 49.489875793 0.003606915 0.039626591 0.002619467 0.999204636
1770731382.807344913 2.554475307 -1.078820944 49.943515778 0.000110387 0.023563692 0.002462188 0.999719322
1770731383.706245184 2.484641790 -1.090750575 50.218147278 -0.003277020 -0.069331311 -0.001518075 0.997587144
1770731384.405265331 2.353044033 -1.087289333 50.477779388 -0.008341115 -0.179649740 -0.007603470 0.983665943
1770731385.205553770 2.083814144 -1.069148064 50.797679901 -0.018214084 -0.254812092 -0.030965535 0.966323018
1770731385.805575848 1.862898827 -1.043366075 50.997005463 -0.032645911 -0.340509355 -0.042730533 0.938702166
1770731386.508337736 1.610832214 -1.028691053 51.157287598 -0.038455613 -0.436245888 -0.033460796 0.898382485
1770731387.004683971 1.360864639 -1.028108835 51.270473480 -0.040267419 -0.500031888 -0.022633849 0.864774168
1770731387.502520561 1.077074051 -1.027116656 51.324081421 -0.015907157 -0.554431498 -0.018749245 0.831866086
1770731388.102435827 0.758987427 -1.026913762 51.372817993 -0.024049910 -0.625674188 -0.016929384 0.779529870
1770731389.102542877 0.348289490 -1.005092978 51.312709808 -0.021568980 -0.715057492 -0.023995230 0.698320687
1770731389.714475632 0.120861053 -0.972927809 51.235458374 -0.043278422 -0.776560485 -0.035131268 0.627572000
1770731390.303622961 -0.006919861 -0.961541176 51.144962311 -0.050119340 -0.822225988 -0.038369782 0.565650284
1770731391.202728748 -0.008773804 -0.960037231 51.071071625 -0.054559406 -0.884531856 -0.035477582 0.461917847
1770731392.101747751 0.075458527 -0.957509220 51.009563446 -0.049097408 -0.934596121 -0.034203082 0.350642025
1770731393.401057005 0.006416321 -0.955209136 50.831619263 -0.047887534 -0.957845330 -0.031688049 0.281487316
1770731393.809567451 0.009025574 -0.955809176 50.772090912 -0.048392519 -0.971408010 -0.028049901 0.230733439
1770731394.002868652 0.010074615 -0.953642905 50.731647491 -0.050655499 -0.977249861 -0.029852461 0.203778341
1770731394.200664282 0.008514404 -0.949415803 50.690307617 -0.053220898 -0.982384503 -0.031919491 0.176265180
1770731394.499139309 0.021938324 -0.949957073 50.643226624 -0.050726362 -0.988687575 -0.029882409 0.137952298
1770731394.900942326 0.003339767 -0.943524301 50.554809570 -0.047308307 -0.988894582 -0.032869622 0.137000158
1770731395.100598812 -0.003765106 -0.941198170 50.512046814 -0.045146815 -0.989268661 -0.031995166 0.135224178
1770731395.403187990 -0.000207901 -0.938546658 50.441093445 -0.042798784 -0.991764665 -0.033410490 0.115995251
1770731395.797962666 -0.002559662 -0.931355715 50.363792419 -0.043636907 -0.993978083 -0.038185976 0.092980221
1770731396.100514889 -0.012947083 -0.917264462 50.290126801 -0.043185774 -0.993680656 -0.046868104 0.092396401
1770731396.300582647 -0.023836136 -0.910595417 50.229125977 -0.046155769 -0.993842840 -0.048583940 0.088236354
1770731396.500760078 -0.034948349 -0.897298813 50.131843567 -0.044289708 -0.993731737 -0.055409044 0.086403258
1770731396.699750423 -0.028562546 -0.889431000 50.046325684 -0.039290238 -0.994544208 -0.061198574 0.074785717
1770731397.001686573 -0.018773079 -0.881803513 49.937282562 -0.036967523 -0.995942712 -0.061323233 0.054507039
1770731397.501795053 -0.041093349 -0.903827429 49.765655518 -0.046263974 -0.997670114 -0.032369047 0.038291164
1770731397.798292875 -0.058327675 -0.922366321 49.621089935 -0.050765853 -0.998170793 -0.011945427 0.030580902
1770731397.997583151 -0.032570362 -0.935012102 49.472381592 -0.031311039 -0.998934448 0.019119790 0.028000623
1770731398.101450920 -0.053878784 -0.924871325 49.353919983 -0.044649739 -0.998745978 0.004850251 0.022122959
1770731398.298245430 -0.092384815 -0.890087485 49.053195953 -0.050291367 -0.997749269 -0.031831630 0.030886546
1770731398.398816586 -0.096740723 -0.882128716 48.896171570 -0.047035675 -0.997740746 -0.036632009 0.030970654
1770731398.498936653 -0.115002632 -0.871898413 48.746288300 -0.054656863 -0.997300148 -0.037430387 0.031686444
1770731398.599062681 -0.123768806 -0.874063849 48.615856171 -0.052387416 -0.997554779 -0.030724412 0.034584731
1770731398.697867632 -0.124259472 -0.869349360 48.487331390 -0.046573825 -0.997844815 -0.028518047 0.036378533
1770731398.798694134 -0.142594814 -0.860199928 48.354362488 -0.052989289 -0.997378170 -0.032813713 0.036773004
1770731398.898273468 -0.147411346 -0.857546210 48.225776672 -0.049657460 -0.997632563 -0.029900340 0.037005540
1770731398.999024391 -0.159030914 -0.857886791 48.097625732 -0.050943736 -0.997682571 -0.025424989 0.037253663
1770731399.098628044 -0.179007530 -0.854052782 47.963581085 -0.057587121 -0.997278154 -0.024957592 0.038693506
1770731399.198512077 -0.187282085 -0.852756679 47.834384918 -0.054885603 -0.997444868 -0.020429606 0.040914766
1770731399.498062611 -0.212350845 -0.841010094 47.427463531 -0.057643656 -0.997409642 -0.026744174 0.033703826
1770731399.698968649 -0.217888355 -0.835996747 47.147541046 -0.053099282 -0.997952998 -0.025228648 0.025175733
1770731399.898464680 -0.236208916 -0.828857780 46.876708984 -0.058503576 -0.997844219 -0.024546927 0.016784072
1770731400.098679304 -0.242640018 -0.827739239 46.627044678 -0.057626043 -0.997973561 -0.019312162 0.018844722
1770731400.303698063 -0.268487453 -0.809022784 46.343631744 -0.062865511 -0.997202933 -0.031311642 0.025571464
1770731400.398130894 -0.268087864 -0.808420897 46.207035065 -0.055240355 -0.997691989 -0.026190666 0.029551495
1770731400.598135710 -0.300569057 -0.795339346 45.934429169 -0.066378511 -0.996944189 -0.025929222 0.031997137
1770731400.798087835 -0.309451580 -0.790800512 45.669384003 -0.056594688 -0.997365594 -0.023677908 0.038707815
1770731400.997963190 -0.347846031 -0.784029067 45.397037506 -0.066387974 -0.996647239 -0.023920460 0.041408986
1770731401.098603725 -0.353315353 -0.781732976 45.260883331 -0.060870972 -0.996969521 -0.021893453 0.043211389
1770731401.203785658 -0.369297028 -0.780079603 45.128841400 -0.065935507 -0.996734500 -0.018527046 0.042774275
1770731401.298805952 -0.379961014 -0.775445402 44.988655090 -0.065436304 -0.996700764 -0.022852270 0.042230744
1770731401.397531748 -0.387471199 -0.773028851 44.852973938 -0.065864265 -0.996770382 -0.021650946 0.040520974
1770731401.597043991 -0.404265881 -0.771633863 44.586688995 -0.065920249 -0.997035205 -0.016136115 0.036262497
1770731401.796900511 -0.418695450 -0.766153455 44.314956665 -0.064999685 -0.997219622 -0.017886538 0.031751510
1770731401.997269869 -0.438087463 -0.750717521 44.036239624 -0.069645144 -0.996898353 -0.025741329 0.026089376
1770731402.196370125 -0.442138672 -0.743888736 43.768192291 -0.067516498 -0.997090638 -0.027960360 0.021679925
1770731402.398530006 -0.451465607 -0.742652416 43.511375427 -0.061671812 -0.997539461 -0.021636428 0.025366075
1770731402.594030142 -0.477926254 -0.735920072 43.248184204 -0.066383645 -0.997144103 -0.018146938 0.031106137
1770731402.800792217 -0.497824192 -0.726154447 42.972263336 -0.066054292 -0.996784210 -0.022669410 0.039296068
1770731402.896052122 -0.508530617 -0.725195706 42.840518951 -0.064673059 -0.996841848 -0.019627105 0.041696303
1770731403.097567797 -0.527311802 -0.714144111 42.561161041 -0.064256512 -0.996643424 -0.027595231 0.042562719
1770731403.196482658 -0.539784908 -0.710958004 42.428363800 -0.066515081 -0.996700406 -0.023844516 0.039943151
1770731403.297102451 -0.544250011 -0.707204759 42.289501190 -0.063722797 -0.996992826 -0.024250496 0.036832727
1770731403.396965981 -0.554183006 -0.706089616 42.156078339 -0.067568459 -0.996859133 -0.023549659 0.033937357
1770731403.496112347 -0.550130844 -0.705125511 42.028427124 -0.062634282 -0.997436345 -0.020212073 0.028092382
1770731403.695621967 -0.555937052 -0.702131033 41.765838623 -0.062248290 -0.997683167 -0.020678649 0.018050790
1770731403.895589352 -0.558279276 -0.703300059 41.508136749 -0.061931200 -0.997965038 -0.012414271 0.008735458
1770731404.094111681 -0.560054779 -0.697467983 41.237949371 -0.056326076 -0.998138189 -0.018552730 0.014259980
1770731404.198287725 -0.567608356 -0.698333859 41.109340668 -0.058084600 -0.998108804 -0.013725433 0.014717498
1770731404.396266460 -0.580897331 -0.681557775 40.820377350 -0.055700578 -0.997912526 -0.024087943 0.022085788
1770731404.496137381 -0.585691452 -0.678045809 40.682704926 -0.053949617 -0.997937500 -0.023751082 0.025420506
1770731404.697485209 -0.607328415 -0.674340069 40.416442871 -0.055977784 -0.997733355 -0.019578911 0.031801593
1770731404.796294689 -0.613279343 -0.671285629 40.282524109 -0.053742524 -0.997689843 -0.022577727 0.034884535
1770731404.995439053 -0.638264179 -0.659821808 40.011165619 -0.055231933 -0.997281373 -0.025609318 0.041515432
1770731405.091425419 -0.664454937 -0.654123664 39.869739532 -0.063464560 -0.996595025 -0.029112132 0.043853790
1770731405.196671486 -0.674985886 -0.648779035 39.733791351 -0.059140902 -0.996703088 -0.026986841 0.048549484
1770731405.295628786 -0.698324203 -0.644633174 39.593536377 -0.068427734 -0.995909870 -0.031289741 0.050021324
1770731405.394902229 -0.705888748 -0.647509098 39.472488403 -0.061337560 -0.996575832 -0.017413422 0.052641131
1770731405.492929220 -0.706805229 -0.640539348 39.331077576 -0.058275390 -0.996736288 -0.024928415 0.049992666
1770731405.693876505 -0.738249302 -0.631449223 39.061561584 -0.064070873 -0.996690691 -0.028157569 0.041349664
1770731405.894675255 -0.739646912 -0.633210540 38.802654266 -0.059126843 -0.997634292 -0.018788951 0.029610209
1770731406.094711542 -0.748673677 -0.631662071 38.540874481 -0.061067834 -0.997754097 -0.017631836 0.021133818
1770731406.294706345 -0.762024879 -0.622031450 38.275188446 -0.059645213 -0.997699380 -0.018796189 0.026174888
1770731406.494549513 -0.784438133 -0.613542318 37.997207642 -0.061734926 -0.997257233 -0.023569629 0.033336513
1770731406.695270538 -0.807679653 -0.604441345 37.722854614 -0.063215554 -0.996779978 -0.027329927 0.041066844
1770731406.793239117 -0.819295406 -0.598745525 37.591533661 -0.060828868 -0.996873915 -0.023083668 0.044826146
1770731406.894741774 -0.829591274 -0.595895231 37.455230713 -0.061267857 -0.996756673 -0.025717743 0.045399059
1770731406.993649960 -0.831585407 -0.595438600 37.325523376 -0.058527637 -0.997135282 -0.022536390 0.042282905
1770731407.190799475 -0.855525494 -0.582348824 37.053321838 -0.065175861 -0.996886790 -0.025077727 0.036605857
1770731407.292354822 -0.859625340 -0.581200778 36.925205231 -0.059960034 -0.997185886 -0.022758659 0.038823329
1770731407.394658327 -0.873844147 -0.578920722 36.793369293 -0.062577918 -0.996850491 -0.022328250 0.043297082
1770731407.495409250 -0.890876770 -0.578745604 36.664119720 -0.066788033 -0.996598721 -0.019030355 0.044364825
1770731407.595139027 -0.899798870 -0.583932757 36.543865204 -0.064459987 -0.996812284 -0.010176625 0.045898717
1770731407.694113016 -0.906431675 -0.566132605 36.392921448 -0.064442307 -0.996599555 -0.026911676 0.043730464
1770731407.794894934 -0.915831089 -0.571914971 36.266082764 -0.064256817 -0.996974170 -0.017926909 0.039901733
1770731407.992074251 -0.931176186 -0.565258086 35.993560791 -0.068621010 -0.997008562 -0.020641005 0.028967222
1770731408.194615841 -0.922721624 -0.566700041 35.739921570 -0.060946960 -0.997761846 -0.017088059 0.021558713
1770731408.393683910 -0.920578241 -0.561636567 35.475963593 -0.057150699 -0.998066902 -0.019331219 0.014918711
1770731408.593811989 -0.930397749 -0.553083122 35.198040009 -0.055515602 -0.997939825 -0.024664674 0.020636579
1770731408.793433666 -0.950683594 -0.549595535 34.935134888 -0.060562644 -0.997700930 -0.018212834 0.024357287
1770731408.893553495 -0.955391407 -0.538747489 34.790184021 -0.059148718 -0.997555077 -0.026518362 0.026118428
1770731408.992771149 -0.959726810 -0.540000618 34.664752960 -0.057698574 -0.997843146 -0.018784985 0.025041046
1770731409.092200994 -0.960018635 -0.537308097 34.528717041 -0.054461654 -0.997975647 -0.022362525 0.024051713
1770731409.191571474 -0.972815990 -0.528919220 34.386745453 -0.060494922 -0.997494698 -0.029431907 0.021873521
1770731409.288192034 -0.982487202 -0.533658862 34.264289856 -0.062036809 -0.997633398 -0.019710416 0.022149418
1770731409.394480705 -0.981589794 -0.529771507 34.128658295 -0.056965161 -0.997782409 -0.023207355 0.025430910
1770731409.490043402 -0.996136665 -0.528234959 33.996551514 -0.062098734 -0.997408450 -0.021202752 0.029505221
1770731409.590200663 -1.001976490 -0.523977280 33.863342285 -0.057759486 -0.997590363 -0.019450488 0.033151299
1770731409.691715002 -1.014371395 -0.517365336 33.717819214 -0.061359234 -0.997162223 -0.027045140 0.034222703
1770731409.792428970 -1.026362419 -0.524748504 33.592258453 -0.062703177 -0.997230232 -0.015964471 0.036678445
1770731409.892778635 -1.036552429 -0.517003059 33.449348450 -0.063758910 -0.997023880 -0.024957735 0.035430953
1770731409.993549585 -1.049193382 -0.520045996 33.321517944 -0.066546306 -0.997123301 -0.019186148 0.030800205
1770731410.192713261 -1.046900511 -0.519508481 33.052803040 -0.061837867 -0.997705936 -0.018945223 0.020002034
1770731410.392593384 -1.038113832 -0.519568264 32.785808563 -0.058644164 -0.998068511 -0.019097826 0.007442838
1770731410.592086792 -1.040966034 -0.512381434 32.512516022 -0.058586031 -0.997969687 -0.024743211 0.003469425
1770731410.792341709 -1.043162107 -0.522103786 32.269611359 -0.059356961 -0.998153389 -0.008697512 0.009541132
1770731410.892751932 -1.051960707 -0.511228561 32.128650665 -0.059714623 -0.998012662 -0.016062384 0.012124866
1770731411.086862326 -1.064529896 -0.507584393 31.847917557 -0.058763999 -0.997867882 -0.021277284 0.018809173
1770731411.291286469 -1.091483593 -0.497021675 31.564031601 -0.064368822 -0.997322083 -0.025778551 0.023256192
1770731411.393075943 -1.101529598 -0.493397772 31.426692963 -0.065851986 -0.997145891 -0.026909066 0.025288640
1770731411.508718491 -1.106830120 -0.489117384 31.290683746 -0.064270817 -0.997196794 -0.026507173 0.027662326
1770731411.588163376 -1.117247581 -0.487046838 31.155227661 -0.066126280 -0.997112155 -0.024649298 0.028055612
1770731411.691739082 -1.129200459 -0.489486188 31.028367996 -0.065769143 -0.997174680 -0.019465426 0.030630525
1770731411.786134720 -1.139451027 -0.492421955 30.898914337 -0.067210905 -0.997076154 -0.015390966 0.032939702
1770731411.891236305 -1.145335197 -0.489240140 30.768764496 -0.064162523 -0.997291863 -0.012066021 0.033859577
1770731411.990700245 -1.157372475 -0.490380645 30.632369995 -0.069579437 -0.996972620 -0.013274798 0.032064259
1770731412.192130089 -1.170284748 -0.487995386 30.354524612 -0.067345858 -0.997290790 -0.017417910 0.023922818
1770731412.390991449 -1.168196917 -0.484233797 30.077611923 -0.063203156 -0.997573316 -0.020597491 0.020702817
1770731412.591371298 -1.181433201 -0.486951321 29.817964554 -0.059267770 -0.997691035 -0.013659865 0.030222397
1770731412.690423489 -1.192154884 -0.482588887 29.681722641 -0.060563359 -0.997526288 -0.014709988 0.032510906
1770731412.891127825 -1.220314980 -0.477492392 29.393657684 -0.062604129 -0.996979177 -0.024363816 0.038983241
1770731412.990802765 -1.225713253 -0.476840675 29.261949539 -0.058332212 -0.997147202 -0.020157509 0.043456633
1770731413.190623283 -1.251592636 -0.476692885 29.001575470 -0.058134090 -0.997049868 -0.016008882 0.047494050
1770731413.289790392 -1.265609741 -0.477256119 28.873199463 -0.058714960 -0.996879339 -0.013016988 0.051135037
1770731413.490295410 -1.287212372 -0.470457196 28.594781876 -0.054847997 -0.996951044 -0.016946856 0.052850556
1770731413.589949846 -1.301530838 -0.464974076 28.451782227 -0.059533779 -0.996856928 -0.020730885 0.047982257
1770731413.689993620 -1.315193653 -0.456113338 28.307621002 -0.063893296 -0.996580064 -0.028747985 0.043810621
1770731413.788948059 -1.315443039 -0.460862160 28.175132751 -0.059244193 -0.997260094 -0.020548902 0.039245706
1770731413.890174389 -1.319327354 -0.455480188 28.035655975 -0.060902536 -0.997342229 -0.022280959 0.033210259
1770731413.985928297 -1.325027943 -0.454815567 27.905420303 -0.060037505 -0.997629106 -0.019110391 0.027686272
1770731414.090448618 -1.318283319 -0.459686577 27.782783508 -0.055112515 -0.998150766 -0.011784098 0.022777282
1770731414.190985680 -1.324935913 -0.452243924 27.642202377 -0.057660967 -0.997920275 -0.021842703 0.018794443
1770731414.290691376 -1.331107140 -0.454782575 27.521446228 -0.056590933 -0.998137772 -0.013157247 0.018583333
1770731414.489099264 -1.341958523 -0.452010989 27.248674393 -0.057693169 -0.997936308 -0.018014282 0.021685202
1770731414.695997953 -1.367946625 -0.437663406 26.967662811 -0.060743779 -0.997494817 -0.023401922 0.027688222
1770731414.895914555 -1.377409458 -0.433664441 26.700710297 -0.058716014 -0.997473121 -0.024709491 0.031452004
1770731415.089550257 -1.398921490 -0.431156158 26.436172485 -0.057373371 -0.997172356 -0.020881413 0.043813512
1770731415.189048529 -1.405165672 -0.428326309 26.302726746 -0.052795686 -0.997250378 -0.019933062 0.048030920
1770731415.390044451 -1.441030025 -0.413888276 26.024482727 -0.058323789 -0.996581197 -0.027538808 0.051633000
1770731415.602603197 -1.462955952 -0.404986680 25.753740311 -0.056257196 -0.996425450 -0.027059967 0.056914654
1770731415.687707424 -1.466708183 -0.405964375 25.630136490 -0.050885398 -0.996970475 -0.020994965 0.054952774
1770731415.789005756 -1.480062008 -0.393985510 25.487892151 -0.055198211 -0.996843040 -0.029987080 0.048558973
1770731415.888825655 -1.488478661 -0.396330208 25.361684799 -0.055521894 -0.997153461 -0.023693496 0.045176402
1770731415.990156174 -1.490028381 -0.396614730 25.228984833 -0.052147366 -0.997534394 -0.022064168 0.041461010
1770731416.089024782 -1.497892380 -0.388049364 25.089941025 -0.055179894 -0.997445583 -0.026227245 0.037009027
1770731416.190200329 -1.496692657 -0.386863261 24.958736420 -0.050859004 -0.997882366 -0.023667891 0.032924067
1770731416.289554119 -1.497498035 -0.384470761 24.830591202 -0.050267164 -0.998057961 -0.023432802 0.028363712
1770731416.493325710 -1.506553173 -0.387593836 24.586687088 -0.047525685 -0.998339117 -0.012275052 0.030161463
1770731416.587315083 -1.520364761 -0.382959664 24.451673508 -0.051097877 -0.997900307 -0.019607088 0.034635268
1770731416.788879156 -1.547787666 -0.373519063 24.176733017 -0.050856996 -0.997522473 -0.020517053 0.044062231
1770731416.985924244 -1.576476097 -0.363793254 23.900531769 -0.049634315 -0.996980548 -0.024426877 0.054494232
1770731417.190232277 -1.600046635 -0.360717893 23.641416550 -0.048726901 -0.997037232 -0.021677308 0.055431411
1770731417.392999649 -1.618936062 -0.350633413 23.383949280 -0.051550124 -0.997276306 -0.024478290 0.046727356
1770731417.488322020 -1.619642258 -0.355784595 23.271057129 -0.046517842 -0.997852266 -0.013615919 0.044064015
1770731417.588044882 -1.631220341 -0.342930079 23.133522034 -0.048891969 -0.997595489 -0.024805360 0.042397626
1770731417.787946701 -1.650743008 -0.334736079 22.877773285 -0.047538579 -0.997568071 -0.025744181 0.043992240
1770731417.887799740 -1.658208370 -0.330555975 22.748340607 -0.046313677 -0.997545719 -0.027426170 0.044782594
1770731417.988144875 -1.674767017 -0.324101835 22.618257523 -0.047175106 -0.997292578 -0.026241412 0.049934071
1770731418.087507725 -1.694032192 -0.320862949 22.485258102 -0.045725793 -0.996747017 -0.027853969 0.060238659
1770731418.187712431 -1.718426704 -0.311525494 22.353485107 -0.048203230 -0.996058881 -0.027737591 0.069092385
1770731418.287655830 -1.728816032 -0.304607749 22.215028763 -0.038465466 -0.995723546 -0.033761948 0.076910324
1770731418.388107300 -1.737867355 -0.308499694 22.093212128 -0.037188467 -0.996265829 -0.026080148 0.073425584
1770731418.487434864 -1.747376442 -0.303255558 21.959487915 -0.039598748 -0.996952534 -0.029370235 0.060456980
1770731418.587095261 -1.745551109 -0.305540800 21.837890625 -0.035070088 -0.998080432 -0.020137321 0.046904959
1770731418.685684919 -1.731312752 -0.297770500 21.703916550 -0.023158530 -0.998544097 -0.028842922 0.039261978
1770731418.789179564 -1.746318817 -0.294179916 21.590354919 -0.033743024 -0.998479426 -0.030048097 0.031580742
1770731419.687349319 -1.721547365 -0.295410872 21.432458878 -0.025843211 -0.999348581 -0.021723330 0.012755431
1770731419.990118742 -1.736846685 -0.299674213 21.205284119 -0.029579265 -0.999243736 -0.015433405 0.019972546
1770731420.186789989 -1.753711224 -0.286912590 20.978361130 -0.026838059 -0.999082565 -0.020639841 0.026225712
1770731420.289939880 -1.751822472 -0.287366867 20.844335556 -0.020339211 -0.999176681 -0.022095300 0.027278623
1770731420.387342453 -1.757024050 -0.281002581 20.703832626 -0.026429599 -0.999164879 -0.023873914 0.020027617
1770731420.586950302 -1.750365973 -0.276667953 20.437673569 -0.021059180 -0.999603629 -0.017389407 0.006832749
1770731420.686504602 -1.758699417 -0.267097652 20.297105789 -0.028657138 -0.999106765 -0.029875459 0.008484418
1770731420.787023544 -1.788614273 -0.255837321 20.168073654 -0.044306912 -0.998226523 -0.039317865 0.005905435
1770731420.881596327 -1.808833361 -0.236587524 20.038164139 -0.054267135 -0.996758461 -0.059171882 0.005132074
1770731421.088455915 -1.802690744 -0.230535865 19.880895615 0.053112838 0.996961534 0.056658328 0.006050063
1770731421.386547804 -1.778719664 -0.250574052 19.780193329 0.044683717 0.998630643 0.022452144 0.015369427
1770731421.586873770 -1.776185036 -0.245786250 19.646903992 0.049014568 0.998309672 0.023336418 0.020755166
1770731421.686704159 -1.779883146 -0.244231403 19.567611694 0.049679022 0.998361230 0.022386827 0.017484149
1770731421.787019014 -1.778909206 -0.244387716 19.501403809 0.050223384 0.998417974 0.019091379 0.016573744
1770731421.887955666 -1.782757282 -0.240816832 19.445377350 0.053259544 0.998182952 0.024340115 0.014205563
1770731422.086609125 -1.782228589 -0.242679447 19.413814545 0.052604251 0.998296618 0.020601636 0.014569977
1770731422.284411430 -1.778465986 -0.248660892 19.389629364 0.051419016 0.998515308 0.011919913 0.013463606
1770731422.384346962 -1.781220198 -0.248751909 19.335514069 0.051089913 0.998587072 0.011198355 0.009397493
1770731422.497800112 -1.784940720 -0.244196013 19.247390747 0.050950255 0.998578727 0.014738378 0.005230695
1770731422.584245205 -1.783880711 -0.231735885 19.131752014 -0.047336157 -0.998574078 -0.024631472 0.001547077
1770731422.685359955 -1.779828548 -0.234420806 19.021141052 -0.044335723 -0.998772442 -0.021777747 0.003710239
1770731422.983728409 -1.797480345 -0.226810336 18.700424194 -0.049372885 -0.998477340 -0.020065786 0.014236636
1770731423.182402134 -1.802710056 -0.222996965 18.481601715 -0.046680730 -0.998424113 -0.019424016 0.024350980
1770731423.384817123 -1.820352793 -0.213608027 18.247608185 -0.049622219 -0.998112261 -0.022680821 0.028199457
1770731423.585132837 -1.832674503 -0.203983963 18.023113251 -0.047774024 -0.997950435 -0.025765594 0.033894107
1770731423.781340599 -1.856930733 -0.194268376 17.765466690 -0.050005082 -0.997393847 -0.028051119 0.043797497
1770731423.887372732 -1.869351864 -0.192950338 17.648550034 -0.050012469 -0.997265279 -0.026266407 0.047653172
1770731424.085114479 -1.894314766 -0.188342512 17.439029694 -0.050399207 -0.996868134 -0.023015276 0.056428313
1770731424.294388294 -1.922559738 -0.176882595 17.227146149 -0.052019849 -0.996129870 -0.029437387 0.064441316
1770731424.487571955 -1.948398590 -0.174468249 17.037523270 -0.051686276 -0.996009946 -0.026051840 0.067926951
1770731424.684546232 -1.970712662 -0.167226404 16.853425980 -0.054789931 -0.996192455 -0.027027912 0.062195186
1770731424.783910751 -1.970374584 -0.165268287 16.763311386 -0.051870503 -0.996788621 -0.023476901 0.056309763
1770731424.883438110 -1.976212502 -0.162334725 16.663047791 -0.052642267 -0.997096777 -0.024030739 0.049490850
1770731424.983159542 -1.980196476 -0.165411189 16.569986343 -0.051446036 -0.997481167 -0.021503905 0.043843467
1770731425.082811117 -1.974139214 -0.166927099 16.476934433 -0.045117404 -0.998084068 -0.016617978 0.038941637
1770731425.182409286 -1.971552134 -0.164146483 16.372438431 -0.045924924 -0.998310983 -0.017137105 0.031184103
1770731425.283935070 -1.972215891 -0.159346908 16.258506775 -0.045284081 -0.998438895 -0.020705868 0.025307326
1770731425.383918524 -1.974252462 -0.164511710 16.161800385 -0.044996537 -0.998613358 -0.014106652 0.023404468
1770731425.580281973 -1.982877016 -0.160346568 15.950850487 -0.043763403 -0.998648703 -0.015125149 0.023596782
1770731425.783523560 -1.995023012 -0.164959952 15.713421822 -0.043312643 -0.998610139 -0.011360134 0.027799537
1770731425.983929873 -2.008497238 -0.162576810 15.491556168 -0.041625150 -0.998499334 -0.009153993 0.034388792
1770731426.182952642 -2.032778740 -0.156212226 15.262602806 -0.045666508 -0.998016536 -0.015990915 0.040273212
1770731426.383616924 -2.041197300 -0.150788426 15.013592720 -0.038696054 -0.998237848 -0.016560672 0.041828025
1770731426.483103275 -2.045909882 -0.135610640 14.869135857 -0.037550211 -0.998105705 -0.032408420 0.036397062
1770731426.582856178 -2.058180332 -0.143318489 14.763431549 -0.039575811 -0.998384237 -0.021112189 0.034885161
1770731426.783507109 -2.054623365 -0.140819743 14.551219940 -0.033638090 -0.998772204 -0.020381995 0.030120758
1770731426.882153749 -2.058303595 -0.136057764 14.441772461 -0.034814868 -0.998911560 -0.020456819 0.023348730
1770731427.083021164 -2.067960501 -0.124693096 14.186932564 -0.041948620 -0.998558104 -0.031280089 0.011984468
1770731427.183656693 -2.084872246 -0.116754711 14.054007530 -0.054373313 -0.997842908 -0.036123332 0.006938588
1770731427.384297132 -2.074123859 -0.116490543 13.822546005 -0.046964560 -0.998644888 -0.022211093 0.003057371
1770731427.490388632 -2.081425428 -0.118495822 13.710028648 -0.051484656 -0.998550832 -0.015369035 0.003067578
1770731427.580932856 -2.085133076 -0.114394605 13.577105522 -0.049679175 -0.998504817 -0.021715704 0.006967331
1770731427.684325933 -2.087036371 -0.111222960 13.455162048 -0.050423887 -0.998529494 -0.016755044 0.010751191
1770731427.782927036 -2.089868546 -0.115974933 13.334803581 -0.049769007 -0.998603344 -0.011885096 0.013157706
1770731427.984046221 -2.096472740 -0.106514513 13.074337959 -0.046997465 -0.998375416 -0.020063302 0.025204424
1770731428.083098888 -2.109933376 -0.107782558 12.950377464 -0.049529873 -0.998150945 -0.013224275 0.032660130
1770731428.283214569 -2.132412910 -0.099337459 12.678076744 -0.047025681 -0.997437537 -0.017747555 0.050911177
1770731428.382352591 -2.151028156 -0.092986807 12.544050217 -0.048139594 -0.996757746 -0.019838143 0.061343502
1770731428.581855059 -2.188661575 -0.090290830 12.293216705 -0.047657583 -0.995807648 -0.017421741 0.076107867
1770731428.681936979 -2.217847347 -0.076125436 12.155332565 -0.053843431 -0.995151103 -0.025167430 0.078369662
1770731428.781598091 -2.234243870 -0.067727849 12.018131256 -0.048102781 -0.994948506 -0.029789519 0.082922742
1770731428.881759167 -2.242682457 -0.070177734 11.891011238 -0.041880347 -0.994848132 -0.030958155 0.086976424
1770731429.083459377 -2.285779953 -0.067963526 11.673921585 -0.047141951 -0.995318472 -0.024542838 0.080724671
1770731429.180643559 -2.292644024 -0.064540081 11.578790665 -0.045278519 -0.996029794 -0.019323474 0.074169643
1770731429.385577917 -2.291750431 -0.051846594 11.432407379 -0.039294742 -0.997279525 -0.033425648 0.052652042
1770731430.487756729 -2.278650761 -0.062060326 11.385476112 -0.035133574 -0.998423457 -0.019439630 0.039222665
1770731430.682386398 -2.283417940 -0.056571975 11.265595436 -0.037521064 -0.998675525 -0.021177597 0.028122682
1770731430.881153345 -2.277609587 -0.048735380 11.121378899 -0.037421163 -0.998692214 -0.030537283 0.016764399
1770731431.181319237 -2.275316715 -0.040417492 10.942036629 0.042720605 0.998398304 0.036660068 0.005645342
1770731431.280712605 -2.269294739 -0.042490661 10.898623466 0.042098098 0.998420715 0.033971880 0.015155908
1770731431.483265162 -2.232367992 -0.052233517 10.818717003 0.030651664 0.998807430 0.023316009 0.030010909
1770731431.681593895 -2.228644609 -0.041104198 10.715177536 0.037466459 0.997806132 0.030135561 0.045508575
1770731431.781492710 -2.220613718 -0.041591108 10.661268234 0.038018871 0.997540534 0.028199282 0.051694147
1770731431.882941723 -2.214459658 -0.049493402 10.616049767 0.038354915 0.997613609 0.020265328 0.053714853
1770731431.983929873 -2.209079027 -0.052534983 10.567249298 0.039041568 0.997646987 0.016030932 0.054030541
1770731432.181348562 -2.197859764 -0.046751827 10.435029984 0.041133843 0.997478962 0.021703245 0.053597286
1770731432.379086256 -2.176419258 -0.040706456 10.290796280 0.038558833 0.997684360 0.021999968 0.051528454
1770731432.575399637 -2.163239241 -0.035259783 10.148119926 0.036906123 0.998002946 0.025223138 0.044630788
1770731432.882108688 -2.161360741 -0.030144781 9.897854805 0.036937702 0.998679936 0.028672643 0.021257998
1770731433.180125952 -2.161330223 -0.026555628 9.652101517 0.033660516 0.999156237 0.022834163 0.005693418
1770731433.479337215 -2.164427042 -0.025043964 9.415898323 -0.034006622 -0.999199271 -0.021029448 0.001472195
1770731433.780184269 -2.164424419 -0.015903503 9.120937347 -0.033870369 -0.999063611 -0.026040535 0.006822432
1770731433.881600618 -2.166508675 -0.015929908 9.005015373 -0.031973604 -0.999168456 -0.023679469 0.008908393
1770731434.079408646 -2.185821533 -0.004224330 8.749069214 -0.039393291 -0.998586535 -0.033512339 0.012248947
1770731434.279689312 -2.189349890 -0.000426799 8.523990631 -0.036424056 -0.998625398 -0.033785067 0.016709166
1770731434.478126526 -2.198871613 0.006295443 8.310190201 -0.036904532 -0.998780608 -0.027172621 0.018358562
1770731434.678442717 -2.213057518 0.011741698 8.077054977 -0.037839655 -0.998599410 -0.030156331 0.021399537
1770731434.773734331 -2.220762253 0.011447459 7.973709583 -0.039645124 -0.998613358 -0.026204025 0.022650504
1770731434.877851486 -2.232830763 0.021984488 7.856167793 -0.042610642 -0.998325050 -0.031461995 0.023272190
1770731434.978411913 -2.231736898 0.020995080 7.743057728 -0.038074207 -0.998523116 -0.029098772 0.025598042
1770731435.077670097 -2.230888128 0.022987053 7.625930309 -0.035640456 -0.998650968 -0.028765298 0.024466464
1770731435.381218195 -2.260182619 0.031937182 7.334777832 -0.039530914 -0.998414099 -0.023241619 0.032657776
1770731435.776562691 -2.300835371 0.048644349 6.889630795 -0.048255533 -0.997806609 -0.030737603 0.033295918
1770731436.177266359 -2.333663225 0.048812021 6.482486248 -0.056104120 -0.997745454 -0.021314126 0.030033996
1770731436.478659391 -2.362294912 0.076280080 6.170660973 -0.050140664 -0.997265100 -0.030992117 0.044583995
1770731436.675993443 -2.382792234 0.088096350 5.951838017 -0.053143907 -0.996797979 -0.041752338 0.042735849
1770731436.778706551 -2.383597851 0.080335565 5.876341820 -0.048597183 -0.997630239 -0.025925590 0.041232731
1770731437.376879454 -2.421288729 0.094366319 5.350784779 -0.048898496 -0.997615457 -0.028181715 0.039726276
1770731437.676377296 -2.434214354 0.095977783 5.084380627 -0.044624604 -0.998070180 -0.019354587 0.038600478
1770731437.976641655 -2.452897549 0.108474761 4.805288315 -0.050567001 -0.997973263 -0.024346262 0.029994510
1770731438.376839876 -2.467139244 0.113182545 4.419923306 -0.048624292 -0.998333991 -0.020209692 0.023590181
1770731438.671940804 -2.466702938 0.121806443 4.122424126 -0.047315519 -0.998453975 -0.024499621 0.015833201
1770731438.877009630 -2.472637892 0.126301929 3.913408995 -0.048881285 -0.998404920 -0.025136184 0.012899638
1770731439.075478315 -2.464148760 0.123197868 3.714279652 -0.044375811 -0.998790145 -0.018846532 0.009685726
1770731439.174944162 -2.470106125 0.126037017 3.604489803 -0.046213731 -0.998720229 -0.018040199 0.009837965
1770731439.373214483 -2.488971233 0.133041322 3.395075798 -0.050164398 -0.998291671 -0.025694469 0.015397924
1770731439.573855162 -2.476369619 0.127587885 3.235025167 -0.040679611 -0.998883724 -0.017606128 0.016324585
1770731439.774627924 -2.493629932 0.139283985 3.049813271 -0.045797542 -0.998479187 -0.024290143 0.018758547
1770731440.079072952 -2.501468658 0.135570973 2.817666054 -0.045138679 -0.998654008 -0.018614117 0.017499842
1770731440.274206161 -2.502385616 0.129665047 2.653319836 -0.041548058 -0.998902917 -0.012981665 0.017269220
1770731440.571798086 -2.521839142 0.119196847 2.381449223 -0.046813328 -0.998708725 -0.002972127 0.019508036
1770731440.773929119 -2.543138981 0.123401992 2.162091732 -0.051168907 -0.998368800 -0.008698347 0.023787290
1770731441.074251413 -2.617857218 0.165556535 1.822211862 -0.082446523 -0.994798422 -0.052743010 0.028229779
1770731441.375646353 -2.606594563 0.124078214 1.677611709 -0.069227159 -0.997477293 -0.003061370 0.015406492
1770731441.772354841 -2.582515717 0.101756305 1.536157966 0.066702135 0.997503757 -0.013510925 0.018829647
1770731442.271561623 -2.528421164 0.076050788 1.343693018 0.064221598 0.995491385 -0.025673464 0.064911038
1770731442.871428490 -2.397328377 0.063880980 1.112617254 0.054602679 0.987948418 -0.012954093 0.144252092
1770731443.469436884 -2.217061758 0.053448983 0.823639870 0.042395804 0.971801579 0.001041235 0.231955290
1770731444.072124958 -1.939469457 0.062780045 0.506013393 0.032275431 0.949056327 0.022962462 0.312606990
1770731444.771302462 -1.647992253 0.059381355 0.319776058 0.031433918 0.901777387 0.029293284 0.430059761
1770731445.570213556 -1.347938657 0.043477155 0.254898667 0.026280472 0.837752700 0.017529041 0.545135319
1770731446.370108604 -1.051244855 0.020885132 0.284218311 0.024642967 0.763781130 0.010343673 0.644921720
1770731447.270025015 -0.567834973 0.025241155 0.359778047 0.009805257 0.663312554 0.019776747 0.748016953
1770731448.269483566 -0.198742092 0.006583325 0.628940463 0.003828477 0.539543629 0.012023264 0.841863096
1770731449.270845652 0.105270095 -0.003382166 0.977520049 -0.002362623 0.375105351 0.007290542 0.926950574
1770731450.370362043 0.177632779 -0.000475102 1.341108322 -0.018493678 0.196497500 0.014312933 0.980225444
1770731450.972588062 0.161595449 -0.006204072 1.539457321 -0.020915598 0.070403807 0.009013415 0.997258544
1770731452.976376772 0.229943231 -0.010722382 3.218745947 -0.010548475 0.031325877 0.006436415 0.999432862
1770731453.367797852 0.213356569 0.015575601 3.841635704 -0.033903655 -0.000768064 0.005586421 0.999409199
1770731453.767024279 0.237729535 0.017967859 4.380565643 -0.024351308 0.003019460 0.018684156 0.999524355
1770731454.467885733 0.150321648 0.015325158 5.319320679 -0.010792268 -0.028579770 0.004404195 0.999523580
1770731454.765399456 0.119393907 0.007593660 5.733643055 -0.008868313 -0.025544917 0.001678519 0.999633014
1770731455.066503525 0.097524829 -0.012542137 6.130031109 0.005620257 -0.018392937 -0.000640802 0.999814808
1770731455.375344992 0.087829739 -0.012753310 6.561050892 -0.005804629 -0.016932469 0.001993513 0.999837816
1770731455.768384218 0.065744266 -0.028911648 7.106032848 -0.004243106 -0.012845175 -0.000755918 0.999908209
1770731456.066730738 0.049077123 -0.035311099 7.523530483 -0.003792336 -0.009449291 -0.004886907 0.999936283
1770731456.464973927 0.030304622 -0.047459003 8.065823555 0.001378517 -0.005012820 -0.007302169 0.999959826
1770731456.864969730 0.014701121 -0.068399630 8.612686157 0.002007207 0.002487717 -0.016924033 0.999851704
1770731457.263859510 0.024409702 -0.079346485 9.171461105 -0.004160807 0.011916722 -0.018276542 0.999753296
1770731457.670048952 0.020885505 -0.097538874 9.705042839 0.002547868 0.016088804 -0.026468929 0.999516904
1770731458.065806389 0.049630966 -0.092699453 10.301877975 -0.020669360 0.024405235 -0.023398219 0.999214530
1770731458.564482212 0.095338494 -0.112448998 10.968445778 -0.006968712 0.031917073 -0.020090867 0.999264300
1770731459.160683632 0.156518921 -0.119701311 11.820951462 -0.013966928 0.037638079 -0.015928222 0.999066889
1770731459.663603544 0.224214926 -0.143333420 12.496538162 -0.006188058 0.039459672 -0.008043935 0.999169648
1770731459.973558426 0.241725475 -0.164217114 12.897151947 0.004868100 0.043268636 -0.015639741 0.998929203
1770731460.663679838 0.333868504 -0.184867114 13.866862297 0.002099618 0.056107540 -0.016639860 0.998283863
1770731461.061358452 0.420790315 -0.178200766 14.455347061 -0.020923691 0.063469194 -0.009103049 0.997722924
1770731461.362967968 0.461399883 -0.200811863 14.821966171 0.002268322 0.069881372 -0.016146779 0.997422099
1770731461.663807392 0.516419232 -0.221368223 15.228883743 0.005549157 0.078349687 -0.022705818 0.996651888
1770731461.965914965 0.618002415 -0.226130486 15.665364265 -0.014039869 0.076830089 -0.003174307 0.996940315
1770731462.266034603 0.670876682 -0.231627449 16.100814819 -0.008516559 0.058997609 0.000135751 0.998221815
1770731463.061226130 0.702761531 -0.256438524 17.192241669 -0.007168674 0.023200640 -0.005796049 0.999688327
1770731463.361617804 0.727124453 -0.272852600 17.602214813 -0.005200521 0.025842566 -0.003714704 0.999645650
1770731463.657766581 0.748157263 -0.293556303 18.002218246 0.009711095 0.030485958 -0.003974185 0.999480128
1770731464.066648483 0.771891177 -0.301871657 18.569692612 -0.003395415 0.021351034 -0.005023909 0.999753654
1770731464.760644913 0.806892037 -0.316937417 19.549192429 -0.008906421 0.025441689 -0.007649438 0.999607384
1770731465.359925032 0.861208379 -0.338122159 20.376333237 -0.006411436 0.034132473 -0.008073638 0.999364138
1770731465.761910439 0.870913565 -0.358809650 20.926801682 0.001574918 0.026694845 -0.014421404 0.999538362
1770731466.559484243 0.885544240 -0.402167290 22.018234253 0.009820867 0.009039178 -0.014650459 0.999803603
1770731467.258986950 0.901582956 -0.414207906 22.997581482 0.002771245 0.012589827 -0.015280111 0.999800146
1770731468.158151150 0.946946621 -0.445578307 24.272060394 -0.009770393 0.029782727 -0.020672403 0.999294877
1770731468.461812735 0.957739711 -0.463476717 24.663402557 0.005502366 0.032666583 -0.028201910 0.999053180
1770731468.757556438 0.997258008 -0.468186319 25.096942902 -0.008261836 0.035134293 -0.023557289 0.999070764
1770731469.457053900 1.073482990 -0.497800827 26.058364868 -0.003653289 0.034347817 -0.015506619 0.999282956
1770731470.055825949 1.069400907 -0.518309116 26.897302628 -0.008575466 0.001078405 -0.020228932 0.999758005
1770731470.657742262 1.070097685 -0.548832178 27.703638077 -0.001343033 0.004355422 -0.018255515 0.999822974
1770731471.555666685 1.101134777 -0.574482024 28.967233658 -0.005754070 0.013308156 -0.012903078 0.999811649
1770731471.855625868 1.109150887 -0.589612544 29.373189926 -0.002985142 0.015829502 -0.013962806 0.999772787
1770731472.456299067 1.132436872 -0.605586350 30.217880249 -0.007239028 0.023658205 -0.017720658 0.999536812
1770731473.056186676 1.156768441 -0.634489775 31.027147293 -0.000382700 0.034677420 -0.029930061 0.998950243
1770731473.558273315 1.224680901 -0.650030375 31.738899231 -0.009950625 0.043918967 -0.023751417 0.998703182
1770731473.857856989 1.257267237 -0.667449534 32.129890442 -0.003715682 0.050828688 -0.027923292 0.998310030
1770731474.154658079 1.305709600 -0.675827980 32.562545776 -0.009666564 0.059383169 -0.027207932 0.997817576
1770731475.254771471 1.505620956 -0.726015031 34.060024261 -0.003153125 0.061288871 -0.013992399 0.998017013
1770731475.852421045 1.585683942 -0.741679847 34.902870178 -0.000234821 0.048626158 -0.014145048 0.998716831
1770731476.254774094 1.639043331 -0.752070367 35.455734253 -0.001274033 0.050270524 -0.011779794 0.998665392
1770731476.453916073 1.655484796 -0.752456129 35.736095428 -0.005338205 0.052353799 -0.017624805 0.998458803
1770731476.655042410 1.697227836 -0.757603943 36.030647278 -0.015924711 0.045256581 -0.003504198 0.998842359
1770731476.853517056 1.693663239 -0.761163294 36.312042236 -0.013070913 0.034443736 -0.015724184 0.999197423
1770731478.953634501 1.805692792 -0.814131975 39.197711945 -0.007235505 0.024841638 -0.012277079 0.999589860
1770731479.653633595 1.853690863 -0.844822526 40.164699554 -0.001527119 0.020181997 -0.008939032 0.999755204
1770731479.952507019 1.854313970 -0.853234410 40.594593048 -0.004076116 0.004208345 -0.007129012 0.999957442
1770731480.452260494 1.842403531 -0.849355996 41.294487000 -0.008796268 0.006044736 -0.014372168 0.999839783
1770731481.050806046 1.866139174 -0.878994405 42.109836578 0.000846746 0.015016302 -0.013253574 0.999799073
1770731481.462788343 1.903761029 -0.887796104 42.663448334 -0.003523671 0.027258368 -0.009072619 0.999581039
1770731481.852910995 1.941377401 -0.901776791 43.216033936 0.000056567 0.034960471 -0.006359348 0.999368489
1770731482.150362968 1.981088161 -0.915451527 43.637176514 -0.000975603 0.039178845 -0.003939365 0.999224007
1770731482.451227188 2.008199930 -0.922146440 44.054721832 0.001580659 0.044703685 -0.009162306 0.998957038
1770731482.747936964 2.045189381 -0.936842740 44.460281372 0.002446261 0.050113376 -0.010256607 0.998687923
1770731483.150620461 2.108690977 -0.949491858 45.028610229 -0.002187248 0.052712508 -0.005880067 0.998590052
1770731483.649725437 2.182091713 -0.963849604 45.725101471 -0.003962272 0.048661903 -0.003293559 0.998802066
1770731484.051553011 2.213548422 -0.985095918 46.296100616 0.004123579 0.034183946 -0.005472251 0.999392092
1770731484.549203634 2.278987646 -0.986196756 46.989963531 -0.020932313 0.033967070 0.005264198 0.999189854
1770731485.051461458 2.294279337 -1.008288145 47.476547241 -0.001756313 0.037705481 -0.005553281 0.999271929
1770731485.346501112 2.322550058 -1.022604346 47.878421783 0.001739678 0.036003042 -0.002334508 0.999347448
1770731485.755315542 2.372256756 -1.026763320 48.438121796 -0.010815767 0.039428875 0.001965418 0.999161959
1770731486.049517870 2.399490595 -1.025789380 48.875614166 -0.010272272 0.045403019 -0.003392346 0.998910189
1770731486.248140097 2.432602644 -1.021850944 49.118034363 0.000573618 0.048245333 -0.003662042 0.998828650
1770731486.548233509 2.439061403 -1.046199560 49.416980743 0.010277137 0.048172530 -0.016832180 0.998644352
1770731487.255271196 2.394999981 -1.060533881 50.022674561 -0.001026410 -0.036698949 -0.016503243 0.999189556
1770731487.745737076 2.262090206 -1.062042236 50.438987732 -0.009524650 -0.118860424 -0.025123807 0.992547393
1770731488.546092510 2.001472473 -1.055489659 50.869842529 -0.017842988 -0.225129068 -0.042270921 0.973248065
1770731489.646999598 1.599761009 -1.031412363 51.338829041 -0.050027486 -0.378526449 -0.021447318 0.923988700
1770731493.544286013 0.133083344 -0.970481634 51.272193909 -0.042469513 -0.805267394 -0.037217572 0.590216696
1770731495.538881063 0.016708374 -0.960399866 50.921951294 -0.050749790 -0.952623129 -0.030996755 0.298283100
1770731496.243878365 -0.017768860 -0.950280964 50.704490662 -0.051606506 -0.978517532 -0.030680241 0.197228029
1770731496.442749500 -0.017803192 -0.948805988 50.646736145 -0.051447526 -0.984614253 -0.030226341 0.164238647
1770731497.342471600 -0.024742126 -0.934725881 50.419795990 -0.038352955 -0.991017342 -0.033194967 0.123740733
1770731498.343277216 -0.071819305 -0.878777981 49.941688538 -0.036407378 -0.993894219 -0.062546253 0.083287708
1770731499.340376139 -0.062499523 -0.932607889 49.678901672 -0.033301055 -0.999152243 0.003588713 0.023936879
1770731499.742120504 -0.092451096 -0.917043924 49.453369141 -0.044078071 -0.998764157 0.003498275 0.022695748
1770731500.239696026 -0.110871315 -0.886295319 48.990806580 -0.045317557 -0.998249888 -0.030641936 0.022461658
1770731500.843873262 -0.151233673 -0.861680627 48.417278290 -0.048875779 -0.997620523 -0.032477152 0.036189955
1770731501.142105579 -0.163997650 -0.856015086 48.177680969 -0.048122160 -0.997744679 -0.029010570 0.036717467
1770731501.344346523 -0.178122520 -0.855397105 48.008079529 -0.052963194 -0.997773409 -0.026687467 0.030510450
1770731501.741257429 -0.196741104 -0.851282597 47.700584412 -0.055233356 -0.997802258 -0.021039587 0.029954942
1770731502.739064932 -0.252255917 -0.830189943 46.971271515 -0.060016036 -0.997260094 -0.025717409 0.034771118
1770731503.238528728 -0.267340660 -0.823111415 46.601486206 -0.057058714 -0.997661352 -0.021100629 0.031159753
1770731504.039380312 -0.303540230 -0.796577930 45.988082886 -0.061465260 -0.997334659 -0.027023850 0.028553518
1770731504.337624073 -0.314280510 -0.791755080 45.775985718 -0.059379831 -0.997410893 -0.024756601 0.032136053
1770731504.738550425 -0.341250896 -0.785108149 45.482608795 -0.063276567 -0.997080088 -0.023304421 0.035836924
1770731505.139052868 -0.358191967 -0.781210303 45.199996948 -0.060896620 -0.997214019 -0.020273667 0.038010355
1770731505.841159821 -0.389378071 -0.774290323 44.835784912 -0.065482363 -0.996917844 -0.020987734 0.037768316
1770731506.537399292 -0.406178474 -0.762376606 44.437332153 -0.064943165 -0.997324407 -0.018139580 0.028237715
1770731507.137273788 -0.446876049 -0.749820113 44.019824982 -0.069073968 -0.996531129 -0.023763316 0.039872482
1770731507.637501955 -0.478379250 -0.739905119 43.638710022 -0.065718196 -0.996551991 -0.019354390 0.046805453
1770731508.036599874 -0.518789291 -0.733036220 43.293350220 -0.064457409 -0.996088505 -0.018760141 0.057453971
1770731508.538278103 -0.564248085 -0.718297958 42.853233337 -0.064554676 -0.995990932 -0.024501720 0.056871530
1770731508.937197208 -0.581459045 -0.711620986 42.522758484 -0.062318720 -0.996827066 -0.022322288 0.044203889
1770731509.235451221 -0.581657410 -0.707891405 42.291011810 -0.058004871 -0.997536957 -0.021808477 0.032860734
1770731509.835339069 -0.582276106 -0.704620004 41.935436249 -0.058355194 -0.998021305 -0.019373864 0.013147086
1770731510.337895393 -0.586448908 -0.699308097 41.546951294 -0.057043377 -0.998107135 -0.019395676 0.012329675
1770731511.535170317 -0.631985664 -0.675868034 40.545707703 -0.053154018 -0.997865677 -0.025452461 0.028125431
1770731512.034103870 -0.651083946 -0.669720769 40.159389496 -0.049634546 -0.997825980 -0.017536428 0.039651517
1770731512.933212996 -0.709340096 -0.645173192 39.485992432 -0.061097410 -0.997151196 -0.023190219 0.037667245
1770731513.432092428 -0.730473995 -0.635224760 39.117271423 -0.061718319 -0.997347414 -0.024542747 0.029776992
1770731514.132085085 -0.734883308 -0.630553722 38.643123627 -0.059323154 -0.997923255 -0.019498643 0.015804198
1770731514.532618761 -0.745518446 -0.621115148 38.320343018 -0.062661968 -0.997698903 -0.023340926 0.011207326
1770731515.231550217 -0.784567356 -0.600974083 37.672355652 -0.063534901 -0.997101188 -0.027318941 0.031721182
1770731515.731749296 -0.817651749 -0.590962529 37.226219177 -0.060637113 -0.996951759 -0.022413785 0.043680079
1770731516.130511761 -0.858195305 -0.581125975 36.870082855 -0.063875332 -0.996590853 -0.020751290 0.047916714
1770731516.431475401 -0.875122547 -0.584145665 36.623874664 -0.065839216 -0.996987462 -0.012987066 0.038891420
1770731516.732503891 -0.880222321 -0.566224635 36.339530945 -0.059681553 -0.997392356 -0.026166337 0.031014206
1770731517.248696804 -0.892097712 -0.567019701 35.942249298 -0.063811459 -0.997614682 -0.018594513 0.018637612
1770731518.032590628 -0.933866501 -0.543402314 35.151607513 -0.062358417 -0.996964753 -0.032853585 0.033066578
1770731519.529913902 -1.006563187 -0.519558132 33.832019806 -0.060369346 -0.997358203 -0.027348923 0.029736526
1770731520.032789946 -1.038592815 -0.518218517 33.346897125 -0.062630527 -0.997451842 -0.018765964 0.028550236
1770731521.329452276 -1.096000195 -0.511585891 32.095191956 -0.059088647 -0.997509360 -0.013884682 0.035929058
1770731521.729604721 -1.145163059 -0.496969044 31.675771713 -0.060875978 -0.996392906 -0.026505237 0.052847557
1770731522.128064394 -1.173976898 -0.491233319 31.384363174 -0.059076145 -0.996472001 -0.021164373 0.055728097
1770731522.528667212 -1.208501339 -0.487886250 31.009990692 -0.064168200 -0.996839106 -0.017964875 0.043260980
1770731522.728600502 -1.205437660 -0.490965575 30.857748032 -0.059934359 -0.997456014 -0.010831324 0.037041999
1770731522.928384304 -1.219326019 -0.490135610 30.686573029 -0.064572029 -0.997424126 -0.012655569 0.028557120
1770731523.429892063 -1.195807576 -0.491933703 30.321378708 -0.057542250 -0.998277843 -0.011338795 0.001310790
1770731523.728584290 -1.187688112 -0.483841956 30.069555283 0.062203899 0.997851491 0.017668078 0.010535487
1770731524.627671003 -1.184307098 -0.478612661 29.375707626 -0.057412542 -0.998059332 -0.023037599 0.007119009
1770731524.927785397 -1.190150261 -0.476221293 29.124235153 -0.056111112 -0.998173237 -0.018394979 0.012781426
1770731525.428470373 -1.219839811 -0.470946670 28.674072266 -0.061226778 -0.997669935 -0.020878123 0.021683775
1770731526.027951002 -1.254990101 -0.455191106 28.071750641 -0.059983652 -0.997344136 -0.022929078 0.034364924
1770731526.327020645 -1.274322033 -0.454665869 27.849657059 -0.060508214 -0.997114420 -0.021335721 0.040575370
1770731527.024041176 -1.300922394 -0.451308012 27.485223770 -0.056687955 -0.997359335 -0.018063480 0.041648954
1770731527.426413059 -1.309971571 -0.441991448 27.152606964 -0.057855271 -0.997784913 -0.022974303 0.023457656
1770731527.925565958 -1.328508854 -0.439564407 26.714319229 -0.061596852 -0.997760952 -0.018781060 0.018061975
1770731528.325796366 -1.340373516 -0.434498906 26.383819580 -0.057253785 -0.997910798 -0.018843902 0.023259588
1770731528.624149561 -1.366779327 -0.420318544 26.088384628 -0.061750501 -0.997354567 -0.024770245 0.029278576
1770731529.140722036 -1.397141457 -0.402971208 25.668685913 -0.059705168 -0.996981680 -0.030510450 0.039139908
1770731529.625395536 -1.417690277 -0.394682586 25.263036728 -0.061195962 -0.997352600 -0.026826194 0.028691424
1770731529.821225166 -1.413285732 -0.392389894 25.113674164 -0.057666227 -0.997895956 -0.023048207 0.018630497
1770731529.924688816 -1.413357496 -0.388051748 25.031507492 -0.058951672 -0.997861683 -0.025145197 0.012826629
1770731530.223232031 -1.417293072 -0.386930346 24.791482925 -0.059510820 -0.997947991 -0.022709666 0.006521090
1770731530.723765850 -1.431823969 -0.381763875 24.354598999 -0.056335930 -0.998068333 -0.015462138 0.021136232
1770731531.022994995 -1.454071045 -0.371386915 24.094024658 -0.062981300 -0.997419298 -0.023566099 0.025155362
1770731531.522405863 -1.489160061 -0.361586928 23.727725983 -0.066241033 -0.996779323 -0.024651855 0.037887674
1770731532.323021889 -1.526290894 -0.346713483 23.205472946 -0.066383794 -0.997053206 -0.023510711 0.030418541
1770731532.722334862 -1.529506207 -0.341116935 22.907060623 -0.058882315 -0.997439146 -0.023923239 0.032798577
1770731533.123056650 -1.568301201 -0.326920509 22.565555573 -0.060932584 -0.996826649 -0.025644092 0.044342179
1770731533.423557281 -1.606653214 -0.317579150 22.305221558 -0.061634392 -0.995985627 -0.027551292 0.058777448
1770731533.524116278 -1.612843513 -0.316607893 22.216053009 -0.057078868 -0.996136785 -0.024551278 0.062055092
1770731533.820454359 -1.640463829 -0.313677996 21.979307175 -0.057156086 -0.996104777 -0.020839736 0.063829519
1770731534.721918821 -1.672570229 -0.297358632 21.303588867 -0.048334423 -0.998063624 -0.021370135 0.032803684
1770731535.220869064 -1.680251122 -0.285479993 20.948040009 -0.043580409 -0.998365760 -0.022531398 0.029307518
1770731535.720731974 -1.706869125 -0.270523250 20.507278442 -0.045013316 -0.998127222 -0.026010439 0.032238808
1770731536.421120405 -1.752785206 -0.251517862 19.944959641 -0.054410849 -0.997148573 -0.024678590 0.046099700
1770731536.921411991 -1.810650826 -0.238087028 19.640541077 -0.057238676 -0.994961143 -0.024275070 0.078656130
1770731537.324811935 -1.825538158 -0.242353454 19.403839111 -0.058158480 -0.996474326 -0.015306710 0.058499638
1770731537.420859575 -1.825602531 -0.241951093 19.327381134 -0.056572150 -0.996866465 -0.016431991 0.052790932
1770731537.621170282 -1.821621895 -0.231103420 19.168802261 -0.050388306 -0.997587144 -0.023967095 0.041309554
1770731538.122449636 -1.828974724 -0.227330327 18.806385040 -0.049690112 -0.998128951 -0.022417804 0.027693855
1770731538.418431997 -1.834774971 -0.228258610 18.585575104 -0.044033401 -0.998311222 -0.016737705 0.033995256
1770731538.820078611 -1.848527908 -0.220588431 18.264934540 -0.046002228 -0.998437107 -0.017700147 0.026342103
1770731539.318640471 -1.851332664 -0.196418345 17.822256088 -0.044557247 -0.998395562 -0.029996306 0.017924029
1770731539.820028305 -1.851541758 -0.183505476 17.446086884 -0.051437348 -0.998160601 -0.031993467 0.002451457
1770731540.119182825 -1.848643780 -0.186079472 17.205621719 -0.049601708 -0.998505056 -0.022309402 0.005447868
1770731540.415201187 -1.854070187 -0.180294603 16.932434082 -0.050951786 -0.998498797 -0.018321827 0.008270866
1770731540.727021933 -1.860355377 -0.163466722 16.642347336 -0.053145941 -0.998206854 -0.025211256 0.011092871
1770731540.913878441 -1.870009899 -0.160701394 16.441576004 -0.054604564 -0.998067379 -0.025721734 0.014771939
1770731541.518180847 -1.892766476 -0.163625941 15.925148010 -0.053021107 -0.998198748 -0.013067242 0.024847792
1770731542.016773701 -1.919275761 -0.159150988 15.492846489 -0.052285574 -0.998031855 -0.014677996 0.031356130
1770731542.217869997 -1.929321766 -0.153389901 15.294008255 -0.053403303 -0.997992873 -0.016899236 0.029542968
1770731542.517611265 -1.938052654 -0.144729137 15.009516716 -0.052745603 -0.998007178 -0.021945627 0.026795793
1770731542.717525959 -1.939479113 -0.139153540 14.834193230 -0.049444862 -0.998221874 -0.023203418 0.023873609
1770731543.115664244 -1.957582712 -0.130750120 14.516112328 -0.051899459 -0.998077452 -0.024942543 0.022929205
1770731543.417006254 -1.984722853 -0.117927194 14.261506081 -0.059888430 -0.997228742 -0.032185201 0.030204145
1770731543.715138674 -2.002715111 -0.113764048 14.005129814 -0.052119326 -0.997456074 -0.025282396 0.041542836
1770731544.016629457 -2.048237324 -0.109124444 13.748433113 -0.058989968 -0.996990144 -0.017868599 0.047027700
1770731544.117662430 -2.057849407 -0.109607123 13.663039207 -0.060760323 -0.996924877 -0.018274896 0.045989428
1770731544.316593647 -2.059495449 -0.113310814 13.523905754 -0.054057784 -0.997319758 -0.012653710 0.047655225
1770731544.516414404 -2.082312584 -0.107407406 13.347748756 -0.057875410 -0.997165263 -0.013896557 0.046030741
1770731545.320589781 -2.080769300 -0.094379961 12.715013504 -0.052184716 -0.998185754 -0.023000052 0.019311240
1770731545.717867851 -2.086158514 -0.092965826 12.425973892 -0.051915698 -0.998336017 -0.019908452 0.015288066
1770731545.915954113 -2.096868038 -0.088201568 12.255157471 -0.050842110 -0.998218358 -0.021444285 0.022702375
1770731546.314747334 -2.127440453 -0.080915414 11.902551651 -0.050172962 -0.997761130 -0.021203432 0.038805410
1770731546.814615965 -2.130719185 -0.074773014 11.546969414 -0.051891137 -0.998420894 -0.019515965 0.009063459
1770731547.315929651 -2.107338190 -0.060636610 11.133925438 0.048247445 0.998415709 0.027412781 0.009315001
1770731547.615202188 -2.111951828 -0.049689829 10.863420486 0.051158156 0.998179555 0.031650800 0.004316428
1770731547.914274216 -2.118011236 -0.050641328 10.632142067 -0.049753137 -0.998432755 -0.024205660 0.008415750
1770731548.412942648 -2.124756813 -0.042840645 10.202146530 -0.039590266 -0.998761177 -0.017505454 0.024540387
1770731548.913191080 -2.154112577 -0.027889073 9.712456703 -0.033080086 -0.998365521 -0.026501456 0.038337227
1770731549.314700365 -2.192947865 -0.021912098 9.349914551 -0.036695611 -0.998056769 -0.025642082 0.043342911
1770731549.914900780 -2.224436998 -0.008374646 8.865336418 -0.033690311 -0.998200417 -0.025367951 0.042630851
1770731550.313677788 -2.254593849 0.005118042 8.530154228 -0.037338033 -0.997926474 -0.033994913 0.039912805
1770731550.714487791 -2.270968199 0.012955964 8.229074478 -0.033914380 -0.998078465 -0.029727958 0.042490266
1770731551.212444305 -2.296788454 0.022508562 7.832229137 -0.037106004 -0.998518825 -0.028483126 0.027784739
1770731551.812355757 -2.319565058 0.035180748 7.356407166 -0.034934543 -0.998513699 -0.028684998 0.030450128
1770731552.512270689 -2.336012602 0.054323494 6.782209873 -0.037776537 -0.998807192 -0.027235160 0.014675776
1770731553.211312056 -2.341010809 0.070127010 6.259272575 -0.039496619 -0.998824120 -0.026918422 0.008116080
1770731553.711078644 -2.353482008 0.076970436 5.837703228 -0.039854754 -0.998937607 -0.019843627 0.011898609
1770731554.109891653 -2.360859394 0.078386135 5.518752575 -0.043709945 -0.998838305 -0.017843770 0.009645244
1770731554.810988426 -2.404677153 0.097886078 4.903536797 -0.050909933 -0.998285532 -0.016416835 0.023764892
1770731555.610901833 -2.449368000 0.116571940 4.247263908 -0.047819749 -0.997949004 -0.021081297 0.036968023
1770731556.312723398 -2.470560789 0.125659749 3.661642790 -0.045577135 -0.998489439 -0.019870128 0.023383019
1770731556.608482122 -2.472685337 0.130742520 3.395120144 -0.047241874 -0.998590112 -0.021825429 0.010472455
1770731557.410458803 -2.473566294 0.131479606 2.759593487 -0.042456228 -0.998916030 -0.015985560 0.010425540
1770731558.306253195 -2.550016403 0.136049539 2.017196178 -0.067792892 -0.997275889 -0.021358592 0.019715581
1770731558.906450272 -2.570786953 0.111814141 1.594335675 -0.066855967 -0.997674286 0.006141494 0.011772565
1770731559.405476570 -2.582411766 0.079047173 1.294518709 -0.066223972 -0.997387826 0.027136825 0.009776054
1770731559.904618025 -2.519930601 0.083267808 0.932489872 0.050787315 0.998387277 -0.001469165 0.025324609
1770731560.702852726 -2.390755892 0.074034229 0.463428140 0.053352375 0.989576936 0.012345888 0.133186236
1770731561.905659676 -2.095620155 0.090094328 0.021507502 0.037420094 0.967769206 0.032960586 0.246852472
1770731562.616631269 -1.898125172 0.066962279 -0.326715469 0.035632521 0.969721913 0.009513317 0.241410896
1770731563.108272314 -1.704084277 0.155254558 -0.846458077 0.050257493 0.967979729 0.088560537 0.229448184
1770731564.004326820 -1.484598875 0.112747058 -1.243873000 0.046532232 0.973660052 0.016624808 0.222585917
1770731564.901708126 -1.060108900 0.109396100 -1.624608278 0.029699916 0.935418427 0.027123693 0.351247311
1770731566.105817318 -0.581069946 0.111991778 -1.819497585 0.033213444 0.843377590 0.037704770 0.534966886
1770731567.500104427 -0.265393496 0.098668501 -1.758630991 0.036147375 0.729825974 0.029379275 0.682044208
1770731569.199484587 0.057359934 0.063618556 -1.555327892 0.033624757 0.596194744 0.020903910 0.801863015
1770731573.193945408 0.163053423 0.040400468 -1.215694904 0.020629184 0.285372883 -0.000153722 0.958194554
1770731576.996389866 0.052680716 0.019368572 -1.002618194 0.032727756 0.029992640 0.002517687 0.999011040
1770731580.494709015 -0.025951905 0.005513445 -0.201565146 -0.004423714 -0.028105456 -0.000040856 0.999595165
