1770731344.524799 -0.009748 -0.288967 104.889420 0.022695 -0.005146 -0.733276 0.679532
1770731346.528508 -0.062951 -1.115868 104.871895 0.029145 0.006423 -0.752498 0.657917
1770731347.627841 -0.189092 -2.720991 104.759300 0.065257 0.019286 -0.713240 0.697609
1770731348.726003 -0.312589 -4.204487 104.693863 0.057876 0.003990 -0.753602 0.654766
1770731349.825888 -0.474781 -5.696444 104.666473 0.031486 -0.009345 -0.760549 0.648450
1770731350.828819 -0.579886 -7.084771 104.646805 0.031299 -0.005570 -0.735049 0.677268
1770731351.926278 -0.647420 -8.603022 104.615547 0.025972 -0.001914 -0.741514 0.670431
1770731353.023817 -0.724748 -10.116789 104.592911 0.023219 0.002218 -0.742053 0.669935
1770731354.124537 -0.887142 -11.681877 104.529709 0.047672 0.006512 -0.752505 0.656827
1770731355.231952 -0.983881 -13.211730 104.480370 0.028786 0.005743 -0.746102 0.665185
1770731356.345640 -1.136089 -14.769769 104.414307 0.044182 0.013953 -0.754323 0.654866
1770731357.421571 -1.317707 -16.318115 104.354263 0.052290 0.009359 -0.752937 0.655945
1770731358.437998 -1.416684 -17.701269 104.306511 0.038921 0.013381 -0.743249 0.667748
1770731359.520893 -1.487115 -19.218752 104.260429 0.036175 0.010785 -0.739988 0.671560
1770731360.531192 -1.584407 -20.599411 104.203156 0.036042 0.012443 -0.748228 0.662345
1770731361.619419 -1.735797 -22.118246 104.157829 0.036351 0.003459 -0.753488 0.656447
1770731362.718755 -1.827211 -23.030247 104.123489 0.032585 0.006759 -0.764955 0.643224
1770731363.817856 -1.955445 -24.328621 104.075546 0.034157 0.013171 -0.751311 0.658932
1770731364.917867 -2.130846 -25.888807 103.996635 0.044778 0.017863 -0.759929 0.648216
1770731366.116726 -2.362795 -27.535784 103.916817 0.041652 0.009467 -0.767667 0.639424
1770731367.121747 -2.444606 -28.934990 103.853386 0.044252 0.008258 -0.728916 0.683122
1770731368.215089 -2.519449 -30.476528 103.775314 0.048444 0.007792 -0.738479 0.672489
1770731369.215667 -2.611069 -31.869230 103.703072 0.043022 0.015598 -0.748612 0.661427
1770731370.331813 -2.736923 -33.426659 103.622314 0.046865 0.018198 -0.749162 0.660476
1770731371.413441 -2.876266 -34.955193 103.532005 0.044170 0.019391 -0.756900 0.651748
1770731372.413471 -3.021796 -36.340504 103.452568 0.037602 0.020446 -0.756704 0.652355
1770731373.513002 -3.138589 -37.863613 103.355919 0.043204 0.013073 -0.745788 0.664652
1770731374.513790 -3.270307 -39.266830 103.286812 0.041132 0.015966 -0.754638 0.654656
1770731375.605802 -3.450771 -40.798325 103.202385 0.046169 0.007160 -0.749588 0.660253
1770731376.613900 -3.586869 -42.191708 103.116447 0.041870 0.005598 -0.752114 0.657677
1770731377.712013 -3.728663 -43.714012 103.050201 0.049911 -0.002967 -0.741847 0.668703
1770731378.712695 -3.809906 -45.102676 103.007973 0.042064 -0.000556 -0.745387 0.665303
1770731379.809425 -3.947688 -46.655956 102.935524 0.045403 0.006996 -0.756343 0.652561
1770731380.907784 -4.088940 -48.188755 102.880341 0.037163 0.002718 -0.743920 0.667229
1770731382.012973 -4.213615 -49.743534 102.830208 0.044257 -0.005827 -0.744767 0.665830
1770731383.114725 -4.258896 -50.699722 102.812416 0.034575 -0.007581 -0.722732 0.690221
1770731384.204957 -4.110345 -51.110428 102.805679 0.032172 0.005622 -0.613736 0.788836
1770731385.205554 -3.842662 -51.472244 102.795570 0.015002 0.017206 -0.521369 0.853026
1770731386.308720 -3.469608 -51.816872 102.781746 0.013708 0.029611 -0.369909 0.928495
1770731387.404334 -2.932674 -52.067257 102.798477 0.008281 0.002777 -0.228701 0.973457
1770731388.521011 -2.350169 -52.159985 102.805008 0.001869 0.006403 -0.085440 0.996321
1770731389.602386 -1.914110 -52.087654 102.788704 -0.001216 0.036729 0.070693 0.996821
1770731390.614089 -1.704917 -51.986984 102.768005 0.002087 0.048485 0.196365 0.979329
1770731391.702221 -1.755221 -51.928493 102.749672 0.003636 0.040749 0.347683 0.936719
1770731392.800964 -1.749202 -51.857067 102.760300 0.001416 0.043862 0.422640 0.905234
1770731393.809567 -1.680521 -51.678276 102.754089 0.002838 0.043128 0.508702 0.859857
1770731394.900942 -1.644946 -51.464546 102.736580 -0.002534 0.046477 0.589991 0.806067
1770731395.901231 -1.627097 -51.243744 102.719315 -0.011184 0.052187 0.624052 0.779558
1770731397.001687 -1.613687 -50.841339 102.675758 -0.033292 0.058335 0.653215 0.754188
1770731398.101451 -1.569086 -50.260441 102.694763 0.019495 0.019794 0.680255 0.732449
1770731399.198512 -1.443454 -48.733074 102.594383 0.002921 0.044243 0.667422 0.743358
1770731400.303698 -1.379336 -47.230572 102.506081 -0.003162 0.060684 0.677079 0.733397
1770731401.397532 -1.274875 -45.740604 102.418839 0.000422 0.056329 0.668664 0.741428
1770731402.398530 -1.248385 -44.411697 102.323219 -0.004802 0.053916 0.678404 0.732692
1770731403.496112 -1.161707 -42.922760 102.213295 -0.006033 0.052403 0.678773 0.732451
1770731404.496137 -1.149901 -41.565308 102.120522 -0.017394 0.052267 0.680295 0.730866
1770731405.594976 -1.035285 -40.089764 101.998779 -0.002601 0.050963 0.667090 0.743228
1770731406.695271 -0.988948 -38.600735 101.892105 -0.016104 0.056180 0.669291 0.740699
1770731407.794895 -0.898201 -37.145802 101.780792 -0.011284 0.051195 0.671628 0.739031
1770731408.893553 -0.875531 -35.658573 101.657661 -0.019551 0.059424 0.680736 0.729852
1770731409.993550 -0.814907 -34.193317 101.529800 -0.012690 0.060187 0.677303 0.733128
1770731411.086862 -0.818748 -32.708138 101.402214 -0.018350 0.059612 0.685450 0.725443
1770731412.091719 -0.739983 -31.345539 101.279060 -0.004023 0.064269 0.678218 0.732034
1770731413.190623 -0.686778 -29.842875 101.153252 -0.015573 0.054486 0.664218 0.745388
1770731414.190986 -0.626828 -28.470892 101.029953 -0.020052 0.059077 0.685468 0.725425
1770731415.289889 -0.557796 -26.996384 100.897423 -0.019669 0.055144 0.663580 0.745811
1770731416.384986 -0.486956 -25.520296 100.753639 -0.024651 0.058435 0.679756 0.730691
1770731417.393000 -0.395352 -24.201101 100.642136 -0.023855 0.052191 0.665664 0.744042
1770731418.487435 -0.290500 -22.774298 100.511925 -0.034029 0.044831 0.655822 0.752814
1770731419.587914 -0.299386 -22.315109 100.484116 -0.033914 0.034174 0.691304 0.720958
1770731420.686505 -0.285068 -21.119522 100.393715 -0.036674 0.037649 0.690738 0.721192
1770731421.686704 -0.262969 -20.394672 100.343315 -0.014885 0.046730 0.706773 0.705738
1770731422.784945 -0.252952 -19.729130 100.300758 -0.013111 0.050208 0.688718 0.723170
1770731423.887373 -0.184781 -18.481596 100.231049 -0.012624 0.043533 0.655983 0.753413
1770731424.983160 -0.060617 -17.402111 100.171463 -0.007435 0.038003 0.659161 0.751004
1770731425.983930 -0.019397 -16.325191 100.148392 -0.004206 0.019842 0.665458 0.746160
1770731427.083021 0.063297 -15.005023 100.091415 -0.017423 0.034036 0.678680 0.733438
1770731428.083099 0.131938 -13.768748 100.065125 0.004885 0.025128 0.662080 0.748996
1770731429.083459 0.330175 -12.487254 100.037193 -0.002640 0.026186 0.623093 0.781705
1770731430.189264 0.343465 -12.276915 100.026398 -0.006836 0.016617 0.643960 0.764848
1770731431.280713 0.367858 -11.704326 100.015945 -0.010598 0.028914 0.691507 0.721713
1770731432.379086 0.309118 -11.090786 100.009666 -0.004137 0.016643 0.716693 0.697178
1770731433.381831 0.328643 -10.283612 100.005493 -0.002596 0.014207 0.678099 0.734829
1770731434.478127 0.424087 -9.105742 100.010437 0.000883 0.012924 0.660734 0.750508
1770731435.479311 0.553777 -8.027203 100.023766 0.005588 0.009253 0.647464 0.762020
1770731436.577226 0.745768 -6.870271 100.036827 0.017076 0.013831 0.633678 0.773284
1770731437.676377 0.900367 -5.891323 100.068695 0.019253 0.007618 0.634002 0.773054
1770731438.774220 1.052349 -4.824357 100.093048 0.020195 0.015844 0.647547 0.761593
1770731439.774628 1.197477 -3.850066 100.116920 0.017688 0.013563 0.634411 0.772674
1770731440.872366 1.423512 -2.847296 100.167320 0.032020 0.019347 0.613584 0.788743
1770731441.974082 1.565987 -2.247266 100.219070 0.060387 0.000733 0.641306 0.764905
1770731443.071070 1.502461 -1.747835 100.256615 0.039413 0.010058 0.729017 0.683286
1770731444.072125 1.279344 -1.112668 100.260925 0.005855 0.022859 0.807378 0.589562
1770731445.072364 0.977469 -0.714666 100.257561 -0.002028 0.037149 0.892658 0.449196
1770731446.166730 0.654699 -0.580271 100.271881 0.010313 0.028335 0.956665 0.289627
1770731447.170914 0.100075 -0.426958 100.266953 -0.014144 0.033303 0.990673 0.131373
1770731448.269484 -0.365023 -0.529137 100.281624 -0.009510 0.031423 0.997982 -0.054358
1770731449.270846 -0.775107 -0.758843 100.293571 -0.007681 0.032569 0.966158 -0.255772
1770731450.370362 -0.974136 -1.071510 100.306816 -0.019181 0.032085 0.894784 -0.444932
1770731451.468757 -1.061602 -1.455806 100.316399 0.030733 -0.022985 -0.774732 0.631124
1770731452.568405 -1.210857 -2.437845 100.354431 0.007714 -0.026988 -0.790276 0.612108
1770731453.667562 -1.433960 -3.975313 100.476891 0.012111 -0.036427 -0.758537 0.650498
1770731454.765399 -1.461674 -5.433786 100.641296 -0.014886 -0.042382 -0.727352 0.684793
1770731455.768384 -1.488941 -6.804095 100.808151 -0.017236 -0.043691 -0.731263 0.680477
1770731456.864970 -1.516116 -8.310966 100.983688 -0.026278 -0.037764 -0.734714 0.676815
1770731457.963346 -1.604381 -9.859440 101.132912 -0.013554 -0.026102 -0.742975 0.668673
1770731458.963478 -1.720253 -11.257977 101.250130 -0.009926 -0.025672 -0.752318 0.658224
1770731459.973558 -1.855755 -12.605353 101.381241 -0.017772 -0.037740 -0.753700 0.655893
1770731461.061358 -2.059762 -14.177650 101.493370 0.010808 -0.023478 -0.765007 0.643504
1770731462.176817 -2.315794 -15.693642 101.600441 0.019810 -0.034285 -0.762012 0.646351
1770731463.260520 -2.366711 -17.226570 101.695213 0.004671 -0.026352 -0.737037 0.675322
1770731464.262154 -2.451769 -18.624235 101.784439 0.015679 -0.031739 -0.730976 0.681484
1770731465.359925 -2.522534 -20.144526 101.866035 0.015316 -0.031099 -0.737196 0.674789
1770731466.361619 -2.546973 -21.539749 101.940872 0.017004 -0.030186 -0.721189 0.691872
1770731467.459044 -2.536503 -23.074646 102.021408 0.009457 -0.027778 -0.723622 0.689572
1770731468.461813 -2.550583 -24.471020 102.075356 -0.000868 -0.018970 -0.734196 0.678672
1770731469.556256 -2.634550 -26.028095 102.126114 0.012252 -0.020759 -0.735320 0.677291
1770731470.557395 -2.614615 -27.401604 102.172844 0.010083 -0.022970 -0.712449 0.701275
1770731471.658744 -2.602719 -28.958824 102.213791 0.017127 -0.018700 -0.722438 0.690970
1770731472.754207 -2.610896 -30.497267 102.243431 0.015469 -0.013020 -0.729889 0.683266
1770731473.756016 -2.688261 -31.879128 102.274940 0.010873 -0.014070 -0.742767 0.669314
1770731474.854959 -2.849351 -33.429100 102.289276 0.027030 -0.014600 -0.752294 0.658110
1770731475.950937 -2.962000 -34.973457 102.307068 0.026627 -0.012290 -0.741440 0.670378
1770731476.954972 -3.032056 -36.391048 102.306046 0.026839 -0.010490 -0.728749 0.684174
1770731478.054752 -3.041433 -37.890083 102.325546 0.015054 -0.018492 -0.727929 0.685238
1770731479.152204 -3.094359 -39.457806 102.340187 0.028088 -0.011053 -0.731760 0.680893
1770731480.153074 -3.092617 -40.869720 102.344307 0.028837 -0.008642 -0.713790 0.699712
1770731481.251734 -3.097580 -42.374817 102.362511 0.027037 -0.012521 -0.726462 0.686561
1770731482.351531 -3.184214 -43.914509 102.367859 0.029536 -0.007217 -0.743291 0.668276
1770731483.451220 -3.307756 -45.429790 102.377327 0.023650 -0.011589 -0.753225 0.657236
1770731484.549204 -3.420976 -46.989746 102.370552 0.047861 -0.000720 -0.738993 0.672010
1770731485.552423 -3.483427 -48.160931 102.357384 0.027524 -0.009388 -0.741860 0.669924
1770731486.647632 -3.601103 -49.538860 102.338821 0.027197 -0.014808 -0.743946 0.667522
1770731487.745737 -3.432688 -50.476231 102.333519 0.025240 0.007155 -0.628264 0.777558
1770731488.746174 -3.111207 -51.020538 102.313179 0.020375 0.028652 -0.522676 0.851806
1770731489.754510 -2.783585 -51.461193 102.315857 0.059109 0.029632 -0.387091 0.919668
1770731490.845804 -2.409688 -51.580315 102.337875 0.026736 -0.014236 -0.253004 0.966991
1770731491.946562 -1.913736 -51.658340 102.338379 0.035561 0.008175 -0.082049 0.995960
1770731493.046365 -1.525663 -51.581284 102.343918 0.032242 0.004758 0.060747 0.997621
1770731494.141945 -1.202477 -51.434513 102.335960 0.034960 0.020425 0.245897 0.968450
1770731495.243353 -1.158236 -51.311131 102.315750 0.040344 0.012472 0.404866 0.913401
1770731496.243878 -1.059996 -51.015194 102.341446 0.034369 0.011370 0.535832 0.843548
1770731497.248099 -1.032097 -50.766552 102.348236 0.023111 0.006636 0.596049 0.802588
1770731498.343277 -0.952545 -50.248425 102.334900 -0.001294 0.023275 0.631150 0.775310
1770731499.441879 -0.949633 -49.942085 102.405853 0.039043 -0.026138 0.674633 0.736656
1770731500.442350 -0.876890 -49.052155 102.422485 0.023178 0.010585 0.675527 0.736895
1770731501.539836 -0.818093 -48.134026 102.466385 0.034968 0.001782 0.674481 0.737461
1770731502.539845 -0.767800 -47.443310 102.502090 0.037062 0.001749 0.670766 0.740740
1770731503.638659 -0.726563 -46.578537 102.567131 0.033622 0.004952 0.674404 0.737580
1770731504.738550 -0.657336 -45.773354 102.601601 0.043203 0.004837 0.667031 0.743760
1770731505.841160 -0.599913 -45.124950 102.655273 0.046174 0.006535 0.664949 0.745432
1770731506.937215 -0.582961 -44.492199 102.710251 0.042764 0.002280 0.667071 0.743762
1770731508.036600 -0.477827 -43.581173 102.770096 0.045047 0.001854 0.647228 0.760962
1770731509.036652 -0.384353 -42.719448 102.828430 0.038826 0.005085 0.660053 0.750197
1770731510.135547 -0.359438 -41.986492 102.879234 0.040501 0.000845 0.681226 0.730952
1770731511.144553 -0.315610 -41.146172 102.938583 0.037420 0.003190 0.672690 0.738971
1770731512.253777 -0.239376 -40.270889 102.993225 0.038721 0.007190 0.660528 0.749768
1770731513.333520 -0.177924 -39.458008 103.051208 0.042381 0.004122 0.666835 0.743988
1770731514.333778 -0.158388 -38.761284 103.109039 0.040567 -0.001369 0.680169 0.731930
1770731515.432511 -0.068765 -37.712738 103.175217 0.035207 0.011164 0.662662 0.748007
1770731516.531734 0.029853 -36.800587 103.247543 0.051214 -0.000991 0.662142 0.747625
1770731517.532835 0.072501 -35.960442 103.317108 0.049619 0.000303 0.672189 0.738715
1770731518.633859 0.156925 -34.921024 103.386536 0.043955 -0.002006 0.660694 0.749365
1770731519.731680 0.231262 -33.897709 103.465805 0.043311 -0.001379 0.663555 0.746871
1770731520.829175 0.303308 -32.854015 103.558441 0.039379 -0.000603 0.665884 0.745015
1770731521.929470 0.427355 -31.784454 103.631958 0.044621 -0.001908 0.641416 0.765892
1770731523.029218 0.527549 -30.843117 103.717064 0.050881 -0.003937 0.665680 0.744490
1770731524.032331 0.511824 -30.086166 103.777626 0.042422 -0.005522 0.688204 0.724255
1770731525.125780 0.560374 -29.164968 103.845322 0.043166 -0.001670 0.671069 0.740135
1770731526.130026 0.640660 -28.199205 103.906235 0.037734 0.003316 0.657807 0.752234
1770731527.224634 0.705835 -27.555775 103.962891 0.039008 -0.000274 0.659126 0.751020
1770731528.225458 0.776018 -26.678707 104.020126 0.039793 0.002690 0.666856 0.744119
1770731529.231179 0.864209 -25.798927 104.068428 0.034959 0.008031 0.656020 0.753891
1770731530.325620 0.926038 -24.928066 104.127487 0.039863 0.005647 0.677660 0.734272
1770731531.422496 1.006144 -24.022243 104.185188 0.040986 0.008335 0.657323 0.752448
1770731532.424752 1.072855 -23.353415 104.226891 0.037930 0.008387 0.665758 0.745156
1770731533.524116 1.175502 -22.447552 104.278381 0.034165 0.004047 0.637829 0.769410
1770731534.620922 1.267337 -21.599653 104.328178 0.027108 0.001699 0.657026 0.753378
1770731535.720732 1.325703 -20.742111 104.372612 0.022549 0.000173 0.660161 0.750786
1770731536.723002 1.428301 -19.988550 104.405891 0.033951 0.010626 0.627017 0.778192
1770731537.819693 1.473664 -19.261208 104.447769 0.025629 -0.001417 0.663017 0.748164
1770731538.820079 1.534051 -18.506220 104.491066 0.027773 -0.002750 0.664987 0.746333
1770731539.918439 1.583776 -17.602766 104.520195 0.021724 0.015191 0.680668 0.732113
1770731541.018854 1.622504 -16.579237 104.566460 0.027864 0.008887 0.672339 0.739665
1770731542.121283 1.690524 -15.629896 104.626717 0.025502 0.003946 0.663337 0.747876
1770731543.213322 1.745489 -14.671277 104.669128 0.021743 0.003949 0.668481 0.743400
1770731544.216240 1.865272 -13.822934 104.702560 0.031455 0.009705 0.650311 0.758955
1770731545.320590 1.916776 -12.944880 104.741699 0.022516 0.010150 0.673417 0.738850
1770731546.417133 1.986874 -12.050438 104.778221 0.020025 0.013234 0.660214 0.750694
1770731547.514586 1.988393 -11.166918 104.796089 0.010297 0.019949 0.693062 0.720528
1770731548.613383 2.022657 -10.243175 104.829491 0.012534 0.002733 0.665341 0.746430
1770731549.619876 2.101269 -9.304802 104.853416 0.003771 0.004116 0.655570 0.755113
1770731550.714488 2.176782 -8.456567 104.871765 0.004477 0.005121 0.659271 0.751874
1770731551.812356 2.233264 -7.589390 104.899071 0.005737 0.004682 0.667473 0.744597
1770731552.819188 2.282025 -6.741184 104.916283 0.005419 0.020624 0.685960 0.727327
1770731553.911536 2.312917 -5.914949 104.948875 0.022060 0.011505 0.682382 0.730572
1770731555.010911 2.373821 -4.933779 104.972214 0.021874 0.019127 0.668107 0.743498
1770731556.111154 2.421809 -4.054872 105.010590 0.019775 0.008602 0.668980 0.742968
1770731557.207484 2.442221 -3.110123 105.043343 0.018329 0.011047 0.685760 0.727513
1770731558.306253 2.524536 -2.249015 105.100540 0.038751 0.023092 0.676827 0.734758
1770731559.405477 2.569413 -1.540464 105.195953 0.074505 -0.011771 0.684236 0.725349
1770731560.505421 2.464975 -0.798675 105.252838 0.035508 0.009039 0.764928 0.643073
1770731561.805992 2.185559 -0.281355 105.272240 0.010418 0.009526 0.847525 0.530568
1770731562.915676 1.842306 0.437044 105.270370 -0.006097 0.038112 0.840774 0.540008
1770731564.004327 1.543732 1.039511 105.295494 0.024479 0.005853 0.835793 0.548467
1770731565.101384 1.052423 1.524753 105.315193 0.002350 0.007765 0.917380 0.397929
1770731566.105817 0.686490 1.692790 105.304688 -0.012807 0.018173 0.970784 0.238921
1770731567.200434 0.407987 1.680113 105.302475 -0.011950 0.015342 0.995318 0.094673
1770731568.302170 0.267032 1.627884 105.305946 -0.013407 0.024286 0.999155 -0.030331
1770731569.305487 0.009409 1.495586 105.311104 -0.009536 0.016857 0.989882 -0.140568
1770731570.501125 -0.180171 1.310904 105.292442 -0.029339 0.014955 0.943296 -0.330314
1770731571.599488 -0.157630 1.261485 105.294235 -0.020332 0.009552 0.900225 -0.434845
1770731574.797375 -0.122482 1.133104 105.309486 0.003452 -0.010201 -0.839177 0.543751
1770731575.897076 -0.133414 1.055230 105.312851 0.006857 -0.021501 -0.791861 0.610285
1770731576.897183 -0.100176 1.016280 105.314804 0.004149 -0.026188 -0.746907 0.664400
1770731577.996095 -0.100668 0.815371 105.318398 0.013869 -0.010667 -0.733970 0.678956
1770731579.094844 -0.041149 0.484868 105.320992 0.018621 -0.002622 -0.681690 0.731400
1770731580.098975 -0.015680 0.235139 105.316582 0.023965 0.002162 -0.678762 0.733964
1770731581.194906 -0.067270 0.204021 105.314346 0.025820 -0.001113 -0.729744 0.683231
