1403636579763555584
1403636579813555456
1403636579863555584
1403636579913555456
1403636579963555584
1403636580013555456
1403636580063555584
1403636580113555456
1403636580163555584
1403636580213555456
1403636580263555584
1403636580313555456
1403636580363555584
1403636580413555456
1403636580463555584
1403636580513555456
1403636580563555584
1403636580613555456
1403636580663555584
1403636580713555456
1403636580763555584
1403636580813555456
1403636580863555584
1403636580913555456
1403636580963555584
1403636581013555456
1403636581063555584
1403636581113555456
1403636581163555584
1403636581213555456
1403636581263555584
1403636581313555456
1403636581363555584
1403636581413555456
1403636581463555584
1403636581513555456
1403636581563555584
1403636581613555456
1403636581663555584
1403636581713555456
1403636581763555584
1403636581813555456
1403636581863555584
1403636581913555456
1403636581963555584
1403636582013555456
1403636582063555584
1403636582113555456
1403636582163555584
1403636582213555456
1403636582263555584
1403636582313555456
1403636582363555584
1403636582413555456
1403636582463555584
1403636582513555456
1403636582563555584
1403636582613555456
1403636582663555584
1403636582713555456
1403636582763555584
1403636582813555456
1403636582863555584
1403636582913555456
1403636582963555584
1403636583013555456
1403636583063555584
1403636583113555456
1403636583163555584
1403636583213555456
1403636583263555584
1403636583313555456
1403636583363555584
1403636583413555456
1403636583463555584
1403636583513555456
1403636583563555584
1403636583613555456
1403636583663555584
1403636583713555456
1403636583763555584
1403636583813555456
1403636583863555584
1403636583913555456
1403636583963555584
1403636584013555456
1403636584063555584
1403636584113555456
1403636584163555584
1403636584213555456
1403636584263555584
1403636584313555456
1403636584363555584
1403636584413555456
1403636584463555584
1403636584513555456
1403636584563555584
1403636584613555456
1403636584663555584
1403636584713555456
1403636584763555584
1403636584813555456
1403636584863555584
1403636584913555456
1403636584963555584
1403636585013555456
1403636585063555584
1403636585113555456
1403636585163555584
1403636585213555456
1403636585263555584
1403636585313555456
1403636585363555584
1403636585413555456
1403636585463555584
1403636585513555456
1403636585563555584
1403636585613555456
1403636585663555584
1403636585713555456
1403636585763555584
1403636585813555456
1403636585863555584
1403636585913555456
1403636585963555584
1403636586013555456
1403636586063555584
1403636586113555456
1403636586163555584
1403636586213555456
1403636586263555584
1403636586313555456
1403636586363555584
1403636586413555456
1403636586463555584
1403636586513555456
1403636586563555584
1403636586613555456
1403636586663555584
1403636586713555456
1403636586763555584
1403636586813555456
1403636586863555584
1403636586913555456
1403636586963555584
1403636587013555456
1403636587063555584
1403636587113555456
1403636587163555584
1403636587213555456
1403636587263555584
1403636587313555456
1403636587363555584
1403636587413555456
1403636587463555584
1403636587513555456
1403636587563555584
1403636587613555456
1403636587663555584
1403636587713555456
1403636587763555584
1403636587813555456
1403636587863555584
1403636587913555456
1403636587963555584
1403636588013555456
1403636588063555584
1403636588113555456
1403636588163555584
1403636588213555456
1403636588263555584
1403636588313555456
1403636588363555584
1403636588413555456
1403636588463555584
1403636588513555456
1403636588563555584
1403636588613555456
1403636588663555584
1403636588713555456
1403636588763555584
1403636588813555456
1403636588863555584
1403636588913555456
1403636588963555584
1403636589013555456
1403636589063555584
1403636589113555456
1403636589163555584
1403636589213555456
1403636589263555584
1403636589313555456
1403636589363555584
1403636589413555456
1403636589463555584
1403636589513555456
1403636589563555584
1403636589613555456
1403636589663555584
1403636589713555456
