1403636579.763555527 0.000000000 0.000000000 1.000000000 -0.707106781 0.000000000 0.000000000 0.707106781
1403636580.063555479 -0.000897019 0.043685776 0.867020839 -0.721416077 0.003806078 -0.004506055 0.692476752
1403636580.413555384 -0.004543032 0.074199846 0.721594138 -0.739881147 0.001292146 -0.003927123 0.672724904
1403636580.913555384 -0.012712692 0.035280107 0.900809928 -0.735750474 0.000710322 -0.024474191 0.676809980
1403636581.163555622 -0.015497620 0.000983186 1.066411299 -0.710687082 0.003020652 -0.025314401 0.703046178
1403636581.913555384 0.001668234 0.043391813 0.871548468 -0.716689314 0.003279702 -0.020630816 0.697079652
1403636582.113555431 0.002950861 0.065962672 0.764115814 -0.738735380 0.008152485 -0.023236753 0.673545565
1403636582.613555431 -0.013512108 0.030579424 0.912775437 -0.729327922 0.004924450 -0.024910307 0.683692920
1403636582.863555670 -0.009357195 -0.008877761 1.075329886 -0.715511942 0.019461212 -0.030302099 0.697671632
1403636583.163555622 -0.001092813 -0.034429764 1.165497420 -0.691854550 0.025120215 -0.037983776 0.720599396
1403636583.613555431 0.013015750 0.035331038 0.927593887 -0.710938243 0.014923007 -0.039565727 0.701981960
1403636583.863555670 0.014936866 0.069144009 0.780480366 -0.744357794 0.019446739 -0.025041912 0.667027886
1403636584.113555431 0.011687176 0.074761518 0.728444164 -0.751034964 0.005747368 -0.023638046 0.659814135
1403636584.413555384 0.005198217 0.046984145 0.863534599 -0.745670259 0.002953983 -0.029467032 0.665656693
1403636584.663555622 0.003599688 0.014060003 1.047332809 -0.722347467 0.011466848 -0.040068743 0.690273238
1403636584.863555670 0.001384628 -0.014100412 1.159805058 -0.696460037 0.020514126 -0.044815020 0.715900972
1403636585.563555479 0.018717074 0.042686849 0.966978503 -0.718934531 0.017678968 -0.053827695 0.692764876
1403636585.863555670 0.017587394 0.025255629 0.889996937 -0.750722889 0.007345289 -0.019987677 0.660273946
1403636586.163555622 0.013875458 0.003235250 0.889668948 -0.791614033 0.030151160 -0.025266028 0.609753851
1403636586.513555527 0.007671528 -0.032703837 0.891306800 -0.830913995 0.042001120 -0.020692593 0.554427323
1403636587.613555431 0.141820279 -0.003198962 0.914658825 -0.832707584 0.034212864 -0.012105703 0.552522407
1403636587.913555384 0.253404889 0.009108826 0.924438221 -0.825107983 0.055324891 -0.017293162 0.561993700
1403636588.213555574 0.334476757 0.016980776 0.914122833 -0.835182099 0.068272276 -0.025432894 0.545126522
1403636588.963555574 0.226430188 -0.003104556 0.910082130 -0.833993241 0.056147440 -0.013568903 0.548742767
1403636589.263555527 0.093051344 -0.020525425 0.916074945 -0.828773109 0.040193127 -0.007250047 0.558092360
1403636589.563555479 -0.051487206 -0.032017747 0.910871393 -0.831448820 0.025795291 -0.004558180 0.554983500
1403636589.863555670 -0.185805917 -0.041285751 0.896140980 -0.832759223 0.011165865 0.002942609 0.553514897
1403636590.163555622 -0.265048262 -0.048222715 0.887195607 -0.830045203 -0.004873962 0.018854807 0.557355992
1403636590.663555622 -0.172504560 -0.060544253 0.897637569 -0.826859314 0.005622961 -0.001039423 0.562379744
1403636590.963555574 -0.037738312 -0.055854408 0.900001565 -0.832980271 0.019023046 -0.003883502 0.552961942
1403636591.313555479 0.112192940 -0.039384463 0.901183531 -0.833911701 0.024573494 -0.001558959 0.551348336
1403636591.663555622 0.186371332 -0.008801210 0.884413222 -0.822740318 0.048778354 -0.019093412 0.565998659
1403636591.963555574 0.207279082 0.016655914 0.888676572 -0.793854653 0.072215006 -0.039857118 0.602487505
1403636592.413555384 0.254487293 0.107140397 0.914963226 -0.812526407 0.101341279 -0.037147233 0.572844539
1403636592.663555622 0.223470193 0.183428246 0.940034534 -0.806114796 0.064300671 -0.021865974 0.587848823
1403636592.863555670 0.152542987 0.227300755 0.950887791 -0.807267829 0.018744265 0.001675546 0.589885155
1403636593.063555479 0.040505348 0.225267231 0.943234974 -0.813507970 -0.031807292 0.033004243 0.579744597
1403636593.263555527 -0.081287391 0.167455938 0.924841644 -0.813295941 -0.070299588 0.064459750 0.573979634
1403636593.413555384 -0.144338634 0.101316769 0.904799814 -0.815734622 -0.082370728 0.073776441 0.567757982
1403636593.663555622 -0.159396714 -0.008302638 0.858822616 -0.825012268 -0.059836344 0.065940139 0.558055792
1403636593.813555479 -0.119017413 -0.062485492 0.833310509 -0.831700111 -0.018215341 0.050569702 0.552617256
1403636593.963555574 -0.051219649 -0.100174858 0.819822480 -0.825473516 0.039134637 0.026367886 0.562464834
1403636594.113555431 0.030167523 -0.117690768 0.817182108 -0.815779006 0.092429780 -0.003043100 0.570922139
1403636594.313555479 0.145257562 -0.090033428 0.824378384 -0.812262602 0.137949063 -0.032532303 0.565810189
1403636594.513555527 0.251992569 -0.013514655 0.846926912 -0.803645200 0.144860820 -0.055070699 0.574575455
1403636594.813555479 0.278519679 0.118369901 0.887897228 -0.793669536 0.125938017 -0.044088484 0.593535584
1403636595.013555527 0.172116329 0.176532485 0.895308139 -0.794268206 0.064121161 -0.018939990 0.603877281
1403636595.163555622 0.055511465 0.183755135 0.889378683 -0.799339734 0.007750492 0.008771284 0.600765332
1403636595.313555479 -0.045511345 0.161942913 0.876808267 -0.803592392 -0.036322777 0.037483701 0.592886916
1403636595.463555574 -0.097299154 0.126660328 0.858655030 -0.805290858 -0.059011638 0.050649114 0.587757541
1403636595.713555574 -0.056027040 0.050785052 0.830134903 -0.811777007 -0.054922042 0.043602013 0.579741775
1403636595.863555670 0.024542863 0.014853785 0.809098057 -0.813110992 -0.025223281 0.016260770 0.581334575
1403636596.013555527 0.104550495 -0.021911204 0.790602462 -0.815418779 0.016695357 -0.009267006 0.578556482
1403636596.163555622 0.147700766 -0.066525296 0.774291172 -0.817670375 0.052559177 -0.025478769 0.572715919
1403636596.563555479 0.036264485 -0.210862105 0.764574264 -0.807944692 0.060279279 -0.029460548 0.585426220
1403636597.213555574 0.035601627 -0.063750843 0.806822354 -0.818294213 0.035218256 -0.034472440 0.572683077
1403636597.463555574 0.064658953 0.089621257 0.866732783 -0.814964947 -0.005221227 -0.020672405 0.579117886
1403636597.663555622 0.047141277 0.163843901 0.890878142 -0.806408624 -0.044170351 0.004666078 0.589688341
1403636597.863555670 0.001745625 0.151452689 0.883216320 -0.795515378 -0.073558498 0.022559738 0.601028692
1403636598.113555431 -0.028942476 0.058602026 0.842340277 -0.800696516 -0.089781959 0.021161479 0.591926077
1403636598.313555479 -0.022120718 -0.004473615 0.798530211 -0.821288583 -0.085187986 0.011348116 0.564002917
1403636598.563555479 0.007322619 0.012179824 0.766185808 -0.820600569 -0.082770643 0.000929758 0.565475785
1403636598.863555670 0.034816928 0.120213011 0.751448971 -0.784033149 -0.100583440 0.026725253 0.611931984
1403636599.063555479 0.047852454 0.183195090 0.724895634 -0.761014551 -0.100998557 0.032725540 0.639988424
1403636599.263555527 0.052676862 0.220707086 0.712587645 -0.724692746 -0.100964519 0.046706404 0.680033162
1403636599.563555479 0.055776366 0.259253335 0.695472887 -0.707140410 -0.086107709 0.037843927 0.700789370
1403636624.863555670 0.116414677 0.235810686 0.673843622 -0.710342363 -0.077616402 0.012363141 0.699454483
1403636625.163555622 0.152521569 0.182857829 0.710478681 -0.732304351 -0.089325490 -0.006977538 0.675057485
1403636625.413555384 0.155018382 0.157422853 0.755529644 -0.726083380 -0.085313133 0.007208030 0.682255553
1403636625.963555574 0.128094881 0.181974098 0.855768330 -0.710902540 -0.088614516 0.014128397 0.697542425
1403636626.263555527 0.102889222 0.179733962 0.991041080 -0.707751896 -0.079353995 0.036111884 0.701060717
1403636627.863555670 0.246420848 0.128867206 1.032484548 -0.729433382 -0.062347119 0.004629843 0.681188919
1403636628.363555670 0.298925339 0.158271207 1.100074885 -0.709981475 -0.032112868 0.002546289 0.703483181
1403636629.113555431 0.463831750 0.201074791 1.184209252 -0.727093768 -0.015899503 -0.017799903 0.686123183
1403636629.613555431 0.611953377 0.285702029 1.232697402 -0.717632602 0.041451264 -0.028962182 0.694583640
1403636629.863555670 0.711111933 0.356229585 1.202180302 -0.728256544 0.086580445 -0.058252693 0.677312968
1403636630.213555574 0.864125147 0.479606225 1.207579872 -0.710962969 0.127029305 -0.084713831 0.686453771
1403636630.813555479 1.119884126 0.663901265 1.356108868 -0.712917988 0.120554587 -0.092771328 0.684549498
1403636631.863555670 1.500220026 1.090504368 1.420520900 -0.710088692 0.107974510 -0.088385748 0.690147458
1403636633.063555479 1.749696517 1.582301162 1.497764026 -0.720072985 0.026105056 -0.046833697 0.691823697
1403636634.063555479 1.943213330 2.148456876 1.607954640 -0.725550802 0.027594618 -0.017422123 0.687394385
1403636634.713555574 2.137325503 2.595172100 1.772145719 -0.711696415 0.000098346 -0.034076301 0.701660180
1403636635.463555574 2.309339763 3.072632280 1.933692034 -0.726758461 -0.024616126 -0.010932272 0.686364823
1403636636.163555622 2.494464184 3.540900452 2.236131025 -0.728723974 -0.017296202 -0.008811370 0.684532374
1403636636.563555479 2.634869284 3.801650675 2.460491190 -0.697979361 -0.026880991 -0.026415865 0.715125462
1403636637.813555479 2.767199419 4.393401318 2.682463920 -0.720565483 -0.033361683 -0.014512509 0.692431780
1403636639.013555527 2.818877653 4.986252125 2.874053856 -0.723570293 -0.030162458 0.003104394 0.689584382
1403636639.813555479 3.039827903 5.559474237 2.943023364 -0.711619238 -0.040558466 -0.013473482 0.701264242
1403636640.613555431 3.237285211 6.007704289 3.102038824 -0.709964091 -0.074856048 0.003159290 0.700241088
1403636642.513555527 3.544501241 6.595809984 3.265768293 -0.708082245 -0.026428191 -0.015631090 0.705462085
1403636643.913555384 3.754520118 6.847782971 3.363396693 -0.739979302 -0.020972343 -0.017250419 0.672081258
1403636644.663555622 3.925896197 7.250313606 3.439455220 -0.708655025 -0.005699127 0.011649915 0.705435933
1403636645.063555479 4.097643208 7.476733241 3.353582599 -0.726744432 -0.017629487 -0.020452183 0.686377039
1403636645.313555479 4.199550584 7.614164200 3.344435857 -0.750460293 -0.014794481 -0.019716391 0.660455703
1403636646.013555527 4.450692927 8.172707221 3.487462835 -0.728901242 -0.007573253 -0.018671395 0.684322296
1403636646.413555384 4.620610478 8.518083613 3.661717568 -0.705128785 0.080332801 -0.040294213 0.703360799
1403636646.913555384 4.874661023 8.848917151 3.862392243 -0.694570884 0.130619980 -0.089102431 0.701833644
1403636647.763555527 5.279327833 9.224234571 4.094084055 -0.693068386 0.131543061 -0.080103805 0.704227247
1403636648.163555622 5.492897054 9.323330585 4.119236668 -0.688594037 0.180799542 -0.110354815 0.693521155
1403636648.413555384 5.634094000 9.376315917 4.092062669 -0.675779987 0.241462031 -0.140964342 0.682016532
1403636648.663555622 5.776127853 9.403625211 4.043429379 -0.663170458 0.294420084 -0.167687424 0.667384961
1403636649.013555527 5.950108220 9.395874902 4.040670524 -0.679113610 0.320055446 -0.175409486 0.636867905
1403636649.813555479 6.324366007 9.300030446 4.323012604 -0.651905532 0.313125764 -0.185400687 0.665280405
1403636650.363555670 6.522597372 9.175302825 4.371496877 -0.631672024 0.370036247 -0.217083438 0.645707682
1403636650.613555431 6.591826530 9.109111940 4.320481472 -0.620069132 0.423744850 -0.236891918 0.616309007
1403636652.063555479 6.709364813 8.635208799 4.201315265 -0.575510551 0.478463390 -0.258903283 0.610597642
1403636652.263555527 6.701689157 8.529913908 4.137799479 -0.560202350 0.528353074 -0.286130728 0.570215366
1403636652.463555574 6.688190971 8.425581190 4.063754321 -0.542103072 0.581026443 -0.299135935 0.528252046
1403636652.713555574 6.678988888 8.295425307 3.992223704 -0.533959678 0.613509661 -0.302372496 0.497055160
1403636653.813555479 6.852322090 7.778092508 3.891363504 -0.522262322 0.581008857 -0.330793752 0.529382914
1403636654.463555574 6.843848648 7.536670990 3.810456631 -0.502634182 0.615417310 -0.337689082 0.504565652
1403636654.763555527 6.803858823 7.405048764 3.815423050 -0.479575402 0.653439377 -0.344846503 0.473397617
1403636655.563555479 6.642291895 7.160733272 3.687011523 -0.434297494 0.679290944 -0.372982213 0.459166385
1403636655.863555670 6.526865421 7.073416798 3.614331381 -0.417452912 0.717099931 -0.361320845 0.425379833
1403636656.163555622 6.413851131 6.979606954 3.503529872 -0.387322164 0.744161456 -0.373152656 0.396184758
1403636656.863555670 6.189652833 6.614859618 3.450933294 -0.381279756 0.733701119 -0.399548193 0.395815180
1403636657.663555622 5.833735991 6.275393343 3.262293343 -0.383727371 0.743101017 -0.371975936 0.402725821
1403636658.113555431 5.592464923 6.030514501 3.107508694 -0.377660100 0.753096291 -0.366976257 0.394394791
1403636658.563555479 5.386342983 5.705417308 2.966700832 -0.394991805 0.748265541 -0.384411632 0.369198933
1403636659.013555527 5.248272098 5.441029198 2.798769406 -0.389899628 0.739737090 -0.402625195 0.372371146
1403636659.513555527 5.116249831 5.255189988 2.608551306 -0.390304645 0.743532189 -0.395267018 0.372271612
1403636660.113555431 4.965165181 5.126049897 2.415914939 -0.390977473 0.752208639 -0.388033867 0.361591615
1403636660.563555479 4.921970590 5.090169427 2.251783298 -0.401508139 0.761276228 -0.370690613 0.349053275
1403636661.613555431 5.100909085 5.253871555 1.917102012 -0.380349353 0.743183977 -0.403484327 0.374449386
1403636662.513555527 5.058766191 5.504743447 2.016769932 -0.390060669 0.746225695 -0.397628721 0.364542572
1403636663.063555479 5.014310549 5.692293551 1.986664106 -0.367987280 0.766692021 -0.362295607 0.381458517
1403636663.563555479 5.014267570 5.730986926 1.893476409 -0.404064630 0.763905003 -0.369632489 0.341398220
1403636663.963555574 5.161539671 5.760498795 1.801536229 -0.418540944 0.745921071 -0.398273215 0.331366383
1403636664.313555479 5.389138816 5.846445176 1.822885192 -0.401007390 0.734258885 -0.410735087 0.362427441
1403636664.563555479 5.558227335 5.963645672 1.797635531 -0.397032277 0.729347448 -0.407856693 0.379566317
1403636664.863555670 5.740549276 6.135911310 1.784100961 -0.401806095 0.725908405 -0.399232975 0.390156226
1403636665.313555479 5.984314801 6.384026511 1.883657536 -0.401527029 0.731401392 -0.377236001 0.401896813
1403636665.713555574 6.198328647 6.580531653 2.005645235 -0.414687855 0.726487840 -0.392386930 0.382468166
1403636666.063555479 6.375997370 6.767544140 2.122967136 -0.386791651 0.732900517 -0.385632444 0.405631199
1403636666.563555479 6.572870871 7.042104445 2.205318948 -0.388260434 0.731407782 -0.384815292 0.407693123
1403636667.113555431 6.727922032 7.270202667 2.319519995 -0.399758813 0.740364729 -0.356256888 0.406366816
1403636668.163555622 7.088050992 7.617033813 2.393985218 -0.407541140 0.733555419 -0.372108714 0.396663297
1403636669.413555384 7.680951958 8.134902669 2.366274583 -0.391784576 0.729306063 -0.403423883 0.389700761
1403636669.913555384 7.837055241 8.478748103 2.423132839 -0.362823032 0.727932359 -0.395929728 0.426278756
1403636670.413555384 7.776600820 8.723599297 2.550283164 -0.342557513 0.730528049 -0.352224712 0.474258233
1403636670.863555670 7.494317650 8.646933676 2.591471060 -0.390894629 0.684808742 -0.310976141 0.530596094
1403636671.113555431 7.256658179 8.430294751 2.582158701 -0.425795958 0.633604696 -0.285901783 0.579226261
1403636671.463555574 6.840040984 7.924276195 2.538680224 -0.536480147 0.566648687 -0.290595908 0.553761984
1403636671.863555670 6.414984175 7.305798836 2.438474003 -0.601847027 0.543654536 -0.260308670 0.523888631
1403636672.163555622 6.227251610 6.904819269 2.402522224 0.623788206 -0.540644166 0.271763151 -0.494708954
1403636672.613555431 6.169616047 6.506630009 2.436716971 -0.587622076 0.521678102 -0.318289988 0.530324181
1403636673.363555670 6.153786580 6.341680334 2.294807017 -0.634693158 0.487929795 -0.257487159 0.541100243
1403636673.913555384 6.302066332 6.444205542 2.327205730 -0.615935773 0.462602695 -0.277499331 0.574121931
1403636674.613555431 6.481708870 6.806637396 2.339742291 -0.603484448 0.457978136 -0.238124822 0.607749222
1403636675.613555431 6.938065594 7.332268105 2.345421347 -0.642179500 0.401063696 -0.256862422 0.600645567
1403636675.913555384 7.090897557 7.568519597 2.391326068 -0.635355480 0.373218202 -0.215483029 0.640779722
1403636676.363555670 7.286746367 7.923705249 2.371203543 -0.686799140 0.276407311 -0.192694761 0.644030022
1403636676.663555622 7.371517821 8.173678857 2.391664249 -0.700504514 0.222257733 -0.155395574 0.660111462
1403636677.113555431 7.481873701 8.549204232 2.511252906 -0.699551042 0.200606947 -0.130262439 0.673362376
1403636677.563555479 7.568787948 8.924874943 2.541657399 -0.681129919 0.162138869 -0.130695996 0.701919922
1403636677.913555384 7.554400813 9.125155011 2.621101538 -0.704250832 0.112171969 -0.060588446 0.698410521
1403636678.263555527 7.571951161 9.275385650 2.679504396 -0.716112689 0.038545905 -0.043003739 0.695591481
1403636678.663555622 7.616332669 9.416165911 2.763799782 -0.717855337 -0.034005245 -0.013166828 0.695236646
1403636679.013555527 7.633673336 9.526460781 2.809404120 -0.710769577 -0.129519881 -0.014686448 0.691242011
1403636679.263555527 7.591617649 9.598368920 2.810205651 -0.699032984 -0.167684709 0.040317145 0.693980730
1403636679.513555527 7.539312689 9.640017437 2.818972013 -0.689729691 -0.216763937 0.085370545 0.685564161
1403636679.913555384 7.481464381 9.652788958 2.911837818 -0.676448810 -0.260489176 0.098734614 0.681772596
1403636680.613555431 7.349804270 9.469931849 3.057424915 -0.672454260 -0.271342197 0.050319322 0.686765350
1403636681.063555479 7.132679515 9.231298733 2.986270315 -0.710937833 -0.242530329 0.093188471 0.653500074
1403636681.563555479 6.871903280 9.028747053 2.889020845 -0.686221324 -0.249432990 0.091091082 0.677189702
1403636682.163555622 6.543889863 8.735452829 2.808684026 -0.682307874 -0.256990477 0.097567971 0.677415937
1403636682.963555574 6.122420256 8.314230149 2.689911676 -0.678776000 -0.252322156 0.088973506 0.683871615
1403636683.563555479 5.812074112 7.939414032 2.546607544 -0.682573392 -0.254352897 0.099430116 0.677873012
1403636684.213555574 5.496847229 7.516401250 2.388138777 -0.686096836 -0.262063510 0.106586588 0.670248572
1403636684.963555574 5.212337020 7.045588549 2.249641974 -0.676648878 -0.267127732 0.110614414 0.677165801
1403636685.663555622 5.031016967 6.566853081 2.097101638 -0.686607062 -0.260617430 0.095309086 0.671986217
1403636686.163555622 4.868151698 6.226109016 1.922037594 -0.690107396 -0.257847973 0.100930485 0.668639845
1403636686.813555479 4.652182625 5.820368928 1.779025288 -0.693592224 -0.257003620 0.102974836 0.665037705
1403636687.463555574 4.458627121 5.490421403 1.705912972 -0.685003546 -0.258478706 0.107774901 0.672564846
1403636688.013555527 4.350408846 5.267650276 1.502676887 -0.682748794 -0.261297636 0.108027015 0.673726794
1403636688.513555527 4.277339372 5.073377394 1.302780118 -0.684275430 -0.264804127 0.102927293 0.671603963
1403636688.963555574 4.196273102 4.883449918 1.107054836 -0.684538871 -0.279183426 0.100681832 0.665827543
1403636689.513555527 4.016832412 4.624161359 1.035321011 -0.688375315 -0.297650592 0.123362381 0.649865581
1403636690.063555479 3.823355772 4.458740406 1.096371713 -0.702660315 -0.282192701 0.146579872 0.636514023
1403636690.813555479 3.600643995 4.567825481 1.216887497 -0.697983954 -0.267263120 0.167069286 0.643021523
1403636691.213555574 3.614571780 4.766098059 1.239044301 -0.657119434 -0.261254131 0.184317811 0.682617956
1403636691.563555479 3.806456209 4.887101845 1.337333089 -0.667681213 -0.289769789 0.144885882 0.670256181
1403636692.013555527 4.100531702 4.981098330 1.492281650 -0.668157838 -0.298802048 0.134012145 0.668074236
1403636692.463555574 4.383316891 5.030274134 1.641219619 -0.672677235 -0.300220569 0.120647368 0.665445084
1403636692.913555384 4.642054310 5.016840420 1.859574968 -0.676434248 -0.311722630 0.082796811 0.662125666
1403636693.713555574 4.854324099 4.989704128 2.046546842 -0.708767320 -0.303490093 0.108445971 0.627520614
1403636694.863555670 4.866280730 5.256069878 2.180770008 -0.677667543 -0.296377252 0.126575076 0.660988635
1403636697.213555574 4.927133236 5.589403649 2.177512898 -0.666028383 -0.297294309 0.076583144 0.679821527
1403636698.013555527 4.761257120 5.352633581 2.224400614 -0.696846993 -0.216281403 0.064805982 0.680754587
1403636698.563555479 4.579401535 5.208244997 2.131385351 -0.708818667 -0.143938652 0.030441468 0.689877582
1403636698.863555670 4.468965350 5.153383423 2.041606940 -0.717162714 -0.067650664 0.000202408 0.693614438
1403636699.163555622 4.355009070 5.105246394 1.972607540 -0.717161680 0.016340384 -0.026473684 0.696212080
1403636699.463555574 4.260545961 5.054118802 1.960042409 -0.714887092 0.106328455 -0.048836994 0.689380630
1403636699.763555527 4.211301885 5.012492332 1.945449651 -0.704176347 0.178368109 -0.080131914 0.682568214
1403636700.513555527 4.237658787 4.960128158 1.764677282 -0.686807015 0.227785032 -0.112745058 0.680954224
1403636701.013555527 4.342861751 4.914374244 1.581731833 -0.680756261 0.260979073 -0.145456440 0.668807342
1403636702.213555574 4.668960674 4.771995732 1.531257313 -0.662065872 0.314784227 -0.172097538 0.657998563
1403636702.563555479 4.779436662 4.776001579 1.422923566 -0.660773444 0.347447815 -0.194931970 0.636128917
1403636704.263555527 5.419670998 4.962611501 1.175934868 -0.658482089 0.342589591 -0.184642839 0.644158934
1403636705.563555479 6.080029137 5.365572472 1.184286398 -0.673801514 0.329419433 -0.192920302 0.632657975
1403636706.413555384 6.595763483 5.898709699 1.277518223 -0.660821485 0.322562779 -0.193304765 0.649539442
1403636707.213555574 7.036044483 6.373975961 1.444686922 -0.666860025 0.330908694 -0.200125416 0.636982701
1403636707.763555527 7.299585496 6.767117438 1.708228980 -0.666218059 0.345940103 -0.185320340 0.634141400
1403636708.313555479 7.597839819 7.239361391 1.813070175 -0.655881060 0.335763942 -0.182195707 0.651066306
1403636708.963555574 7.991714348 7.705666121 1.855383104 -0.648067994 0.328238909 -0.211171616 0.653967615
1403636709.963555574 8.256501354 8.307693695 2.009722692 -0.658755777 0.333023804 -0.214197894 0.639730596
1403636710.513555527 8.246447283 8.705092326 2.081569935 -0.654734990 0.325194664 -0.173690644 0.659850046
1403636710.913555384 8.224929536 8.983324271 2.051716390 -0.672093728 0.262013953 -0.157497090 0.674413357
1403636711.413555384 8.163748163 9.250726953 2.102406372 -0.677531710 0.216602759 -0.154665210 0.685647649
1403636712.313555479 7.795996366 9.460157506 2.290516399 -0.673338619 0.220894008 -0.140960676 0.691340024
1403636712.663555622 7.607631982 9.429690344 2.402473247 -0.674193356 0.176709930 -0.134573745 0.704362709
1403636713.513555527 7.038781015 9.165815609 2.533077561 -0.686972453 0.170205215 -0.110611366 0.697756518
1403636714.163555622 6.651952996 8.816557668 2.590274185 -0.691333007 0.183417400 -0.112025626 0.689831131
1403636714.813555479 6.374479970 8.488429225 2.488007094 -0.715229740 0.144508522 -0.088720751 0.678006147
1403636715.113555431 6.281117350 8.355922563 2.496568374 -0.724934966 0.075962258 -0.069893244 0.681038887
1403636715.613555431 6.160659960 8.213546998 2.538744386 -0.713704775 0.061604154 -0.032747148 0.696963447
1403636716.713555574 6.061907619 7.837894626 2.452538547 -0.706404657 0.063804294 -0.058665007 0.702481238
1403636717.163555622 6.018226138 7.638337084 2.359263246 -0.711110900 -0.014819817 -0.021398194 0.702597878
1403636718.063555479 5.828301609 7.212207957 2.204928886 -0.708460439 -0.089492281 -0.013612929 0.699921157
1403636718.413555384 5.659567428 7.030027058 2.136596528 -0.708446703 -0.132344427 0.033366717 0.692441249
1403636718.813555479 5.469593074 6.866529139 1.981177157 -0.706957959 -0.167414737 0.073779410 0.683183246
1403636719.563555479 5.197666244 6.580309850 1.780112288 -0.689193084 -0.176980156 0.066438911 0.699483230
1403636720.313555479 5.021811878 6.247431644 1.613583677 -0.705505473 -0.162885479 0.061708727 0.686966070
1403636721.163555622 4.942973882 5.976537869 1.471850097 -0.706468084 -0.117965898 0.044127389 0.696447892
1403636721.663555622 4.962400002 5.834517265 1.430324149 -0.709198297 -0.065665372 0.011304164 0.701853297
1403636723.263555527 4.974510140 5.308762590 1.231088123 -0.710405154 -0.047709552 -0.004440288 0.702159953
1403636724.063555479 4.902875177 4.998493198 1.157737054 -0.718261316 0.007078250 -0.028115062 0.695169133
1403636724.463555574 4.876001290 4.873489309 1.073251478 -0.712724590 0.065981453 -0.061143829 0.695651880
1403636726.713555574 4.675266847 4.310012224 1.242741387 -0.701686455 0.089962396 -0.040898773 0.705599162
1403636728.513555527 4.492156748 3.701255907 1.560026439 -0.702978662 0.071869197 -0.051122929 0.705721096
1403636729.113555431 4.347815090 3.477017372 1.529969281 -0.702037776 0.008815275 -0.041981573 0.710846537
1403636730.613555431 3.882821781 2.812975554 1.316377308 -0.726740640 0.000674710 -0.027770331 0.686350054
1403636733.313555479 3.583882641 2.241907186 1.091809890 -0.704673224 -0.009856315 -0.036527759 0.708522563
1403636734.313555479 3.280335632 1.732253631 1.059648909 -0.708662272 -0.008480093 -0.027555295 0.704958565
1403636735.263555527 2.965063584 1.335083498 0.980361033 -0.720383677 -0.010456146 -0.018123639 0.693260096
1403636736.213555574 2.725333715 1.090764392 1.089103401 -0.711652926 -0.016568581 -0.016497008 0.702142039
1403636737.063555479 2.517064740 0.933620226 1.104829909 -0.707003985 -0.060528691 -0.007804926 0.704571306
1403636738.163555622 2.195132888 0.707395789 1.137794561 -0.717959282 -0.059138617 0.016656941 0.693368329
1403636738.963555574 2.153461691 0.702275061 1.204703641 -0.712580454 0.036127111 -0.016007193 0.700476765
1403636739.263555527 2.200239940 0.748928380 1.144007904 -0.705055051 0.112960455 -0.060716774 0.697460238
1403636739.513555527 2.268884184 0.772498748 1.086832717 -0.697327236 0.167355233 -0.108554741 0.688435051
1403636741.013555527 2.560511982 0.856583131 0.778370825 -0.689740671 0.188839958 -0.129889868 0.686823048
1403636741.613555431 2.613973506 0.890868030 0.521053050 -0.697609966 0.226011345 -0.124077755 0.668478809
1403636743.363555670 2.811878312 1.095202361 0.178889547 -0.715703555 0.226214116 -0.116043007 0.650484139
1403636744.163555622 3.057258613 1.421257475 0.026803084 -0.676809470 0.244675933 -0.148417317 0.678258748
1403636744.963555574 3.277610703 1.775684176 -0.424014042 -0.670719744 0.257176932 -0.147945304 0.679784699
1403636748.263555527 3.264765828 2.183258534 -0.062385413 -0.668115122 0.290325399 -0.141515279 0.670303493
1403636749.463555574 3.328039759 2.298359079 0.248975736 -0.661132161 0.294172463 -0.168240706 0.669374254
1403636751.163555622 3.178146985 2.014454788 0.742745673 -0.678890132 0.260022515 -0.162122647 0.667242630
1403636752.313555479 3.048497480 1.846652590 1.158892806 -0.683228247 0.234948839 -0.139535808 0.677146930
1403636752.663555622 3.050414628 1.812314521 1.295957272 -0.693550473 0.174662092 -0.113174298 0.689690128
1403636753.013555527 3.049511425 1.784920186 1.369419633 -0.707105763 0.094112174 -0.087526253 0.695329773
1403636753.313555479 3.026535724 1.782179866 1.365621128 -0.712932306 0.016790832 -0.064589364 0.698050005
1403636753.663555622 2.963279973 1.778853342 1.361751708 -0.709830188 -0.019474234 -0.027380066 0.703571027
1403636754.763555527 2.627788578 1.625935643 1.390653899 -0.702190927 -0.046945821 -0.020183105 0.710152543
1403636755.213555574 2.413757112 1.481035893 1.326703617 -0.702073703 -0.085320068 0.001830736 0.706972170
1403636756.063555479 1.944253467 1.163263061 1.272809450 -0.708175002 -0.080514556 0.005098768 0.701412557
1403636756.863555670 1.456991421 0.857400506 1.200554018 -0.701690344 -0.085394420 0.008767678 0.707291724
1403636757.463555574 1.104860239 0.556969540 1.124715289 -0.706062890 -0.090228563 0.006161002 0.702350371
1403636757.813555479 0.894841002 0.364404472 1.072661094 -0.727838764 -0.112603428 0.013264046 0.676310038
1403636758.163555622 0.654643503 0.210916806 1.110482647 -0.708330948 -0.119925184 0.029502650 0.694992670
1403636758.513555527 0.424593530 0.098724511 1.091949679 -0.722827338 -0.114189921 0.044610061 0.680067088
1403636759.013555527 0.174134615 0.038212739 1.025450767 -0.706731107 -0.113466978 0.040044223 0.697174905
1403636759.763555527 0.043105366 0.033107063 0.850684321 -0.700432812 -0.120345143 0.038139815 0.702464431
1403636760.613555431 0.041021544 -0.037227890 0.731946324 -0.708951555 -0.122689111 0.031296051 0.693797976
1403636761.163555622 0.016499008 -0.078589314 0.634811626 -0.722639299 -0.126887498 0.028442967 0.678883646
1403636761.713555574 -0.071110570 -0.066082854 0.616151090 -0.705004233 -0.119158792 0.041567083 0.697884225
1403636762.363555670 -0.137168902 -0.070335693 0.649567370 -0.722435910 -0.128154979 0.012444637 0.679343645
1403636762.763555527 -0.205840606 -0.023659806 0.592322965 -0.709513066 -0.103328106 0.062208621 0.694294318
1403636762.963555574 -0.194955520 -0.017964677 0.571529537 -0.698552756 -0.108726707 0.039021364 0.706172701
1403636763.063555479 -0.178681303 -0.022674798 0.562282002 -0.706500296 -0.081554169 0.041464151 0.701774161
1403636763.163555622 -0.171724821 -0.026477804 0.565702839 -0.689976676 -0.063511297 0.041318111 0.719855065
