1403638518.077829361 0.000000000 0.000000000 0.000000000 -0.000000000 -0.000000000 -0.000000000 1.000000000
1403638522.377829313 -0.005439596 -0.067499720 -0.024830852 0.012172822 -0.018893160 0.002796636 0.999743521
1403638522.427829504 -0.005451029 -0.087919526 -0.031613387 0.012402360 -0.023369854 0.004410829 0.999640226
1403638522.627829552 -0.005247728 -0.176772639 -0.059970088 0.004340034 -0.039369084 0.016556028 0.999078155
1403638522.777829409 -0.006329596 -0.247761920 -0.079838559 0.018023534 -0.048805524 0.010211436 0.998593509
1403638523.027829409 -0.001957370 -0.363866776 -0.115438730 0.037818685 -0.063405506 0.029364523 0.996838629
1403638524.027829409 0.052502245 -0.079314157 -0.037043683 -0.000647636 -0.034036420 -0.021860713 0.999181271
1403638524.077829361 0.052684188 -0.074537367 -0.038001854 -0.004210185 -0.034088548 -0.027159009 0.999040902
1403638524.277829409 0.054015622 -0.124559291 -0.061451640 -0.014888047 -0.042803824 -0.028063495 0.998578310
1403638524.477829456 0.055658605 -0.237905696 -0.096755907 0.001640342 -0.053630624 -0.015810594 0.998434365
1403638524.677829266 0.055678148 -0.353444576 -0.125357226 0.028568303 -0.048244495 -0.010576716 0.998370886
1403638524.827829599 0.048640348 -0.406585127 -0.133914158 0.037659645 -0.028452221 -0.014466234 0.998780727
1403638525.027829409 0.036860209 -0.429066092 -0.140469864 0.042815968 -0.036713183 -0.012792436 0.998326242
1403638525.327829599 0.041621767 -0.323007733 -0.089787394 0.035712574 -0.041042693 -0.026500002 0.998167276
1403638525.427829504 0.040748309 -0.271325231 -0.074794672 0.015808018 -0.047532719 -0.026577959 0.998390913
1403638525.477829456 0.039525080 -0.246078834 -0.067615792 0.004612722 -0.052331962 -0.024426645 0.998320341
1403638525.777829409 0.038580857 -0.133781165 -0.029953679 -0.014433945 -0.050768774 -0.014582699 0.998499632
1403638526.127829552 0.080625087 -0.100252189 -0.024690559 -0.009811872 -0.026452947 -0.016632097 0.999463558
1403638526.327829599 0.153681263 -0.120701529 -0.042178653 -0.006422387 -0.011925034 -0.004365722 0.999898732
1403638526.477829456 0.221338868 -0.134577945 -0.060988806 0.006824412 -0.000946297 0.007335037 0.999949396
1403638527.077829361 0.587389886 -0.127594620 -0.137899265 0.015209956 0.054128006 0.027267808 0.998045743
1403638527.177829266 0.636922777 -0.127494514 -0.144891918 0.010359610 0.069288589 0.035475340 0.996911883
1403638527.227829456 0.658828318 -0.130436540 -0.152405709 0.010835533 0.077372216 0.039051089 0.996178269
1403638527.327829599 0.690958858 -0.133349404 -0.150291637 0.016336707 0.096203864 0.040438119 0.994405746
1403638527.377829313 0.700602412 -0.136264279 -0.151631370 0.019605253 0.104616225 0.039243918 0.993544698
1403638527.477829456 0.703984320 -0.140094146 -0.145990163 0.024195353 0.115863532 0.037075233 0.992278039
1403638527.677829266 0.650575817 -0.148923278 -0.121254712 0.024845762 0.115893595 0.034233809 0.992360532
1403638528.127829552 0.396855861 -0.185226709 -0.047513936 0.024992436 0.068402715 0.033431638 0.996784270
1403638528.877829313 0.205388516 -0.253642142 0.160755977 0.023277299 0.053211011 0.043811083 0.997350156
1403638529.727829456 0.088753887 -0.118888102 -0.000427874 -0.033555444 0.064476423 0.015357399 0.997236669
1403638529.927829504 0.072476380 -0.079952464 0.006585189 -0.013208760 0.064651169 0.016558209 0.997683108
1403638530.127829552 0.069595560 -0.065430455 0.031155825 -0.016541509 0.066633753 0.018050008 0.997477055
1403638530.477829456 0.080520853 -0.054390203 0.089018546 -0.016588338 0.081734903 0.029331835 0.996084273
1403638530.777829409 0.090718895 -0.044563577 0.110479251 -0.029205738 0.086274788 0.034991093 0.995228291
1403638533.177829266 0.088767365 -0.035292167 0.118805468 -0.009478115 0.084293656 0.029382152 0.995962620
1403638539.327829599 0.090754390 -0.084841348 0.137094140 0.028129186 0.084678784 0.029605320 0.995571077
1403638540.277829409 0.104873493 -0.296045959 0.208810925 -0.004250919 0.076121107 0.026153119 0.996746480
1403638540.627829552 0.105766103 -0.373157799 0.336331964 0.012521147 0.049613439 0.011513587 0.998623669
1403638541.127829552 0.054952614 -0.485949904 0.547307253 0.019255904 -0.058963880 -0.052798208 0.996676922
1403638541.777829409 -0.170130730 -0.690687716 0.828406513 0.024011971 -0.096982375 -0.060742196 0.993140638
1403638542.027829409 -0.302470088 -0.808975279 0.902790964 0.021191424 -0.140137002 -0.069117181 0.987489462
1403638542.327829599 -0.487432718 -0.915653229 1.011721134 0.017910458 -0.212242499 -0.097411826 0.972184837
1403638542.577829361 -0.645288706 -0.973562896 1.108425617 0.051905788 -0.245957047 -0.133367568 0.958657384
1403638543.027829409 -0.968481481 -1.097474337 1.185137033 0.026473528 -0.266597956 -0.121104814 0.955802441
1403638543.577829361 -1.407245636 -1.214739084 1.230850935 0.021187807 -0.279920697 -0.122685686 0.951915801
1403638543.927829504 -1.714935780 -1.258265138 1.264740944 0.027272897 -0.350245804 -0.162031487 0.922133386
1403638544.227829456 -2.001195431 -1.341110349 1.264398575 0.021384183 -0.395548880 -0.164991707 0.903250515
1403638544.677829266 -2.436429024 -1.424808025 1.320616364 0.032675061 -0.406556010 -0.161799893 0.898590803
1403638545.127829552 -2.856154919 -1.509545088 1.386085987 0.026426457 -0.409837872 -0.164943472 0.896731973
1403638545.627829552 -3.311319590 -1.498800993 1.504981160 0.026443819 -0.427160472 -0.169862986 0.887683094
1403638545.927829504 -3.570517063 -1.531653881 1.543380260 0.024723157 -0.481475323 -0.198214069 0.853394091
1403638546.227829456 -3.836489439 -1.596177459 1.567981958 0.026152406 -0.525969446 -0.224230930 0.819995642
1403638546.427829504 -4.020390987 -1.612119317 1.594178915 0.021063201 -0.538477957 -0.223195046 0.812269568
1403638546.727829456 -4.303758144 -1.628516436 1.632393122 0.021902177 -0.551549852 -0.229662418 0.801603556
1403638546.977829456 -4.550698280 -1.677072287 1.643747568 0.026180852 -0.558086157 -0.240246519 0.793811083
1403638547.177829266 -4.756272316 -1.696430564 1.654685497 0.030580351 -0.557412744 -0.248385474 0.791618943
1403638547.427829504 -5.018043041 -1.689779997 1.657654762 0.027693195 -0.558395565 -0.244971290 0.792096317
1403638547.627829552 -5.236490726 -1.665569544 1.653081179 0.019928211 -0.560183346 -0.235540807 0.793925703
1403638548.027829409 -5.697002411 -1.575092554 1.648877621 0.024453923 -0.557766259 -0.240499899 0.794014275
1403638548.277829409 -5.997820377 -1.557046413 1.607118607 0.020022824 -0.577093601 -0.246453285 0.778346241
1403638548.477829456 -6.244272232 -1.574877739 1.554773331 0.018973192 -0.602900922 -0.256216794 0.755316794
1403638548.577829361 -6.373787880 -1.576183319 1.528144360 0.019609790 -0.612836063 -0.259029090 0.746291757
1403638548.727829456 -6.566613197 -1.580232143 1.485820293 0.019469913 -0.622172415 -0.262306929 0.737372041
1403638548.977829456 -6.897157669 -1.590246916 1.420269966 0.018837957 -0.628613710 -0.264039069 0.731281996
1403638549.177829266 -7.170416355 -1.629154205 1.354442120 0.018727401 -0.629721224 -0.262724668 0.730805159
1403638549.377829313 -7.447457314 -1.690099239 1.277147770 0.016115747 -0.630282700 -0.258368105 0.731935740
1403638549.527829409 -7.656483650 -1.729790688 1.223058701 0.014502272 -0.630574167 -0.254557699 0.733052731
1403638549.727829456 -7.937117100 -1.776050806 1.166004181 0.018680621 -0.630358815 -0.252763778 0.733763814
1403638549.977829456 -8.292881966 -1.850762606 1.080340862 0.013755515 -0.628982127 -0.253462583 0.734812200
1403638550.177829266 -8.574984550 -1.944428205 1.014376640 0.011667365 -0.629779398 -0.252714753 0.734423041
1403638550.427829504 -8.932532310 -2.076694489 0.929831028 0.012538643 -0.630958974 -0.252431720 0.733492851
1403638550.677829266 -9.291738510 -2.189888000 0.865782738 0.013237912 -0.635198414 -0.242089644 0.733307838
1403638550.977829456 -9.713577271 -2.305691242 0.829974174 0.028958715 -0.640649557 -0.225717619 0.733335614
1403638551.377829313 -10.190869331 -2.458891392 0.829821587 0.023762261 -0.638701499 -0.215178043 0.738372743
1403638551.827829599 -10.610125542 -2.642809153 0.957119465 0.006243946 -0.569918096 -0.174549371 0.802923977
1403638552.327829599 -10.928187370 -2.929361105 1.241707325 0.018435471 -0.525975704 -0.175829753 0.831921637
1403638553.227829456 -11.128870964 -3.378184795 1.962906361 0.044442363 -0.540013313 -0.171756342 0.822745562
1403638554.177829266 -10.651949883 -3.866249561 2.607142448 0.052517336 -0.534469187 -0.193490162 0.821064055
1403638555.077829361 -9.899596214 -4.191246033 3.051131248 0.025710357 -0.530195355 -0.191736534 0.825511336
1403638555.477829456 -9.566269875 -4.297185898 3.284124851 0.027975511 -0.495457619 -0.187028497 0.847796798
1403638556.027829409 -9.116418839 -4.478468418 3.598788738 0.026648816 -0.489607185 -0.189868420 0.850602567
1403638556.677829266 -8.659273148 -4.736970901 3.995274544 -0.005353556 -0.490136981 -0.187285736 0.851270318
1403638557.327829599 -8.315081596 -5.093070984 4.525860310 0.013060421 -0.495694160 -0.175846636 0.850408614
1403638557.977829456 -7.983528614 -5.453281403 5.143249512 0.024806321 -0.487336099 -0.197703406 0.850177407
1403638558.677829266 -7.781591415 -5.832119942 5.779210091 -0.011894627 -0.481304556 -0.204568386 0.852265358
1403638559.427829504 -7.879631519 -6.290906906 6.578626156 0.023881599 -0.484623879 -0.199493855 0.851335227
1403638560.077829361 -8.030420303 -6.504127026 7.268680096 0.026858991 -0.470720172 -0.189229533 0.861332297
1403638560.477829456 -8.139296532 -6.572414875 7.691483498 0.040376056 -0.381954044 -0.140638888 0.912524819
1403638560.777829409 -8.199445724 -6.581867218 7.996310234 0.039307859 -0.312746406 -0.089892916 0.944756031
1403638561.177829266 -8.185339928 -6.659799576 8.327716827 0.054319821 -0.227261290 -0.047870670 0.971138597
1403638561.577829361 -8.036129951 -6.761537552 8.560924530 0.041163102 -0.189148605 -0.061536200 0.979153574
1403638562.177829266 -7.740898609 -6.768334389 8.866395950 0.039792981 -0.157194763 -0.062585868 0.984778821
1403638562.577829361 -7.543557167 -6.815495014 8.992672920 0.042029168 -0.100706458 -0.032783866 0.993487298
1403638562.977829456 -7.312012672 -6.870787144 9.053984642 0.041269910 -0.009644813 0.022621509 0.998845398
1403638563.377829313 -7.025719166 -6.837971210 9.096607208 0.057084024 0.058603309 0.055646207 0.995093226
1403638563.977829456 -6.482239723 -6.721245289 8.979744911 0.057774089 0.058343936 0.060761780 0.994769394
1403638564.377829313 -6.034512043 -6.632944584 8.757752419 0.062620789 0.044581395 0.049410805 0.995816112
1403638564.577829361 -5.783959389 -6.595883846 8.603874207 0.061816860 0.040216431 0.046696268 0.996183097
1403638564.627829552 -5.718229294 -6.581483841 8.559340477 0.060740631 0.038884964 0.048293833 0.996226013
1403638564.777829409 -5.520043850 -6.537906170 8.428756714 0.057929188 0.036127836 0.056598037 0.996060073
1403638564.977829456 -5.233335972 -6.442085743 8.257100105 0.058839045 0.035079595 0.062190622 0.995710671
1403638565.177829266 -4.932356834 -6.279418945 8.087828636 0.056433164 0.034236494 0.064109266 0.995757580
1403638565.277829409 -4.770035744 -6.186942577 8.000595093 0.054445267 0.034916159 0.063056663 0.995911896
1403638565.427829504 -4.521208286 -6.029624462 7.869567871 0.052694667 0.036868196 0.059440523 0.996158063
1403638565.577829361 -4.267208099 -5.885457039 7.724852085 0.057611164 0.043102436 0.052122951 0.996045351
1403638565.727829456 -4.004465103 -5.748566628 7.567439556 0.056670815 0.052587356 0.035247259 0.996383786
1403638565.977829456 -3.568701029 -5.535637379 7.272200108 0.046599220 0.060670819 0.024731917 0.996762693
1403638566.127829552 -3.320407867 -5.401225090 7.090221405 0.044712406 0.061403535 0.025592126 0.996782541
1403638566.327829599 -3.005851507 -5.191935062 6.860446453 0.043771349 0.061181668 0.026075473 0.996825457
1403638566.377829313 -2.935345411 -5.139414310 6.800456047 0.043342326 0.061383154 0.024623575 0.996868730
1403638566.427829504 -2.854663372 -5.080339909 6.747420788 0.043736216 0.060317490 0.025243089 0.996901095
1403638566.527829409 -2.707092047 -4.965048790 6.634556770 0.042938847 0.058428936 0.026098039 0.997026205
1403638566.627829552 -2.566004515 -4.837391376 6.524496078 0.031848632 0.055976477 0.026429992 0.997573972
1403638566.777829409 -2.352507114 -4.628537655 6.368629932 0.001928940 0.053260222 0.024712453 0.998273015
1403638566.977829456 -2.075181961 -4.357290745 6.187406063 -0.019028412 0.049304549 0.022198685 0.998355806
1403638567.477829456 -1.433221340 -3.717235088 5.852732182 0.034590412 0.055678546 0.011534923 0.997782767
1403638567.977829456 -0.885956764 -3.180415869 5.514325619 0.010638751 0.063315190 0.013557341 0.997844756
1403638568.977829456 -0.148184285 -2.605738163 4.987512589 0.003229452 0.069067955 0.005625572 0.997590899
1403638571.677829266 0.530635238 -1.994287491 4.694825649 0.031521711 0.276228458 0.130425319 0.951679289
1403638572.427829504 1.186515927 -1.728032827 4.227816582 0.006704838 0.414038271 0.188769430 0.890445650
1403638573.177829266 2.035637856 -1.547804952 3.710480690 -0.019774942 0.448177963 0.182619691 0.874868870
1403638573.777829409 2.810688257 -1.544997931 3.458903313 -0.024557900 0.459005445 0.176968813 0.870283246
1403638574.077829361 3.235567570 -1.598302841 3.400483131 0.013774965 0.507952273 0.192808762 0.839416206
1403638574.377829313 3.642296314 -1.599407434 3.347171068 0.038730979 0.567018569 0.232130304 0.789370179
1403638574.827829599 4.198098183 -1.559170961 3.192739725 0.014436111 0.629506409 0.241274312 0.738444388
1403638575.477829456 4.921442032 -1.464497566 2.932636261 0.005565282 0.617413998 0.266264111 0.740184009
1403638576.077829361 5.685590744 -1.397069216 2.641449928 -0.022475086 0.612322092 0.251739979 0.749121904
1403638576.627829552 6.508225441 -1.447597742 2.431021214 -0.038723052 0.621271908 0.229965121 0.748089492
1403638577.127829552 7.309192657 -1.464659691 2.439813137 -0.004739955 0.623022139 0.228633732 0.748029113
1403638577.477829456 7.842798233 -1.542649269 2.490234375 -0.015894860 0.626962006 0.216938421 0.748066723
1403638577.777829409 8.284345627 -1.624537230 2.577414036 -0.012063731 0.622615039 0.226729006 0.748865128
1403638578.027829409 8.636134148 -1.671239376 2.684562683 -0.011518043 0.621867776 0.224708423 0.750102639
1403638578.327829599 9.052740097 -1.774622202 2.824660778 0.008422310 0.614166975 0.242010459 0.751105130
1403638578.477829456 9.255215645 -1.822376013 2.896115780 0.009527030 0.614662647 0.242233247 0.750614524
1403638578.677829266 9.521016121 -1.864377260 2.985787392 0.009406096 0.616298497 0.240291044 0.749898612
1403638578.827829599 9.717123032 -1.883021355 3.056980133 0.000672646 0.619470835 0.232045889 0.749940097
1403638579.027829409 9.971679688 -1.908189058 3.154501915 -0.002858239 0.621676445 0.224526063 0.750398755
1403638579.377829313 10.398931503 -2.017251253 3.322257042 0.005939854 0.617465973 0.231674999 0.751682997
1403638579.627829552 10.674377441 -2.101646900 3.439484596 0.026420556 0.610979915 0.231538549 0.756568134
1403638579.827829599 10.885026932 -2.131538391 3.543645859 0.026478436 0.587180197 0.204990804 0.782621920
1403638580.027829409 11.066866875 -2.152213812 3.653286934 0.020621866 0.533869028 0.178907275 0.826166391
1403638580.177829266 11.191770554 -2.161852360 3.745223999 0.035950631 0.481974155 0.149240717 0.862633049
1403638580.477829456 11.343773842 -2.152922630 3.887996912 0.035314195 0.370867759 0.131546497 0.918643296
1403638580.677829266 11.426349640 -2.129673719 3.979858875 0.027989287 0.328921199 0.126805335 0.935386479
1403638581.977829456 11.991993904 -2.350541592 4.321157455 0.042323463 0.318172127 0.098791897 0.941921115
1403638582.777829409 12.073770523 -2.635765076 4.360564232 0.026524460 0.317548543 0.101931386 0.942374349
1403638583.127829552 12.036038399 -2.818829298 4.345561028 0.013143713 0.318328619 0.106102437 0.941932261
1403638583.627829552 11.945314407 -2.983530760 4.385726929 0.009863752 0.318324715 0.107389063 0.941827834
1403638583.977829456 11.861859322 -3.118431807 4.436010361 0.011713687 0.319190055 0.104701601 0.941816390
1403638584.527829409 11.649678230 -3.210469723 4.562101364 0.054500889 0.323674709 0.091007143 0.940203190
1403638584.877829313 11.411975861 -3.255842686 4.574833870 0.026920974 0.317989111 0.103523940 0.942040861
1403638585.177829266 11.186643600 -3.288403034 4.563253403 0.018907957 0.315985113 0.110026076 0.942173123
1403638585.677829266 10.797384262 -3.303936005 4.572052956 0.017321169 0.315592229 0.108876586 0.942468822
1403638585.927829504 10.597713470 -3.362690449 4.569823265 0.000369106 0.312780172 0.117759101 0.942497373
1403638586.477829456 10.210422516 -3.483987331 4.603920460 0.025546832 0.323689431 0.098010279 0.940726578
1403638586.827829599 9.943724632 -3.503321886 4.647225380 0.027176142 0.320808500 0.105624199 0.940843761
1403638587.177829266 9.646790504 -3.478706121 4.712040424 0.025651990 0.319821507 0.105821133 0.941200316
1403638587.327829599 9.514765739 -3.478044748 4.728222847 0.020662328 0.319356859 0.106321730 0.941424429
1403638587.627829552 9.247034073 -3.487303734 4.758509636 0.020280376 0.318399787 0.110882081 0.941230893
1403638587.877829313 9.026406288 -3.475115776 4.791421413 0.021098657 0.318692654 0.112604983 0.940909088
1403638588.027829409 8.892676353 -3.461279392 4.810531139 0.021713788 0.318972290 0.112513475 0.940811276
1403638588.127829552 8.806787491 -3.441102028 4.829586029 0.021005999 0.320483804 0.108762212 0.940754831
1403638588.427829504 8.540877342 -3.399098396 4.871116638 0.017983608 0.322787493 0.099921547 0.941010416
1403638588.827829599 8.160805702 -3.437370539 4.893594742 0.023443442 0.319196224 0.108338594 0.941183805
1403638589.027829409 7.969214439 -3.445275068 4.906095982 0.023472950 0.319258928 0.110725887 0.940883934
1403638589.277829409 7.731721878 -3.427330017 4.925361156 0.024254708 0.320179880 0.108757548 0.940780759
1403638589.427829504 7.587116241 -3.413309336 4.933925629 0.023394981 0.319869578 0.109533526 0.940818071
1403638589.477829456 7.537425041 -3.408025980 4.936972141 0.022733564 0.320167094 0.109104298 0.940782905
1403638589.627829552 7.392875195 -3.407215118 4.936649323 0.023019522 0.319802999 0.109080940 0.940902531
1403638589.777829409 7.246294975 -3.412995815 4.930517197 0.019232742 0.319900274 0.110053241 0.940841258
1403638589.927829504 7.102193356 -3.419198036 4.919504166 0.017537788 0.320583731 0.110606655 0.940576792
1403638590.127829552 6.912230968 -3.411720276 4.918426514 0.018665463 0.321269184 0.112236507 0.940128088
1403638590.477829456 6.579059124 -3.362350702 4.915668488 0.018137077 0.322207600 0.112991743 0.939726651
1403638590.927829504 6.167995453 -3.336448431 4.897142410 0.010207000 0.320273936 0.117615946 0.939939857
1403638591.477829456 5.730086803 -3.367435694 4.882704735 -0.024463255 0.315759510 0.132288426 0.939253569
1403638592.377829313 5.418351650 -3.478826761 5.160464764 0.018365350 0.294509262 0.127163053 0.946972311
1403638593.227829456 5.469492912 -3.921758652 5.358623505 -0.004545346 0.233260229 0.098269589 0.967425525
1403638593.827829599 5.609365940 -4.240743637 5.588067055 0.029295469 0.249871358 0.071913943 0.965160370
1403638594.527829409 5.607425690 -4.554745197 5.727712631 0.034269631 0.222807825 0.060178246 0.972399533
1403638595.477829456 5.413642883 -4.830872536 5.728987694 0.023786154 0.219722390 0.077248901 0.972208321
1403638596.827829599 4.763891220 -4.872529984 5.763206959 0.005831191 0.248265952 -0.013374696 0.968582034
1403638597.177829266 4.236683369 -5.019275188 5.831269264 0.013032567 0.253263146 -0.020756235 0.967086911
1403638597.527829409 3.528155088 -5.118544579 5.981339455 0.035489660 0.246527016 0.008958437 0.968444467
1403638597.777829409 2.940322876 -5.167144299 6.096656322 0.040807549 0.243217707 0.016240845 0.968976855
1403638597.977829456 2.436755896 -5.182516575 6.186962128 0.035748895 0.235692680 -0.003604648 0.971163213
1403638598.127829552 2.024651289 -5.201471329 6.262716293 0.038882405 0.222547054 0.007168601 0.974119902
1403638598.277829409 1.591424108 -5.241721630 6.318553448 0.038356837 0.206402868 0.035054114 0.977086425
1403638598.477829456 1.014740467 -5.270356178 6.398220062 0.033130243 0.198052734 0.049845275 0.978362381
1403638598.677829266 0.457315922 -5.276736259 6.454177380 0.028429361 0.183305025 0.046732638 0.981533051
1403638598.827829599 0.035986707 -5.277012348 6.501506329 0.029490367 0.163151130 0.039355397 0.985374629
1403638598.977829456 -0.392333508 -5.278793812 6.547230244 0.029195754 0.138372153 0.028119886 0.989550412
1403638599.077829361 -0.659042835 -5.287956715 6.564438820 0.030160056 0.118616916 0.021225300 0.992254972
1403638599.177829266 -0.926222682 -5.298390865 6.581723213 0.030946361 0.098541208 0.013480661 0.994560361
1403638599.277829409 -1.192694068 -5.307871342 6.592032909 0.030096671 0.078642391 0.003904955 0.996440828
1403638599.427829504 -1.596278429 -5.339112282 6.608152866 0.025013188 0.051171441 -0.007583376 0.998347819
1403638599.677829266 -2.274654150 -5.378702641 6.648948669 0.018091697 0.029604774 -0.015125017 0.999283493
1403638599.877829313 -2.789451122 -5.400843620 6.674752235 0.015260975 0.027132606 -0.012584178 0.999436140
1403638599.927829504 -2.909573078 -5.404138088 6.686152458 0.014330468 0.026573054 -0.009306593 0.999500811
1403638600.027829409 -3.163531303 -5.409581661 6.709487438 0.015403478 0.025868004 -0.001026870 0.999546170
1403638600.177829266 -3.544656277 -5.405817986 6.753883839 0.010324727 0.021868944 0.020921975 0.999488592
1403638600.227829456 -3.662544250 -5.404565811 6.766413212 0.007174740 0.020368926 0.028103182 0.999371707
1403638600.327829599 -3.900071621 -5.399497032 6.799289227 0.003675362 0.018098103 0.041070551 0.998985589
1403638600.477829456 -4.233371735 -5.399950027 6.850998402 0.000260542 0.015724653 0.055500723 0.998334765
1403638600.827829599 -4.874037266 -5.466414452 6.993853092 -0.013875149 0.018359989 0.052745499 0.998342812
1403638601.227829456 -5.435549736 -5.596135616 7.228466511 -0.012921498 0.034398366 -0.002508579 0.999321520
1403638601.377829313 -5.638989925 -5.643268585 7.347218513 0.003139903 0.032429196 -0.011108834 0.999407351
1403638601.627829552 -5.987207413 -5.754302025 7.541126251 0.021221718 -0.006567881 -0.017962601 0.999591827
1403638601.827829599 -6.259104252 -5.859339714 7.684991837 0.028525423 -0.056414198 -0.045935355 0.996942163
1403638602.027829409 -6.534108162 -5.969398022 7.822157383 0.032066751 -0.105928533 -0.070651494 0.991342127
1403638602.177829266 -6.742524147 -6.040025711 7.919646740 0.036107156 -0.128288314 -0.083506607 0.987555087
1403638602.377829313 -7.049364090 -6.125104427 8.040816307 0.055652630 -0.169092685 -0.092246749 0.979694307
1403638602.477829456 -7.201447010 -6.168829918 8.087989807 0.084886573 -0.201466590 -0.078817263 0.972621858
1403638602.627829552 -7.419876099 -6.232579231 8.133498192 0.117397457 -0.245964959 -0.060282677 0.960252583
1403638603.027829409 -7.812469006 -6.388473511 8.063000679 0.097620361 -0.335348815 -0.085406877 0.933122277
1403638603.977829456 -8.048049927 -6.309750557 7.615579128 0.086156271 -0.378513038 -0.156037286 0.908271670
1403638604.527829409 -8.028236389 -6.074557781 7.163214684 0.055484425 -0.378817260 -0.153312489 0.910996258
1403638605.077829361 -7.934451103 -5.849326134 6.573624611 0.016277090 -0.379126698 -0.152575761 0.912534237
1403638605.927829504 -7.917907715 -5.600515366 5.749981880 0.057257898 -0.363386631 -0.194040552 0.909406424
1403638606.477829456 -8.119441986 -5.350686073 5.058205605 0.027816432 -0.361868024 -0.185901195 0.913081884
1403638606.777829409 -8.302831650 -5.132067680 4.684148312 -0.003898376 -0.380454123 -0.181517586 0.906802535
1403638608.327829599 -9.705885887 -4.175232887 3.582311630 0.040829975 -0.475530088 -0.174896762 0.861170828
1403638608.677829266 -9.945089340 -3.884605408 3.493749619 0.049396113 -0.475926131 -0.169917926 0.861499965
1403638609.277829409 -10.203031540 -3.502867937 3.316715240 0.029143263 -0.479712039 -0.161424249 0.861956656
1403638610.627829552 -10.276373863 -2.733887672 3.248503685 0.061876874 -0.480257332 -0.156431571 0.860844553
1403638611.827829599 -9.536636353 -2.202368259 3.168431759 0.042711187 -0.474157959 -0.182126835 0.860337079
1403638612.377829313 -9.094019890 -2.007722378 3.064599514 0.029371327 -0.474858820 -0.174245998 0.862139702
1403638612.927829504 -8.643937111 -1.810234904 2.987799168 0.048510980 -0.463847637 -0.179365784 0.866210103
1403638613.477829456 -8.183027267 -1.681092620 2.827567101 0.041672695 -0.461614102 -0.177635193 0.868113816
1403638613.977829456 -7.746493340 -1.499589562 2.686751127 0.052538443 -0.437224865 -0.149421200 0.885295153
1403638614.277829409 -7.443285942 -1.344877243 2.606284380 0.044334833 -0.383585662 -0.138111040 0.912042677
1403638614.577829361 -7.132690430 -1.253412008 2.498620033 0.036437646 -0.355277598 -0.124840409 0.925670087
1403638614.727829456 -6.970625401 -1.230716944 2.430235386 0.030762050 -0.341013461 -0.109818205 0.933114946
1403638614.927829504 -6.745473385 -1.232263565 2.345239639 0.014663494 -0.308109164 -0.090048641 0.946966231
1403638615.127829552 -6.504992008 -1.266605735 2.270217419 0.013962784 -0.255103797 -0.074649952 0.963926613
1403638615.327829599 -6.252746105 -1.326709628 2.217939615 0.029627981 -0.190778464 -0.063309610 0.979141295
1403638615.577829361 -5.934192657 -1.373628616 2.152040243 0.035884406 -0.114859939 -0.037084956 0.992040455
1403638615.877829313 -5.563891888 -1.420909405 2.073772430 0.035119183 -0.069989718 -0.017653350 0.996773005
1403638616.327829599 -5.008198738 -1.418310642 1.961737871 0.032866608 0.001713536 0.013047976 0.999373138
1403638616.777829409 -4.470414162 -1.225957274 1.924966693 0.003449893 0.059401222 0.047354043 0.997104406
1403638618.277829409 -2.637101173 -1.434474349 2.161798954 -0.001649348 0.050544839 0.012216087 0.998645723
1403638618.927829504 -2.001066208 -1.720908999 2.545238018 0.008204697 0.065987296 0.013629821 0.997693658
1403638619.227829456 -1.742999315 -1.861963749 2.769280672 0.022301216 0.123337433 0.033465210 0.991549611
1403638619.377829313 -1.628609896 -1.905715942 2.890076399 0.024805564 0.163072735 0.051569100 0.984953105
1403638619.427829504 -1.590424776 -1.916846633 2.928707838 0.026037097 0.173978552 0.057575002 0.982720017
1403638619.527829409 -1.520435691 -1.933074713 3.015725136 0.028439976 0.191218719 0.068139844 0.978766382
1403638619.677829266 -1.420278549 -1.956462979 3.139208317 0.031762481 0.203833550 0.088521026 0.974477828
1403638620.127829552 -1.100595951 -1.989170551 3.458630800 0.041156553 0.217676610 0.105490170 0.969430149
1403638620.677829266 -0.666135430 -2.066635132 3.678117752 0.033237286 0.217328563 0.096101530 0.970787406
1403638621.277829409 -0.176077947 -2.078460455 3.850099564 0.030844485 0.212114945 0.076242201 0.973777711
1403638622.027829409 0.313055396 -2.038412333 4.002541065 0.052704453 0.209540948 0.063818038 0.974290609
1403638624.127829552 0.520736158 -1.638055563 2.969092131 0.035592295 0.217224345 0.077927284 0.972354949
1403638624.777829409 0.426974863 -1.367974281 2.429508209 0.048705049 0.216724843 0.077180974 0.971957445
1403638624.977829456 0.394691855 -1.286164880 2.234021187 0.036642771 0.205974683 0.071925946 0.975222230
1403638625.227829456 0.348377347 -1.193625569 1.985279083 0.035132956 0.192462504 0.079768822 0.977425635
1403638625.377829313 0.323777914 -1.123862267 1.840056419 0.035225473 0.190078199 0.079193421 0.977935493
1403638625.577829361 0.295072585 -1.052070141 1.639091730 0.035458565 0.189269677 0.078272089 0.978158057
1403638625.727829456 0.273439527 -1.011542916 1.479521632 0.028401071 0.189178437 0.079110883 0.978338599
1403638625.827829599 0.265496194 -0.983647466 1.375871897 0.020711981 0.188831776 0.080576055 0.978479028
1403638626.227829456 0.240473688 -0.832365632 0.999910951 0.016455697 0.190782756 0.081660390 0.978091359
1403638626.977829456 0.228309140 -0.518597424 0.451875657 0.002949529 0.193209499 0.071071863 0.978575587
1403638627.627829552 0.231993437 -0.345271349 0.161857054 0.007591644 0.194605291 0.063669816 0.978783607
1403638627.977829456 0.231730357 -0.251217812 0.083585940 0.011268361 0.196834013 0.061004736 0.978472233
1403638628.027829409 0.227145657 -0.240877703 0.072352529 0.009882419 0.197438404 0.060684294 0.978385329
1403638628.127829552 0.224172443 -0.218620420 0.056603163 0.008057512 0.198032156 0.061022330 0.978260994
1403638628.227829456 0.218030363 -0.200538576 0.044538885 0.007576320 0.198701203 0.061265938 0.978113949
1403638628.327829599 0.210518733 -0.186176583 0.035278898 0.006199775 0.198839337 0.062468074 0.978019536
1403638628.477829456 0.194626480 -0.173247039 0.025587413 0.011044914 0.196644157 0.070052542 0.977906823
1403638629.027829409 0.162611350 -0.130941957 -0.002116275 0.025387807 0.197630614 0.071424358 0.977341354
1403638629.177829266 0.158435419 -0.115670852 -0.011900998 0.022093115 0.199348852 0.065736167 0.977471590
1403638629.327829599 0.150681794 -0.106717147 -0.022545345 0.019602984 0.199905559 0.064070553 0.977521598
1403638629.427829504 0.143541127 -0.102647685 -0.027431162 0.012383862 0.199854255 0.065550387 0.977552116
1403638630.327829599 0.127466232 -0.015555459 0.034673501 0.025396708 0.202563703 0.068287089 0.976555109
1403638630.427829504 0.123993553 -0.023073964 0.050293781 0.013525364 0.195615396 0.077692777 0.977504730
1403638630.677829266 0.112144604 -0.016825195 0.081620224 -0.004576617 0.195141390 0.066620328 0.978499174
1403638630.777829409 0.132774994 -0.010451137 0.067876048 -0.013893813 0.192086220 0.063185021 0.979243338
1403638630.827829599 0.154168680 0.070136391 0.058179859 -0.006383156 0.189960897 0.067188308 0.979469180
1403638631.177829266 0.134470671 -0.021562435 0.082262076 -0.011296907 0.189897239 0.065387756 0.979559064
