1403637130.538319111 0.000000000 0.000000000 0.000000000 -0.000000000 -0.000000000 -0.000000000 1.000000000
1403637133.488318920 0.002848008 -0.020026539 -0.011608647 -0.008921145 0.010852939 -0.003403101 0.999895513
1403637134.238319159 0.006036670 -0.299508870 -0.084409229 -0.021479517 0.067674592 -0.015420264 0.997357011
1403637135.188318968 0.033362061 -0.058211263 -0.024825392 -0.080214515 0.061358452 0.007065349 0.994862258
1403637135.438319206 0.032350950 -0.149044618 -0.047945797 -0.082990728 0.068394288 -0.000662328 0.994200349
1403637135.688318968 0.024182115 -0.357918859 -0.084953412 -0.026564222 0.084592834 -0.016245348 0.995928943
1403637136.538319111 0.033849861 -0.097895876 -0.017676048 -0.102760404 0.075069927 0.010772614 0.991810858
1403637136.938319206 0.026427707 -0.280917615 -0.066505760 -0.078027233 0.077678598 0.002540537 0.993917167
1403637137.188318968 0.021527681 -0.476983249 -0.110130928 -0.017881060 0.093227699 0.011064541 0.995422721
1403637137.938319206 0.035938654 -0.086041905 -0.021090334 -0.102293648 0.080691263 0.002724491 0.991472423
1403637137.988318920 0.036928765 -0.078471579 -0.022368817 -0.111472741 0.079792924 0.001372629 0.990557969
1403637138.038319111 0.037899494 -0.083070450 -0.024976930 -0.119060174 0.079539582 0.001692598 0.989694536
1403637138.688318968 0.033555135 -0.467466980 -0.103150763 0.004433673 0.102851160 -0.018110065 0.994522035
1403637139.888319016 0.043810055 -0.012149584 0.043180782 -0.031964108 0.045450371 0.001503983 0.998453975
1403637140.338319063 0.051720828 -0.009689447 0.037937582 -0.003253563 0.063333675 0.014717933 0.997878551
1403637149.588319063 0.051406570 -0.009076964 0.035527598 -0.008629058 0.052387826 0.013497707 0.998498321
1403637149.838319063 0.053570684 -0.007197591 0.030165039 -0.027982453 0.036483921 0.006498269 0.998921275
1403637150.138319016 0.087161168 -0.024164133 0.023536012 -0.080860920 0.048186135 -0.017081453 0.995413423
1403637151.338319063 0.273648202 -0.363090187 0.244564474 -0.030559657 0.068458259 -0.016514268 0.997049093
1403637151.738319159 0.321610123 -0.492802918 0.276643723 -0.040946752 0.064138509 -0.015576450 0.996978939
1403637152.438319206 0.428292334 -0.637348235 0.362084210 -0.047252730 0.061339673 -0.014111382 0.996897995
1403637153.738319159 0.706313550 -0.785819054 0.595532835 -0.044770386 0.063713640 -0.023321472 0.996690691
1403637155.038319111 1.042461753 -0.814653337 0.942967951 -0.064726397 0.105783239 -0.010676204 0.992222965
1403637155.838319063 1.289030075 -0.985876620 1.294641376 -0.025922952 0.194947183 0.045281000 0.979424953
1403637156.188318968 1.441738248 -0.969244838 1.434573293 -0.021308539 0.271440327 0.077396341 0.959101617
1403637156.488318920 1.612585306 -0.946637571 1.511063099 -0.014204663 0.347392261 0.106846392 0.931504607
1403637156.888319016 1.888800979 -0.864139080 1.548712254 -0.020427732 0.436893761 0.118760347 0.891404867
1403637157.838319063 2.672050476 -0.719803810 1.485654831 -0.017234450 0.431112051 0.136445209 0.891755641
1403637158.388319016 3.246745110 -0.727865934 1.280512571 -0.011678901 0.448693693 0.113224804 0.886407197
1403637158.738319159 3.606819153 -0.710418522 1.098469019 0.003169121 0.502634585 0.147534981 0.851810992
1403637159.188318968 4.059751511 -0.639772952 0.800107479 -0.013482882 0.542090476 0.157651260 0.825289249
1403637159.838319063 4.730342388 -0.455477715 0.306425333 -0.023054024 0.537204087 0.144465238 0.830668449
1403637160.338319063 5.294948578 -0.336554527 -0.101761341 -0.004610755 0.617219687 0.168893114 0.768435895
1403637160.788318872 5.765326500 -0.137229800 -0.446177959 -0.020315200 0.713013530 0.199124768 0.671973467
1403637161.488318920 6.508224010 -0.131379128 -1.006726742 0.015866520 0.722424626 0.231089637 0.651497245
1403637162.138319016 7.131441593 -0.140318155 -1.716348648 0.042781461 0.774915993 0.174201503 0.606076658
1403637163.038319111 7.352522850 0.134868622 -2.682638168 0.049380071 0.808375716 0.194179833 0.553520083
1403637163.638319016 7.086419106 0.444782019 -3.275517464 0.053081829 0.885786653 0.249345019 0.387803257
1403637164.288318872 6.442459106 0.571063519 -3.956928253 0.060165845 0.888558745 0.264399916 0.370048761
1403637164.838319063 5.688928127 0.721467018 -4.670360565 0.038781159 0.884820998 0.258174300 0.385919631
1403637165.188318968 5.169086456 0.909841776 -5.141197205 0.030426981 0.908361375 0.243613094 0.338535815
1403637165.488318920 4.714304447 1.045173168 -5.500821114 0.021209680 0.921405554 0.271758705 0.276964277
1403637165.788318872 4.282259464 1.123811722 -5.850628853 -0.013198316 0.929447949 0.274029762 0.246698216
1403637166.138319016 3.866843224 1.254918575 -6.193899155 -0.051323619 0.927305520 0.261307180 0.263037920
1403637168.088319063 3.929715395 1.360317469 -5.550197124 -0.023988426 0.890200973 0.269530475 0.366497278
1403637168.688318968 4.497994900 1.387926817 -4.889385223 -0.002953648 0.891082823 0.245084092 0.381963998
1403637169.238319159 5.039207458 1.379915118 -4.263057709 -0.029779198 0.889276445 0.237526730 0.389720082
1403637169.688318968 5.535837173 1.220006704 -3.681575298 -0.027395677 0.842665792 0.190547243 0.502847612
1403637170.288318872 6.122860432 0.997880995 -2.675373554 -0.037609912 0.748830795 0.134258077 0.647929549
1403637170.688318968 6.413955212 0.903956056 -1.824810982 0.035311792 0.659001112 0.108458750 0.743442893
1403637171.388319016 6.391458511 0.712256670 -0.521651268 0.022176718 0.487305880 0.077242337 0.869525671
1403637172.638319016 5.027418137 0.358762234 1.014601946 0.016749816 0.487144738 0.142309368 0.861485660
1403637173.188318968 4.308238983 0.238287926 1.296872139 -0.044580355 0.518740952 0.217472523 0.825606525
1403637173.988318920 4.024426937 0.459935427 1.321373463 -0.015609697 0.650262654 0.283471346 0.704669297
1403637174.988318920 4.295478821 0.502015233 0.395542145 0.030863155 0.760614216 0.221082091 0.609619677
1403637175.688318968 4.155929565 0.730153859 -0.459517002 0.060564730 0.795681953 0.237371162 0.553964853
1403637176.288318872 3.702906132 0.896586061 -1.348615408 0.047619142 0.803049088 0.194864392 0.561134994
1403637177.138319016 2.695317507 1.286873102 -2.527859449 -0.002097912 0.813673198 0.275088608 0.512111068
1403637177.988318920 2.170985937 1.862261772 -3.791102171 -0.051761854 0.840998828 0.261424333 0.470849246
1403637180.188318968 4.108734608 2.235202074 -4.493911266 -0.020513600 0.886897981 0.225344107 0.402754545
1403637181.338319063 5.524609089 1.903948069 -3.604622841 -0.008054219 0.892613113 0.230575278 0.387313843
1403637182.238319159 6.664001465 1.093461275 -2.588425636 0.022632590 0.897811711 0.227403656 0.376443207
1403637183.538319111 7.188865662 0.272163510 -0.691630363 0.085783571 0.889563680 0.232065305 0.384009540
1403637184.888319016 5.336556435 0.309502602 0.695271015 0.011973364 0.872325480 0.303813040 0.382887065
1403637185.488318920 4.482607365 0.293985009 0.737600803 -0.018480040 0.866982996 0.320984542 0.380746633
1403637186.438319206 3.719383717 0.127586246 0.250535011 0.005473032 0.889890730 0.256300211 0.377325892
1403637187.288318872 3.152110815 0.014896512 -0.218492985 0.040816106 0.884216607 0.284791738 0.367952079
1403637187.888319016 2.721965551 0.220674157 -0.701483727 0.007381471 0.884970963 0.310060382 0.347324729
1403637188.838319063 2.394016743 0.755059361 -1.724277258 0.044579834 0.911991179 0.271705449 0.304073751
1403637189.838319063 1.984448910 1.383477926 -2.788368940 0.019638101 0.922561288 0.274235219 0.270721376
1403637190.438319206 1.695790529 1.484320879 -3.452371597 0.024736445 0.927063763 0.262246221 0.266772926
1403637191.088319063 1.371910095 1.542177916 -4.010110378 0.024564289 0.916037142 0.254289150 0.309208035
1403637191.788318872 0.996292591 1.705456376 -4.395350456 -0.001401952 0.912976086 0.264915794 0.310310096
1403637193.038319111 0.972514868 1.424914360 -4.876202583 -0.006233089 0.908690333 0.285958141 0.304090559
1403637194.038319111 1.521627665 1.276014090 -5.510571480 -0.011642462 0.913101614 0.270420432 0.304930806
1403637195.088319063 2.455125332 1.252518415 -6.101867199 -0.003125508 0.913751721 0.274787247 0.299232364
1403637196.138319016 3.540083647 1.215143919 -6.474977493 -0.039645880 0.917557478 0.221273869 0.327954769
1403637196.538319111 4.003955364 1.168805838 -6.371543884 -0.047971670 0.927912831 0.180562556 0.322604448
1403637196.838319063 4.380899429 1.135753036 -6.094688892 -0.029260436 0.926854074 0.193273053 0.320516616
1403637197.088319063 4.699711323 1.095351577 -5.761310577 -0.006951449 0.923286498 0.201764449 0.326779544
1403637197.288318872 4.939099312 1.033309221 -5.444253922 0.003911907 0.906612098 0.216681018 0.362061501
1403637197.488318920 5.154262543 0.934114456 -5.102556229 0.002358329 0.877376080 0.223070905 0.424788326
1403637197.638319016 5.306976318 0.834918618 -4.837018967 -0.012428056 0.847749829 0.216018498 0.484253943
1403637197.888319016 5.537682056 0.645901322 -4.412230492 -0.027656753 0.796078980 0.180239066 0.577067912
1403637198.238319159 5.827469826 0.288625300 -3.761697769 -0.034507781 0.728385866 0.146188945 0.668499827
1403637198.538319111 6.025482178 -0.069672704 -3.153456688 -0.039910249 0.690197825 0.105277486 0.714808226
1403637198.888319016 6.195279121 -0.334570408 -2.343730450 -0.025285177 0.683637977 0.088187814 0.724032283
1403637199.088319063 6.227423668 -0.454918087 -1.823360920 0.008140228 0.673468947 0.100929469 0.732247591
1403637199.338319063 6.192445755 -0.616725028 -1.143132687 0.010499684 0.640280247 0.106393188 0.760665238
1403637199.588319063 6.087395668 -0.803013325 -0.475185633 0.010102343 0.591024280 0.085466780 0.802049696
1403637199.838319063 5.909044743 -0.937046647 0.161164522 0.038947433 0.521451473 0.085420489 0.848100722
1403637200.038319111 5.720246315 -0.963277102 0.651226759 0.081429087 0.446361542 0.085512303 0.887027800
1403637200.238319159 5.501245975 -0.938068271 1.085685015 0.088544488 0.374854237 0.062163658 0.920749664
1403637200.388319016 5.311143875 -0.900117338 1.340042233 0.042745709 0.344069928 0.040178500 0.937109590
1403637200.638319016 4.969712257 -0.832675993 1.691525698 0.000415598 0.314341843 0.052244361 0.947871089
1403637200.888319016 4.615123272 -0.821287513 1.965900183 0.006889708 0.317350984 0.074544936 0.945348620
1403637201.438319206 3.898199081 -0.878203034 2.322555542 0.008404691 0.357064575 0.131842360 0.924690187
1403637209.688318968 2.648114204 -0.467844188 0.586643875 -0.084080897 0.353895426 0.080588803 0.928005338
1403637211.538319111 3.765838861 -0.597233772 2.654982805 -0.027922545 0.355221391 0.083584607 0.930619001
1403637212.038319111 4.368092060 -0.645620584 3.362125397 -0.046133373 0.351200849 0.101243012 0.929666340
1403637212.388319016 4.824587345 -0.789566576 3.797135830 -0.014656069 0.361222923 0.077364720 0.929149091
1403637212.638319016 5.122845650 -0.918557823 4.060283184 -0.030390589 0.364160657 0.081864893 0.927233279
1403637212.888319016 5.415466785 -1.058610797 4.310619831 -0.044936284 0.365939915 0.079916261 0.926111281
1403637213.238319159 5.816801548 -1.260654688 4.669119835 -0.045570068 0.360508651 0.080684081 0.928141713
1403637213.388319016 5.988135338 -1.325371861 4.832445145 -0.042674001 0.359657794 0.079826035 0.928683460
1403637213.588319063 6.220523834 -1.404567599 5.047185898 -0.037993893 0.362840235 0.068085574 0.928583741
1403637213.788318872 6.438964844 -1.456536889 5.270280838 -0.047795638 0.367620170 0.050341338 0.927381694
1403637214.088319063 6.734418869 -1.519606352 5.628925323 -0.040354416 0.360796750 0.044024609 0.930730402
1403637214.388319016 6.957234383 -1.640320301 5.995417118 -0.017637985 0.316957086 0.032068670 0.947733462
1403637214.738319159 7.113519192 -1.827191949 6.376331329 -0.014086176 0.255015433 -0.039960857 0.966008186
1403637215.138319016 7.057711124 -2.050600529 6.775768757 -0.002818475 0.234344229 -0.051629722 0.970777631
1403637215.438319206 6.842550278 -2.147692919 7.052546978 0.019482139 0.211833149 -0.034095291 0.976516604
1403637215.638319016 6.638546944 -2.187497854 7.189965248 0.034045450 0.168196678 -0.031759195 0.984653354
1403637215.838319063 6.379916191 -2.227512836 7.268268585 0.008330983 0.113917738 -0.040091999 0.992645979
1403637216.088319063 6.024058342 -2.295126677 7.294083595 -0.012393602 0.054044086 -0.038066298 0.997735739
1403637216.488318920 5.477918625 -2.362286091 7.262700081 0.001418535 0.010925367 -0.033488549 0.999378383
1403637217.288318872 4.586514950 -2.279732704 6.780993938 0.012630562 0.016176505 0.010203750 0.999737322
1403637217.988318920 4.180386543 -1.950453043 5.854478836 0.019580182 -0.045222066 -0.063720271 0.996750414
1403637218.488318920 3.959841967 -1.678544760 4.928373814 0.004668269 -0.087692514 -0.074845463 0.993320942
1403637218.838319063 3.808329344 -1.460804582 4.201514244 -0.009003656 -0.081057973 -0.077756092 0.993631005
1403637219.188318968 3.644757748 -1.139781594 3.456792355 -0.012021763 -0.070715837 -0.096635953 0.992731750
1403637219.488318920 3.450995207 -0.882114708 2.792771339 -0.027616676 -0.070593119 -0.086735979 0.993343294
1403637219.888319016 3.141569138 -0.633416116 1.921596408 -0.066354096 -0.068100467 -0.079291746 0.992306590
1403637220.988318920 2.180677414 -0.478644371 0.046078742 -0.059684977 -0.071431838 -0.047114503 0.994542837
1403637221.588319063 1.833675742 -0.284788847 -0.600854218 -0.071146734 -0.005044649 -0.029566525 0.997014821
1403637221.988318920 1.667708635 -0.103147760 -0.871480346 -0.075020745 0.024942681 -0.015310444 0.996752381
1403637222.238319159 1.604220390 0.018449346 -0.974847019 -0.071606427 0.079929374 0.001174683 0.994224548
1403637222.488318920 1.563041329 0.140512377 -1.033981323 -0.043184854 0.118006118 0.007784598 0.992042899
1403637222.988318920 1.503983736 0.256239951 -1.160124540 -0.063541420 0.130820289 0.012339516 0.989290833
1403637223.688318968 1.493170857 0.065700687 -1.233689189 -0.040557947 0.119191751 -0.002682899 0.992038965
1403637225.488318920 1.442123532 0.179554030 -1.137228727 -0.024998328 0.119134299 -0.012991772 0.992478371
1403637226.238319159 1.270784020 0.098438524 -1.235435009 -0.025432507 0.116222888 -0.014384434 0.992793322
1403637226.438319206 1.207170844 0.083961986 -1.265416384 -0.042510323 0.117299907 -0.015376436 0.992067158
1403637226.888319016 1.050182104 0.099628888 -1.291888356 -0.058605645 0.115988173 -0.010733552 0.991462052
1403637227.438319206 0.895045459 0.100824893 -1.242000937 -0.046849705 0.116306379 0.006973278 0.992083371
1403637229.638319016 0.648242831 0.202858329 -1.201001048 -0.054261524 0.169988021 0.047305223 0.982813299
1403637229.888319016 0.647833765 0.264046073 -1.211221695 -0.047093518 0.250384390 0.054795951 0.965446651
1403637229.988318920 0.658593893 0.289664954 -1.212208390 -0.038510226 0.285142094 0.049902756 0.956410348
1403637230.138319016 0.669341207 0.324699610 -1.209670663 -0.042015851 0.327005565 0.065393455 0.941820443
1403637230.238319159 0.677347124 0.339780599 -1.206544995 -0.046694171 0.348692000 0.075617641 0.933014214
1403637230.288318872 0.680736780 0.342558801 -1.207527161 -0.048830900 0.357320964 0.077489316 0.929479837
1403637230.788318872 0.704830766 0.274782270 -1.203908443 -0.013439699 0.412041724 0.089311548 0.906677723
1403637230.888319016 0.705069959 0.252718717 -1.204751611 -0.024340335 0.430012763 0.109831549 0.895786583
1403637230.988318920 0.707349896 0.235152066 -1.209629774 -0.033165388 0.453340411 0.128684014 0.881375670
1403637231.288318872 0.762463212 0.247880533 -1.222875953 -0.030888362 0.545665622 0.172660559 0.819440842
1403637232.188318968 1.187616944 0.739478588 -1.415507317 0.033359438 0.791194558 0.251308024 0.556545258
1403637232.588319063 1.351822257 0.847168446 -1.714087725 0.045192018 0.846780419 0.265213788 0.458892465
1403637233.238319159 1.451507807 0.926109552 -2.490794659 0.008777938 0.868237078 0.341816097 0.359512419
1403637234.788318872 3.283742905 1.792803884 -4.110059738 -0.025220480 0.885492921 0.190193236 0.423193514
1403637235.288318872 4.180415154 1.919718146 -3.820274830 -0.000033835 0.830974519 0.186401218 0.524152696
1403637235.888319016 5.070678711 1.813416481 -3.325057030 -0.036274474 0.782993317 0.170555636 0.597090065
1403637236.388319016 5.726854324 1.483401775 -2.711809158 -0.059169132 0.722831309 0.117481411 0.678389370
1403637236.788318872 6.157617092 1.097527981 -1.999561548 -0.023603169 0.685015738 0.102983899 0.720826387
1403637236.988318920 6.316270351 0.868545294 -1.580406189 0.013119003 0.664596379 0.082158752 0.742556036
1403637237.138319016 6.388244629 0.691414952 -1.259577990 0.048123147 0.650443614 0.063969366 0.755324483
1403637237.288318872 6.401453972 0.494266093 -0.937815666 0.063897669 0.628271341 0.065160155 0.772623062
1403637237.538319111 6.282394409 0.186267018 -0.449429274 0.066830382 0.599593699 0.072445579 0.794212103
1403637238.088319063 5.593998432 -0.474877119 0.395294666 0.067817099 0.592591286 0.153727829 0.787784338
1403637239.588319063 3.640683413 -0.719081759 -0.480641603 0.010386089 0.783241630 0.323540539 0.530797720
1403637240.138319016 3.469435215 -0.130965352 -1.749219418 0.027630717 0.890650094 0.255595207 0.375033349
1403637246.938319206 6.720054150 -0.052252263 -2.468337536 -0.016997227 0.555932283 0.077729680 0.827410638
1403637251.638319016 3.280051231 -0.757399261 1.599175453 -0.023970809 0.263662726 0.060661033 0.962407231
1403637252.488318920 2.976129055 -0.891819239 1.724278808 -0.014621522 0.236124128 0.042932022 0.970663905
1403637255.338319063 2.276584387 -0.791909814 1.096372962 -0.020215916 0.176922634 0.010551712 0.983960569
1403637256.038319111 1.943355799 -0.725584924 0.816913068 -0.041297756 0.065065846 -0.031791151 0.996519089
1403637257.088319063 1.354353070 -0.599662483 0.410989523 -0.038079239 0.034067076 -0.026873671 0.998332202
1403637257.988318920 0.848519564 -0.506189406 0.100904457 -0.066523977 -0.015852438 -0.046342969 0.996581972
1403637259.538319111 0.100516573 -0.369915336 0.029351043 -0.037054956 -0.103986688 -0.037708331 0.993172586
1403637260.588319063 0.074062876 -0.237178549 -0.011502275 -0.049304370 -0.091284215 -0.082576752 0.991169691
1403637261.038319111 0.042212769 -0.131439731 -0.013862820 -0.035497967 -0.096528277 -0.072870500 0.992024243
1403637261.288318872 0.013049933 -0.073335081 -0.017717572 -0.060866576 -0.095440142 -0.074666731 0.990763009
1403637261.588319063 -0.033457115 -0.046484198 -0.014484943 -0.055187218 -0.097880237 -0.065322943 0.991517425
1403637261.688318968 -0.048210863 -0.043704268 -0.011669652 -0.065708324 -0.096241012 -0.068635382 0.990812480
1403637261.838319063 -0.072425425 -0.054136179 -0.001715359 -0.054666702 -0.095383868 -0.070496820 0.991435170
1403637262.038319111 -0.104835257 -0.059175197 0.021138441 -0.037504733 -0.095518351 -0.065722920 0.992547333
1403637262.238319159 -0.131514773 -0.029135656 0.047047250 -0.033667065 -0.096349210 -0.056104716 0.993194640
1403637262.288318872 -0.136390209 -0.017405864 0.052525453 -0.034234535 -0.095901437 -0.055348989 0.993260980
1403637262.338319063 -0.128120795 0.015277420 0.070087902 -0.005448846 -0.107629307 -0.021100886 0.993952215
1403637262.388319016 -0.132113487 0.020747306 0.052844841 -0.006720522 -0.096270218 -0.054352105 0.993847489
1403637262.438319206 -0.127361819 0.023344455 0.047870986 -0.018246785 -0.081042036 -0.047150169 0.995427608
1403637262.488318920 -0.123470604 0.025685832 0.045445692 -0.024118831 -0.069361024 -0.034176864 0.996714294
1403637262.538319111 -0.122993276 0.024305306 0.042322870 -0.006077332 -0.073139600 -0.020198900 0.997098625
1403637262.638319016 -0.118727349 0.022600912 0.038531952 0.006704552 -0.069063284 -0.021282220 0.997362733
1403637262.738319159 -0.101379938 0.002443271 0.060728364 -0.016434342 -0.068371929 -0.026062608 0.997184038
