1403636580.838555574 4.688319000 -1.786938000 0.783338000 -0.153029000 -0.827383000 -0.082152000 0.534108000
1403636580.843555212 4.688177000 -1.786770000 0.787350000 -0.152990000 -0.826976000 -0.082863000 0.534640000
1403636580.848555565 4.688028000 -1.786598000 0.791382000 -0.152945000 -0.826562000 -0.083605000 0.535178000
1403636580.853555441 4.687878000 -1.786421000 0.795429000 -0.152884000 -0.826146000 -0.084391000 0.535715000
1403636580.858555555 4.687727000 -1.786240000 0.799484000 -0.152821000 -0.825731000 -0.085213000 0.536244000
1403636580.863555431 4.687579000 -1.786059000 0.803540000 -0.152768000 -0.825314000 -0.086049000 0.536768000
1403636580.868555546 4.687435000 -1.785881000 0.807594000 -0.152725000 -0.824896000 -0.086890000 0.537289000
1403636580.873555422 4.687295000 -1.785709000 0.811642000 -0.152680000 -0.824481000 -0.087725000 0.537804000
1403636580.878555536 4.687158000 -1.785544000 0.815682000 -0.152627000 -0.824067000 -0.088553000 0.538317000
1403636580.883555412 4.687025000 -1.785390000 0.819712000 -0.152566000 -0.823657000 -0.089371000 0.538828000
1403636580.888555527 4.686893000 -1.785247000 0.823734000 -0.152496000 -0.823250000 -0.090170000 0.539337000
1403636580.893555403 4.686763000 -1.785116000 0.827749000 -0.152427000 -0.822845000 -0.090943000 0.539846000
1403636580.898555279 4.686631000 -1.785000000 0.831759000 -0.152367000 -0.822438000 -0.091677000 0.540360000
1403636580.903555393 4.686495000 -1.784898000 0.835765000 -0.152312000 -0.822028000 -0.092362000 0.540883000
1403636580.908555508 4.686355000 -1.784810000 0.839771000 -0.152266000 -0.821619000 -0.092986000 0.541412000
1403636580.913555384 4.686208000 -1.784735000 0.843777000 -0.152228000 -0.821204000 -0.093543000 0.541956000
1403636580.918555498 4.686055000 -1.784671000 0.847783000 -0.152194000 -0.820784000 -0.094039000 0.542516000
1403636580.923555613 4.685896000 -1.784616000 0.851787000 -0.152157000 -0.820361000 -0.094491000 0.543088000
1403636580.928555489 4.685735000 -1.784569000 0.855787000 -0.152105000 -0.819932000 -0.094913000 0.543677000
1403636580.933555603 4.685573000 -1.784531000 0.859778000 -0.152041000 -0.819501000 -0.095315000 0.544275000
1403636580.938555479 4.685412000 -1.784501000 0.863755000 -0.151968000 -0.819076000 -0.095706000 0.544867000
1403636580.943555593 4.685256000 -1.784477000 0.867713000 -0.151878000 -0.818655000 -0.096084000 0.545458000
1403636580.948555470 4.685107000 -1.784460000 0.871652000 -0.151766000 -0.818238000 -0.096455000 0.546050000
1403636580.953555346 4.684966000 -1.784448000 0.875572000 -0.151625000 -0.817834000 -0.096825000 0.546629000
1403636580.958555460 4.684834000 -1.784438000 0.879471000 -0.151458000 -0.817446000 -0.097201000 0.547190000
1403636580.963555574 4.684712000 -1.784429000 0.883348000 -0.151265000 -0.817072000 -0.097593000 0.547733000
1403636580.968555450 4.684597000 -1.784418000 0.887202000 -0.151059000 -0.816707000 -0.097991000 0.548263000
1403636580.973555565 4.684487000 -1.784407000 0.891033000 -0.150852000 -0.816342000 -0.098367000 0.548796000
1403636580.978555441 4.684381000 -1.784396000 0.894840000 -0.150658000 -0.815973000 -0.098696000 0.549339000
1403636580.983555555 4.684278000 -1.784389000 0.898620000 -0.150482000 -0.815602000 -0.098966000 0.549890000
1403636580.988555431 4.684175000 -1.784389000 0.902373000 -0.150307000 -0.815228000 -0.099180000 0.550455000
