1403636579.763555527
1403636579.813555479
1403636579.863555670
1403636579.913555384
1403636579.963555574
1403636580.013555527
1403636580.063555479
1403636580.113555431
1403636580.163555622
1403636580.213555574
1403636580.263555527
1403636580.313555479
1403636580.363555670
1403636580.413555384
1403636580.463555574
1403636580.513555527
1403636580.563555479
1403636580.613555431
1403636580.663555622
1403636580.713555574
1403636580.763555527
1403636580.813555479
1403636580.863555670
1403636580.913555384
1403636580.963555574
1403636581.013555527
1403636581.063555479
1403636581.113555431
1403636581.163555622
1403636581.213555574
