1403638518.077829361 0.000000000 0.000000000 0.000000000 -0.000000000 -0.000000000 -0.000000000 1.000000000
1403638522.377829313 -0.005917966 -0.067731589 -0.027353564 0.012309988 -0.018729191 0.003440918 0.999742925
1403638522.427829504 -0.005279888 -0.087898292 -0.034815170 0.012474698 -0.023365064 0.005410657 0.999634564
1403638522.627829552 -0.004651277 -0.176935837 -0.063656904 0.004336592 -0.039406151 0.017349904 0.999063253
1403638522.727829456 -0.005378542 -0.223096535 -0.075889215 0.012891907 -0.044731509 0.011978714 0.998844028
1403638522.877829313 -0.006299659 -0.297527134 -0.098506294 0.027166868 -0.058719650 0.019737206 0.997709572
1403638523.027829409 -0.000096924 -0.365467906 -0.120721191 0.037817903 -0.063500382 0.030354282 0.996802986
1403638523.377829313 0.020030571 -0.356819034 -0.117009200 0.048149373 -0.050835297 0.022636628 0.997288823
1403638523.977829456 0.051651657 -0.090301350 -0.042128351 0.001503350 -0.035322890 -0.014880100 0.999264061
1403638524.077829361 0.052934624 -0.074264951 -0.040649962 -0.004193290 -0.034095746 -0.026067451 0.999069750
1403638524.827829599 0.049221575 -0.407431215 -0.137960777 0.037649158 -0.028420893 -0.013481038 0.998795807
1403638525.027829409 0.043432400 -0.428598166 -0.143115163 0.042883497 -0.037081659 -0.011765014 0.998322368
1403638525.327829599 0.043226950 -0.323004693 -0.095932387 0.035745949 -0.041083761 -0.025608620 0.998187661
1403638525.427829504 0.040930323 -0.270922154 -0.078938305 0.015946414 -0.047509331 -0.025580965 0.998415887
1403638525.527829409 0.038685080 -0.222277403 -0.064921089 -0.005045325 -0.055649631 -0.021383006 0.998208642
1403638525.827829599 0.038740307 -0.122233771 -0.028749833 -0.010812055 -0.046800535 -0.013301616 0.998757184
1403638526.327829599 0.153565973 -0.120109484 -0.044519458 -0.006267563 -0.011909056 -0.003529910 0.999903262
1403638526.477829456 0.221146062 -0.133754313 -0.063084796 0.006869499 -0.000997911 0.008161058 0.999942601
1403638526.577829361 0.273969531 -0.138581738 -0.075274810 0.015952501 0.006444949 0.016798723 0.999710858
1403638527.077829361 0.583924949 -0.125793993 -0.137175083 0.015287912 0.054272916 0.028198704 0.998010814
1403638527.177829266 0.634173751 -0.125695035 -0.144351378 0.010407552 0.069462366 0.036308248 0.996869326
1403638527.227829456 0.656334579 -0.128069878 -0.150404260 0.010871611 0.077467263 0.040119231 0.996128023
1403638527.327829599 0.688314915 -0.131313503 -0.150122106 0.016355347 0.096341304 0.041286517 0.994357228
1403638527.377829313 0.697785854 -0.133589625 -0.149986655 0.019720031 0.104805864 0.040133644 0.993486881
1403638527.427829504 0.702085197 -0.136253819 -0.148737118 0.022453247 0.111632787 0.038495839 0.992749751
1403638527.477829456 0.701274693 -0.139060438 -0.145860791 0.024206156 0.116027497 0.037817713 0.992230594
1403638527.627829552 0.667390525 -0.144564420 -0.126625612 0.024820298 0.118601963 0.036522932 0.991959512
1403638528.877829313 0.206545964 -0.252284706 0.161008567 0.023314662 0.053231545 0.044803232 0.997304142
1403638529.427829504 0.129782751 -0.209403068 0.030210836 0.000308725 0.070748612 0.020574819 0.997281909
1403638529.727829456 0.088939086 -0.118575789 -0.003559499 -0.033556715 0.064423531 0.016254919 0.997225821
1403638529.877829313 0.075601541 -0.086993515 0.000588097 -0.016786415 0.064569265 0.017683208 0.997615337
1403638530.077829361 0.069748588 -0.067286551 0.020643333 -0.014449396 0.065300807 0.017768852 0.997602820
1403638530.477829456 0.080623955 -0.054041140 0.086010911 -0.016650679 0.081695452 0.030645354 0.996046901
1403638530.827829599 0.091745831 -0.042132486 0.109447405 -0.030331314 0.085891411 0.036279082 0.995181620
1403638539.377829313 0.091668613 -0.097434878 0.133380979 0.026722275 0.084403537 0.030224379 0.995614648
1403638540.427829504 0.107219130 -0.331347764 0.254209936 0.009863290 0.073725902 0.023326173 0.996956944
1403638540.927829504 0.085102484 -0.440566331 0.457487494 0.016499994 -0.015023191 -0.035072237 0.999135613
1403638541.577829361 -0.077017128 -0.601372004 0.753164709 0.021305632 -0.080516212 -0.060726970 0.994673550
1403638541.877829313 -0.224460736 -0.739055216 0.859873533 0.024362860 -0.111807890 -0.060594931 0.991581440
1403638542.127829552 -0.370454341 -0.853982568 0.942522168 0.019980622 -0.161717057 -0.076690704 0.983649790
1403638542.477829456 -0.580678642 -0.952061474 1.076468587 0.037958320 -0.239167407 -0.114828669 0.963417113
1403638543.027829409 -0.977499008 -1.101943612 1.183547735 0.026712881 -0.266160369 -0.120267965 0.956023395
1403638543.577829361 -1.423696518 -1.224097967 1.233985782 0.021230888 -0.279407233 -0.121860236 0.952171683
1403638543.877829313 -1.685269475 -1.259205103 1.264746666 0.026701618 -0.337913305 -0.156791404 0.927641153
1403638544.127829552 -1.921187043 -1.329410791 1.265815020 0.022265878 -0.384782523 -0.166236803 0.907640934
1403638544.577829361 -2.358973742 -1.417545438 1.311384082 0.022967070 -0.402316511 -0.164451152 0.900316477
1403638544.927829504 -2.689310074 -1.496332526 1.351673245 0.025075113 -0.407203674 -0.165239289 0.897915602
1403638545.377829313 -3.102836847 -1.526514292 1.451392770 0.030609146 -0.410559326 -0.165261582 0.896210194
1403638545.777829409 -3.459836483 -1.520107627 1.527942061 0.024561362 -0.450063020 -0.180963591 0.874123693
1403638546.027829409 -3.675740242 -1.568325520 1.554992437 0.025564350 -0.499745727 -0.209950075 0.839953363
1403638546.327829599 -3.947058201 -1.622762084 1.587537766 0.024040837 -0.533389926 -0.224157467 0.815273345
1403638546.627829552 -4.227066994 -1.630924225 1.629292011 0.021128967 -0.544597387 -0.226268843 0.807322621
1403638546.877829313 -4.468904018 -1.672766447 1.648277760 0.023965243 -0.556462348 -0.234979466 0.796592712
1403638547.077829361 -4.665091991 -1.705133200 1.658283234 0.028458696 -0.557930827 -0.243200019 0.792942047
1403638547.277829409 -4.871353149 -1.711791635 1.665850878 0.032700397 -0.556198716 -0.250043660 0.791866064
1403638547.477829456 -5.087117195 -1.701136708 1.665422440 0.025706789 -0.559172869 -0.240602419 0.792953551
1403638547.727829456 -5.363941669 -1.664200187 1.665856361 0.020544162 -0.558455765 -0.235454619 0.795151711
1403638548.027829409 -5.711383820 -1.593838930 1.660576820 0.024363196 -0.557486534 -0.239830092 0.794415951
1403638548.277829409 -6.009633064 -1.575392962 1.621491909 0.020066977 -0.576993704 -0.245633006 0.778678358
1403638548.477829456 -6.257033348 -1.589760780 1.564423561 0.019185135 -0.602558434 -0.255408883 0.755858183
1403638548.577829361 -6.387630939 -1.593125820 1.536856174 0.019764755 -0.612476468 -0.258299321 0.746835589
1403638548.677829266 -6.515382767 -1.597001314 1.514529228 0.019518897 -0.619785070 -0.260152280 0.740139365
1403638548.827829599 -6.710764885 -1.598014832 1.471621990 0.019152828 -0.625567675 -0.262897730 0.734290838
1403638549.077829361 -7.047396660 -1.626204252 1.401669025 0.018473983 -0.629035592 -0.263467491 0.731134593
1403638549.327829599 -7.393402576 -1.696080923 1.308522224 0.016895259 -0.629837036 -0.259459883 0.731915593
1403638549.527829409 -7.676538467 -1.751824617 1.232161522 0.014525652 -0.630143285 -0.254139602 0.733567655
1403638549.777829409 -8.029788971 -1.814514637 1.161172867 0.017118908 -0.629912138 -0.252304107 0.734343469
1403638550.027829409 -8.382065773 -1.896446228 1.080486774 0.013580731 -0.628963411 -0.252730995 0.735083401
1403638550.227829456 -8.662169456 -1.989077330 1.014187813 0.011455098 -0.629967272 -0.252184600 0.734447360
1403638550.427829504 -8.946428299 -2.096199989 0.949711323 0.012800073 -0.631159186 -0.251424164 0.733662248
1403638550.677829266 -9.306591988 -2.210736275 0.887235641 0.013565949 -0.635473371 -0.241140366 0.733376443
1403638550.977829456 -9.729630470 -2.330940962 0.849617958 0.029185629 -0.640843630 -0.225064456 0.733357787
1403638551.427829504 -10.256166458 -2.508194923 0.860164642 0.021072706 -0.634142995 -0.213007495 0.742998362
1403638551.977829456 -10.733047485 -2.741483927 1.061337471 0.017062265 -0.548051417 -0.171924487 0.818407297
1403638552.577829361 -11.062919617 -3.115150690 1.419758320 0.029910294 -0.531916738 -0.157553643 0.831472695
1403638553.477829456 -11.103683472 -3.499400854 2.193549156 0.064601943 -0.541420102 -0.172395915 0.820347726
1403638554.377829313 -10.493062019 -3.972693443 2.733126640 0.036403459 -0.528957903 -0.209294394 0.821629047
1403638555.127829552 -9.876982689 -4.240764618 3.083639622 0.025559355 -0.524600446 -0.191189945 0.829209030
1403638555.527829409 -9.538546562 -4.339979172 3.325281620 0.027411226 -0.492990643 -0.185454801 0.849597156
1403638556.127829552 -9.046709061 -4.557090759 3.652655602 0.023231698 -0.488080412 -0.191172674 0.851287723
1403638556.777829409 -8.611026764 -4.820572853 4.061257839 0.000405749 -0.491379708 -0.179409668 0.852266371
1403638557.477829456 -8.234666824 -5.198351860 4.673164845 0.019136814 -0.491654575 -0.184130639 0.850885153
1403638558.227829456 -7.871076584 -5.586010933 5.378194332 0.002964076 -0.482727945 -0.202053457 0.852138162
1403638558.977829456 -7.791902542 -6.096138000 6.079944134 0.000726022 -0.484431773 -0.189693317 0.854015112
1403638559.827829599 -7.957213879 -6.460918427 7.033086300 0.028972382 -0.484744132 -0.201439649 0.850650191
1403638560.327829599 -8.086208344 -6.603738785 7.549669266 0.031737205 -0.416612864 -0.161838502 0.893999338
1403638560.777829409 -8.192362785 -6.626314640 8.012025833 0.039966282 -0.309874356 -0.090300098 0.945635498
1403638561.127829552 -8.185607910 -6.689421654 8.306337357 0.053046342 -0.233204350 -0.052817829 0.969542265
1403638561.327829599 -8.129384995 -6.753616333 8.439284325 0.058781594 -0.205439568 -0.039962176 0.976085246
1403638561.727829456 -7.951023102 -6.822523594 8.662363052 0.038279992 -0.184860468 -0.067509711 0.979695737
1403638562.177829266 -7.724528790 -6.812241077 8.892794609 0.040861554 -0.154157519 -0.062862270 0.985197544
1403638562.577829361 -7.525338650 -6.850939274 9.023055077 0.043813024 -0.097856455 -0.032704685 0.993697643
1403638562.877829313 -7.354305744 -6.904808521 9.067244530 0.042984299 -0.031170888 0.012260973 0.998514116
1403638563.227829456 -7.122292042 -6.893351078 9.113700867 0.045140021 0.042492915 0.051124219 0.996766329
1403638563.727829456 -6.703846931 -6.786606789 9.101554871 0.059332620 0.069008440 0.058272976 0.994143724
1403638564.227829456 -6.188491821 -6.705416679 8.873795509 0.060432043 0.050828058 0.056643195 0.995266795
1403638564.627829552 -5.700214386 -6.611322403 8.582023621 0.062820628 0.041743532 0.048542198 0.995969236
1403638564.727829456 -5.571216106 -6.585223198 8.495328903 0.060473662 0.039586905 0.054237045 0.995908737
1403638564.977829456 -5.215949535 -6.472771168 8.269410133 0.060748942 0.037880268 0.062456395 0.995476723
1403638565.177829266 -4.914633274 -6.304080486 8.095685005 0.058520790 0.037117939 0.064478494 0.995509982
1403638565.277829409 -4.751409531 -6.204472065 8.015234947 0.057162717 0.037703447 0.063030705 0.995659590
1403638565.427829504 -4.500007153 -6.045371532 7.884152412 0.055546314 0.039587293 0.059300773 0.995907068
1403638565.577829361 -4.245914936 -5.897797108 7.739008904 0.060671426 0.045848753 0.051824048 0.995756567
1403638565.727829456 -3.981798410 -5.760648727 7.578691959 0.059540857 0.055280723 0.035190277 0.996072590
1403638565.977829456 -3.551398754 -5.542931557 7.288579464 0.049722850 0.063723207 0.024448078 0.996428311
1403638566.177829266 -3.222738028 -5.363756657 7.044145584 0.047051050 0.064328574 0.026477681 0.996467292
1403638566.327829599 -2.981000900 -5.199941158 6.871473312 0.046390589 0.063839614 0.026149277 0.996538341
1403638566.377829313 -2.908720255 -5.144595146 6.813424110 0.046188958 0.063910075 0.024813846 0.996577322
1403638566.427829504 -2.826691866 -5.086874008 6.756659031 0.046325535 0.062735580 0.025197314 0.996635973
1403638566.527829409 -2.679840088 -4.972922325 6.637924671 0.045309339 0.060869817 0.026015397 0.996777415
1403638566.627829552 -2.538663387 -4.850754738 6.527942657 0.033770964 0.058536593 0.026482370 0.997362375
1403638566.777829409 -2.324313402 -4.638438702 6.369607449 0.003941261 0.055722736 0.024393853 0.998140454
1403638566.977829456 -2.046432734 -4.361925602 6.183816433 -0.016735787 0.051880889 0.021808574 0.998274863
1403638567.477829456 -1.390127897 -3.703456640 5.845511436 0.037596036 0.057647735 0.011349862 0.997564256
1403638568.027829409 -0.806156397 -3.151736498 5.469133854 0.010972805 0.067060433 0.012613795 0.997608840
1403638570.927829504 0.158132106 -2.230118275 4.920975685 0.059243407 0.155075282 0.126610130 0.977963090
1403638572.077829361 0.906665444 -1.767463326 4.500740528 0.028951380 0.341312081 0.172806308 0.923474908
1403638572.877829313 1.729741931 -1.518533468 3.934385300 -0.006401872 0.452295452 0.188795716 0.871632934
1403638573.677829266 2.720158100 -1.443541884 3.524858952 -0.018994194 0.451950908 0.182857051 0.872893453
1403638574.027829409 3.203529358 -1.500957727 3.430580616 0.012245416 0.499460280 0.190335274 0.845081091
1403638574.377829313 3.669081211 -1.512026906 3.372271299 0.044848368 0.567056537 0.237582192 0.787394583
1403638574.877829313 4.279054165 -1.462803006 3.194368839 0.016321471 0.630195498 0.249734208 0.734996617
1403638575.627829552 5.122482300 -1.320787907 2.890922546 0.000694729 0.614904940 0.267562240 0.741823375
1403638576.227829456 5.926923752 -1.310721397 2.585380554 -0.014437934 0.613425970 0.254727215 0.747404993
1403638576.777829409 6.776450157 -1.344077826 2.425999165 -0.029497562 0.623874545 0.228173047 0.746891916
1403638577.327829599 7.643676281 -1.388939619 2.475613117 -0.001312243 0.623731017 0.232494518 0.746260226
1403638577.677829266 8.164024353 -1.491092205 2.548576832 -0.008194451 0.623961031 0.229298994 0.747012377
1403638577.927829504 8.520829201 -1.538516045 2.646150112 -0.006750164 0.622042239 0.231771827 0.747863412
1403638578.127829552 8.804626465 -1.588037491 2.737749577 -0.002404030 0.620435655 0.232272357 0.749068379
1403638578.327829599 9.080570221 -1.662212133 2.827599049 0.013768563 0.614207745 0.247380376 0.749241114
1403638578.477829456 9.281762123 -1.709865570 2.895400524 0.015040240 0.614669085 0.247656748 0.748746932
1403638578.627829552 9.480901718 -1.745432615 2.961460114 0.015779804 0.615572751 0.247511744 0.748036861
1403638578.777829409 9.679744720 -1.769583941 3.030933380 0.009998033 0.618709803 0.240343854 0.747885704
1403638578.927829504 9.873482704 -1.788324356 3.100166321 0.003517663 0.621386111 0.233160153 0.747999549
1403638579.327829599 10.367074013 -1.898373127 3.288857460 0.006570108 0.619655848 0.232031852 0.749763131
1403638579.677829266 10.764568329 -2.012848616 3.453396797 0.035102885 0.608073890 0.230753735 0.758792877
1403638579.927829504 11.011795998 -2.042757273 3.583087444 0.024884939 0.563319266 0.199845582 0.801320136
1403638580.077829361 11.148344994 -2.051832914 3.666022778 0.031906407 0.518600881 0.173013255 0.836720705
1403638580.177829266 11.229051590 -2.063277721 3.732791424 0.041797072 0.482677639 0.153526098 0.861223042
1403638580.427829504 11.342297554 -2.067240953 3.854287386 0.043041658 0.386040837 0.136245638 0.911349058
1403638580.627829552 11.434892654 -2.040045261 3.939931393 0.039096694 0.340371758 0.133158818 0.929993212
1403638581.977829456 12.035006523 -2.264401436 4.303793907 0.049711369 0.319657981 0.103193797 0.940584183
1403638582.177829266 12.072538376 -2.297257900 4.331629753 0.033674281 0.317695707 0.109956726 0.941193402
1403638582.977829456 12.098457336 -2.662039518 4.316662788 0.026704213 0.319498122 0.108000755 0.941033304
1403638583.227829456 12.059547424 -2.760737896 4.316398621 0.018376444 0.319573164 0.112006165 0.940739036
1403638584.927829504 11.434364319 -3.184720755 4.548957825 0.029999154 0.318761885 0.108865149 0.941084146
1403638585.227829456 11.202560425 -3.211945057 4.547722816 0.026588926 0.317919999 0.112679183 0.941022456
1403638585.677829266 10.851755142 -3.214467049 4.565757275 0.024449004 0.317421466 0.112250358 0.941300035
1403638585.927829504 10.657337189 -3.272746563 4.555326462 0.007603063 0.314147830 0.121129222 0.941584349
1403638586.277829409 10.406911850 -3.370740175 4.558694839 0.024772374 0.318287075 0.116215065 0.940517783
1403638586.577829361 10.194911957 -3.409762859 4.591862679 0.033528600 0.326219857 0.099216156 0.939474642
1403638586.927829504 9.915083885 -3.409829378 4.657773972 0.035245765 0.322345972 0.108431011 0.939730585
1403638587.277829409 9.615926743 -3.392357349 4.710563660 0.030030634 0.320768744 0.109940678 0.940275848
1403638587.627829552 9.303232193 -3.405635357 4.744695187 0.027631747 0.319696873 0.114850529 0.940127492
1403638587.877829313 9.080957413 -3.391902924 4.778559685 0.028580630 0.320074230 0.116258129 0.939797699
1403638587.977829456 8.993046761 -3.382444859 4.790939331 0.028719235 0.320056438 0.116501562 0.939769387
1403638588.077829361 8.906001091 -3.368700027 4.807017326 0.029325927 0.320556432 0.115032606 0.939761221
1403638588.277829409 8.732963562 -3.332424641 4.838623047 0.025845308 0.324297607 0.103957988 0.939870119
1403638588.577829361 8.454504967 -3.322851419 4.868879318 0.026432747 0.322562873 0.107298233 0.940075338
1403638588.827829599 8.216008186 -3.350897312 4.887480259 0.031578537 0.320593148 0.112561494 0.939974904
1403638589.377829313 7.677467346 -3.333800316 4.930847168 0.032649014 0.322007775 0.112829268 0.939422548
1403638589.427829504 7.633290291 -3.328727484 4.934228420 0.031730864 0.321491569 0.114036761 0.939484954
1403638589.577829361 7.487079620 -3.321132183 4.939397812 0.031068003 0.321352899 0.114417806 0.939508200
1403638589.727829456 7.340950012 -3.325165033 4.932276726 0.028507872 0.321091950 0.114631660 0.939652503
1403638589.877829313 7.190426826 -3.335817099 4.924334526 0.026206393 0.321992874 0.115471326 0.939308405
1403638590.077829361 6.999176025 -3.332876921 4.920174122 0.025909338 0.322603911 0.116654396 0.938960671
1403638590.327829599 6.761082172 -3.306809187 4.921026707 0.028547440 0.323711276 0.116650872 0.938503444
1403638590.677829266 6.434783936 -3.250951767 4.921709061 0.022061678 0.322322398 0.120498255 0.938670218
1403638591.177829266 5.995423317 -3.283833981 4.880104065 0.007984432 0.320700496 0.125940681 0.938736618
1403638591.927829504 5.546154976 -3.274355412 5.009747028 -0.010971821 0.316934288 0.137934402 0.938299716
1403638592.477829456 5.445117474 -3.456268787 5.197680473 0.030359045 0.278886169 0.126321658 0.951495469
1403638593.377829313 5.550354481 -3.948433399 5.409638882 0.011159585 0.241711050 0.088085473 0.966277480
1403638593.877829313 5.660378933 -4.206173897 5.601262569 0.048062980 0.249190480 0.076045051 0.964267194
1403638594.427829504 5.658890724 -4.453993320 5.720430374 0.041149426 0.227256283 0.064007692 0.970857561
1403638595.177829266 5.526725292 -4.758504868 5.721171379 0.033072945 0.220935330 0.080266453 0.971417069
1403638596.627829552 5.010802269 -4.740106583 5.751752377 0.016629016 0.247913703 0.003111946 0.968634427
1403638597.027829409 4.534585476 -4.907677174 5.793572903 0.017303804 0.253346473 -0.013467443 0.967127085
1403638597.427829504 3.791969776 -5.059896469 5.940552711 0.032057539 0.254139513 -0.001990191 0.966634095
1403638597.727829456 3.115019798 -5.125771999 6.090572357 0.050431374 0.245895728 0.023615500 0.967695355
1403638597.927829504 2.612140417 -5.146548271 6.178839207 0.042369399 0.241692796 0.001317179 0.969426513
1403638598.077829361 2.207133055 -5.167627335 6.251877785 0.044209752 0.232040212 -0.000295135 0.971700966
1403638598.227829456 1.777614474 -5.194322586 6.311801434 0.047106527 0.213531002 0.028218253 0.975391865
1403638598.377829313 1.335287213 -5.228034496 6.360391140 0.042965066 0.203288987 0.046948381 0.977048337
1403638598.577829361 0.760294557 -5.245427132 6.429039955 0.036777154 0.195381224 0.051985245 0.978657842
1403638598.727829456 0.328750253 -5.250617027 6.487721443 0.034192275 0.181083754 0.045518491 0.981818557
1403638598.877829313 -0.095096141 -5.258211613 6.531351566 0.035302319 0.158569545 0.036495715 0.986041367
1403638599.027829409 -0.519736469 -5.273151398 6.569938183 0.034401197 0.131798863 0.026480243 0.990325451
1403638599.127829552 -0.784009933 -5.281609535 6.589970112 0.035414301 0.112401955 0.017359605 0.992879808
1403638599.277829409 -1.185939431 -5.299420357 6.604789257 0.034472428 0.082598805 0.003591898 0.995980024
1403638599.377829313 -1.459954858 -5.318490028 6.614552021 0.030665016 0.062758908 -0.003869790 0.997550011
1403638599.527829409 -1.861149311 -5.355515480 6.636743069 0.025895180 0.043354642 -0.013491774 0.998632967
1403638599.677829266 -2.254515171 -5.375191689 6.661351681 0.021883238 0.032882258 -0.015903411 0.999093115
1403638599.877829313 -2.771295071 -5.399016380 6.685682774 0.018830398 0.030414511 -0.013196378 0.999272823
1403638599.927829504 -2.894317150 -5.407302856 6.696808815 0.017581904 0.029894104 -0.009753090 0.999350846
1403638600.027829409 -3.149164677 -5.410398960 6.723827362 0.018823793 0.029067332 -0.001229841 0.999399483
1403638600.177829266 -3.530054569 -5.408943176 6.767847061 0.013495977 0.025043391 0.020490456 0.999385238
1403638600.327829599 -3.889357328 -5.403467655 6.811791897 0.006922787 0.021322491 0.040875107 0.998912752
1403638600.527829409 -4.326691628 -5.408459187 6.887084961 0.002628019 0.019752121 0.055426247 0.998263955
1403638600.927829504 -5.018922806 -5.507382393 7.051859379 -0.016091798 0.027541365 0.033906512 0.998915851
1403638601.277829409 -5.503273487 -5.623624802 7.282590389 -0.003759448 0.040509894 -0.008832566 0.999133050
1403638601.577829361 -5.914332390 -5.742727757 7.528054714 0.022370994 0.006197630 -0.013533695 0.999638975
1403638601.827829599 -6.251303673 -5.876670361 7.709890366 0.030890029 -0.052961729 -0.046122476 0.997052431
1403638602.077829361 -6.579619408 -6.018208504 7.882137775 0.033743761 -0.112071976 -0.074101023 0.990358651
1403638602.227829456 -6.803238392 -6.088688850 7.978054523 0.041597463 -0.132252276 -0.089695916 0.986272573
1403638602.377829313 -7.030841827 -6.156840801 8.064896584 0.057121880 -0.166300863 -0.092653550 0.980049193
1403638602.477829456 -7.188229084 -6.199467659 8.112506866 0.086337142 -0.198256254 -0.079040170 0.973135650
1403638602.627829552 -7.395659447 -6.273908138 8.151731491 0.118228383 -0.243511468 -0.060996130 0.960730791
1403638602.927829504 -7.723104000 -6.392809868 8.119997025 0.108266078 -0.306291908 -0.086110666 0.941832602
1403638603.277829409 -7.930232048 -6.477039337 7.952897072 0.079572253 -0.370730639 -0.107262067 0.919087529
1403638604.327829599 -8.036472321 -6.191639423 7.381691933 0.081291698 -0.376964867 -0.153187335 0.909847677
1403638604.877829313 -7.962188244 -5.961071014 6.804398537 0.039014880 -0.379418999 -0.146282792 0.912754297
1403638605.677829266 -7.884107113 -5.718593121 6.012116432 0.055672165 -0.363967419 -0.188057572 0.910528839
1403638606.277829409 -8.028745651 -5.498275757 5.325383663 0.057973593 -0.354399949 -0.202788174 0.910997689
1403638606.677829266 -8.242485046 -5.238325119 4.799205780 0.003799178 -0.368730843 -0.176232055 0.912669361
1403638606.877829313 -8.381831169 -5.086334229 4.565614700 -0.008681426 -0.392724961 -0.186874866 0.900427461
1403638608.477829456 -9.829618454 -4.089303970 3.555755138 0.046420071 -0.474076360 -0.174382687 0.861793160
1403638609.127829552 -10.169389725 -3.612912178 3.362361431 0.029278737 -0.473954707 -0.173011765 0.862888515
1403638611.577829361 -9.751235008 -2.306871653 3.229499817 0.060297489 -0.470675200 -0.190540642 0.859373808
1403638612.077829361 -9.356752396 -2.112315655 3.126019001 0.029914137 -0.474345237 -0.174769565 0.862297714
1403638612.627829552 -8.905597687 -1.948657274 3.032625198 0.039027032 -0.468664736 -0.178334147 0.864307344
1403638613.027829409 -8.572655678 -1.792623758 2.977273941 0.045005947 -0.462619305 -0.177508637 0.867437899
1403638613.627829552 -8.070029259 -1.664791822 2.788999081 0.043188781 -0.457953066 -0.168963656 0.871702373
1403638614.027829409 -7.715875149 -1.489484549 2.677859545 0.052857120 -0.427894622 -0.147966459 0.890066445
1403638614.327829599 -7.410600185 -1.346234322 2.600855589 0.042876750 -0.375951022 -0.136604995 0.915511608
1403638614.577829361 -7.150018692 -1.276065350 2.508136034 0.036262222 -0.354615003 -0.124543138 0.925971031
1403638614.777829409 -6.932729721 -1.249936581 2.420680523 0.025546318 -0.334466666 -0.103411950 0.936368227
1403638614.977829456 -6.700503826 -1.257734537 2.334665537 0.012055621 -0.296458870 -0.084509298 0.951222897
1403638615.177829266 -6.456196785 -1.299225569 2.260936499 0.019302510 -0.238792703 -0.070868984 0.968288720
1403638615.377829313 -6.202213287 -1.356989264 2.210721493 0.031635620 -0.174093440 -0.058342282 0.982490122
1403638615.577829361 -5.951865673 -1.393192291 2.163780689 0.035734944 -0.114475571 -0.036696650 0.992104709
1403638615.827829599 -5.647881985 -1.426638365 2.098827839 0.035562329 -0.074223481 -0.021287376 0.996379972
1403638616.327829599 -5.038622856 -1.435520053 1.966358423 0.032391202 0.003215141 0.013945354 0.999372840
1403638616.727829456 -4.556618690 -1.264423251 1.927085876 0.011158193 0.059953805 0.043366469 0.997196257
1403638617.877829313 -3.098553896 -1.243564963 2.023054600 -0.003746704 0.056962341 0.013732121 0.998274863
1403638618.777829409 -2.146355867 -1.651830792 2.439388514 0.001934978 0.058097351 0.011741428 0.998239994
1403638619.127829552 -1.832435131 -1.828784347 2.680027723 0.019130345 0.100139730 0.024180280 0.994495571
1403638619.377829313 -1.635523796 -1.908272386 2.881167173 0.024788106 0.163292363 0.052833229 0.984850168
1403638619.427829504 -1.596903443 -1.921679378 2.922658920 0.025728492 0.174231425 0.058563989 0.982624948
1403638619.527829409 -1.526496053 -1.936300278 3.004026651 0.028339034 0.191333219 0.069448076 0.978654921
1403638619.677829266 -1.426044703 -1.959302425 3.128103018 0.031667918 0.204004243 0.089730971 0.974334538
1403638620.377829313 -0.913112283 -2.018500566 3.575479984 0.040540669 0.222066402 0.099573359 0.969086230
1403638621.177829266 -0.265639603 -2.075829029 3.824427366 0.028088648 0.214052066 0.079690851 0.973160923
1403638622.027829409 0.304115295 -2.040396690 3.996316671 0.052337062 0.210320339 0.064848579 0.974074364
1403638624.427829504 0.476219743 -1.537163734 2.711026669 0.035852216 0.217854023 0.086588517 0.971471369
1403638624.827829599 0.413398087 -1.344864607 2.373852253 0.043417975 0.215443805 0.074320190 0.972715437
1403638625.027829409 0.379012614 -1.269497752 2.174110413 0.036649831 0.203045383 0.073986441 0.975682020
1403638625.227829456 0.337514013 -1.188459754 1.979663372 0.035328388 0.193021521 0.080717593 0.977230430
1403638625.427829504 0.307169884 -1.104560971 1.784020901 0.035431370 0.190108478 0.079515755 0.977896035
1403638625.627829552 0.279313415 -1.034472346 1.580885768 0.033522025 0.190150961 0.078605495 0.978028715
1403638625.777829409 0.263011158 -0.993583322 1.419164896 0.024604216 0.188990220 0.080952413 0.978327215
1403638625.977829456 0.249498978 -0.929606616 1.218209505 0.018934876 0.190074325 0.080797449 0.978256106
1403638626.527829409 0.243402973 -0.691274405 0.756526232 0.020783199 0.196385965 0.067355990 0.977989674
1403638626.977829456 0.225841239 -0.518761992 0.448524654 0.002787821 0.193248764 0.072121784 0.978491545
1403638627.527829409 0.228071526 -0.368971944 0.187691674 0.004379021 0.192905158 0.067586236 0.978877187
1403638627.927829504 0.229021057 -0.261409223 0.087260939 0.013000861 0.196648553 0.062555753 0.978390038
1403638628.027829409 0.229807332 -0.239197731 0.071080543 0.009726777 0.197304726 0.061729927 0.978348434
1403638628.127829552 0.224122062 -0.218014389 0.053878795 0.007862447 0.198051125 0.062000919 0.978197217
1403638628.227829456 0.218701258 -0.199724212 0.042870674 0.007360301 0.198643312 0.062426083 0.978054047
1403638628.327829599 0.210573867 -0.185028017 0.033672117 0.006078791 0.198885545 0.063541368 0.977941751
1403638628.477829456 0.195294842 -0.172647461 0.023562618 0.010834895 0.196641624 0.071223699 0.977825105
1403638628.577829361 0.185097128 -0.171163931 0.018783566 0.023490911 0.193488494 0.080360033 0.977523744
1403638629.127829552 0.160351902 -0.119395897 -0.010857928 0.023043258 0.198851079 0.068489090 0.977362037
1403638629.327829599 0.150837183 -0.106082983 -0.023966180 0.019581921 0.199863806 0.065182939 0.977456987
1403638629.427829504 0.143730998 -0.101936728 -0.029616224 0.012265885 0.199803755 0.066486187 0.977500737
1403638630.327829599 0.128970131 -0.013642895 0.030369774 0.025054753 0.202697054 0.068147533 0.976545990
1403638630.427829504 0.125480682 -0.021385893 0.047421832 0.013826803 0.195308849 0.079149462 0.977444947
1403638630.577829361 0.127239436 -0.038545173 0.056758892 0.029617773 0.198517695 0.070687562 0.977096140
1403638630.727829456 0.117579505 -0.063809767 0.034748320 -0.015671421 0.186568126 0.068441793 0.979929805
1403638630.877829313 0.167386025 -0.068557933 0.073264845 -0.013381802 0.188563004 0.066415437 0.979721367
