# timestamp tx ty tz qx qy qz qw
1.403636579763555765e+09 0.000000000000000000e+00 0.000000000000000000e+00 0.000000000000000000e+00 0.000000000000000000e+00 0.000000000000000000e+00 0.000000000000000000e+00 1.000000000000000000e+00
1.403636579813555479e+09 -1.514670532196760178e-02 3.775577933993190527e-04 6.038574501872062683e-03 -2.634060655697691156e-03 1.517526953979871822e-03 -7.251224194403770983e-04 9.999951165050171564e-01
1.403636579863555670e+09 -3.428165987133979797e-02 6.913832621648907661e-04 1.268570497632026672e-02 -4.922957672809479511e-03 -6.141190594050120440e-04 -2.415807246885633749e-03 9.999847754945465628e-01
1.403636579913555622e+09 -5.670224875211715698e-02 1.547525869682431221e-03 2.090648375451564789e-02 -5.868847790362700587e-03 -5.598204526106412629e-03 -2.901224574592033666e-03 9.999628991255952171e-01
1.403636579963555574e+09 -8.099115639925003052e-02 1.427789684385061264e-03 2.862807549536228180e-02 -5.942563477547735395e-03 -1.165032377215614867e-02 -2.745879558656182193e-03 9.999107040334994645e-01
1.403636580013555527e+09 -1.069701611995697021e-01 1.179563812911510468e-03 3.648569434881210327e-02 -5.949982909502550023e-03 -1.651323587223971559e-02 -1.055984991004844638e-03 9.998453858672866623e-01
1.403636580063555717e+09 -1.338660717010498047e-01 1.033675274811685085e-03 4.433443397283554077e-02 -6.267802479299054708e-03 -1.998563384348175584e-02 -1.737877669563872693e-04 9.997806053778832691e-01
1.403636580113555431e+09 -1.599824428558349609e-01 1.045672455802559853e-03 5.215466022491455078e-02 -5.964179338668864662e-03 -2.234794316553474075e-02 2.042257163785788764e-03 9.997303772451665571e-01
1.403636580163555622e+09 -1.850598007440567017e-01 9.670797153376042843e-04 5.903762206435203552e-02 -5.582104133476165075e-03 -2.414640280416832999e-02 3.360562076570605423e-03 9.996872000618950427e-01
1.403636580213555574e+09 -2.090193182229995728e-01 1.126098912209272385e-03 6.557383388280868530e-02 -5.154961858566570708e-03 -2.626512777984257169e-02 3.539525911925773573e-03 9.996354541467926680e-01
1.403636580263555765e+09 -2.311945706605911255e-01 9.253640309907495975e-04 7.128711789846420288e-02 -5.041265204765854949e-03 -2.873357836026162529e-02 2.972081424546461903e-03 9.995699744648974816e-01
1.403636580313555479e+09 -2.510701715946197510e-01 6.878015701659023762e-04 7.582393288612365723e-02 -5.228657290731793944e-03 -3.258037576668221941e-02 5.756597982793412423e-04 9.994552760747399400e-01
1.403636580363555670e+09 -2.691150307655334473e-01 -1.094289564207429066e-05 7.913251221179962158e-02 -4.321618180443129349e-03 -3.815920394141737032e-02 6.378720288905481782e-05 9.992623252690219227e-01
1.403636580413555622e+09 -2.844620943069458008e-01 -4.549517179839313030e-04 8.153430372476577759e-02 -4.505327777375708886e-03 -4.577457404921100870e-02 -1.246621448318943224e-03 9.989408572719388202e-01
1.403636580463555574e+09 -2.962291836738586426e-01 -1.127582974731922150e-03 8.320404589176177979e-02 -4.117781686194781597e-03 -5.452807147212056921e-02 -1.437205678390766949e-03 9.985027129333972074e-01
1.403636580513555527e+09 -3.036794662475585938e-01 -1.722060260362923145e-03 8.393360674381256104e-02 -4.041631715798517203e-03 -6.307189181744954354e-02 -1.462988093295592524e-03 9.979997301309658786e-01
1.403636580563555717e+09 -3.033567965030670166e-01 -2.482556737959384918e-03 8.301079273223876953e-02 -3.052937607443643054e-03 -6.962222170919288300e-02 -2.590117930644996141e-04 9.975687238126164091e-01
1.403636580613555431e+09 -2.930790483951568604e-01 -3.564216895028948784e-03 7.966329157352447510e-02 -1.674818935349594229e-03 -7.222410588734251569e-02 4.302184412829277403e-04 9.973869301441644630e-01
1.403636580663555622e+09 -2.741288244724273682e-01 -5.021509248763322830e-03 7.441294193267822266e-02 -1.508135372837842271e-03 -7.110245640304529990e-02 3.007949902206486490e-04 9.974678319342052957e-01
1.403636580713555574e+09 -2.476948350667953491e-01 -6.660543847829103470e-03 6.785667687654495239e-02 -2.832764695155358392e-03 -6.735171969351434751e-02 -1.751831925630307780e-03 9.977237355016731479e-01
1.403636580763555765e+09 -2.155599594116210938e-01 -7.657820358872413635e-03 6.041471287608146667e-02 -5.034107558735255450e-03 -6.215488717872858643e-02 -4.975106878479682200e-03 9.980414200184449802e-01
1.403636580813555479e+09 -1.794218868017196655e-01 -8.722580038011074066e-03 5.267064645886421204e-02 -8.370353115647894554e-03 -5.578860157549140469e-02 -8.365618272088457680e-03 9.983724683473078620e-01
1.403636580863555670e+09 -1.397220045328140259e-01 -9.946742095053195953e-03 4.387014731764793396e-02 -1.334056013657308228e-02 -4.849565562343480934e-02 -1.196157414364690252e-02 9.986626665620886856e-01
1.403636580913555622e+09 -9.961365163326263428e-02 -1.182338502258062363e-02 3.549171239137649536e-02 -1.855709907680266543e-02 -4.103378457698598353e-02 -1.575932977692646314e-02 9.988611045196048588e-01
1.403636580963555574e+09 -6.017282232642173767e-02 -1.495142932981252670e-02 2.575975283980369568e-02 -2.071514212008682132e-02 -3.360418303484326297e-02 -1.786661932042438519e-02 9.990607717669452992e-01
1.403636581013555527e+09 -2.422013692557811737e-02 -1.797806099057197571e-02 1.714832335710525513e-02 -2.082822016128956649e-02 -2.672153977107835296e-02 -1.929455732222365091e-02 9.992396432362534719e-01
1.403636581063555717e+09 1.004298217594623566e-02 -2.039420604705810547e-02 8.618616499006748199e-03 -1.989163982725447241e-02 -2.018764393866835649e-02 -1.881498065820771254e-02 9.994212216077961175e-01
1.403636581113555431e+09 4.235559329390525818e-02 -2.155446633696556091e-02 1.015711924992501736e-03 -2.023326542525907129e-02 -1.364744970900050661e-02 -1.799425985486147184e-02 9.995401786316280290e-01
1.403636581163555622e+09 7.072322070598602295e-02 -2.270913124084472656e-02 -6.053422112017869949e-03 -2.065425244368884750e-02 -5.729484033983703838e-03 -1.510147475062490786e-02 9.996562010656727670e-01
1.403636581213555574e+09 9.592296928167343140e-02 -2.313756942749023438e-02 -1.288464479148387909e-02 -2.101778506683277259e-02 2.351573085439284151e-03 -1.333188571578444379e-02 9.996874429731371636e-01
1.403636581263555765e+09 1.175272315740585327e-01 -2.303224243223667145e-02 -1.891882903873920441e-02 -2.084169358567532909e-02 1.122333765614293849e-02 -1.098629650221901247e-02 9.996594228983700647e-01
1.403636581313555479e+09 1.336445808410644531e-01 -2.264006994664669037e-02 -2.462342567741870880e-02 -2.040355979462678965e-02 1.870019692078664711e-02 -1.192021063875121391e-02 9.995458498544020909e-01
1.403636581363555670e+09 1.422661989927291870e-01 -2.260301448404788971e-02 -2.860257402062416077e-02 -2.089613829001328929e-02 2.389236501488226430e-02 -1.208930070784436199e-02 9.994230110953797874e-01
1.403636581413555622e+09 1.423132568597793579e-01 -2.197752892971038818e-02 -3.038728050887584686e-02 -2.310333328595570029e-02 2.508163932375944913e-02 -1.463146555040494533e-02 9.993112966317144741e-01
1.403636581463555574e+09 1.334675401449203491e-01 -2.021570876240730286e-02 -2.942682243883609772e-02 -2.440562262140554689e-02 2.272590973099103059e-02 -1.745550876552113065e-02 9.992913508207189599e-01
1.403636581513555527e+09 1.166405901312828064e-01 -1.827490516006946564e-02 -2.589234337210655212e-02 -2.573186321575277047e-02 1.744909568367474309e-02 -2.001895178201854378e-02 9.993160870539496976e-01
1.403636581563555717e+09 9.360195696353912354e-02 -1.699592173099517822e-02 -1.886047236621379852e-02 -2.654481082346313303e-02 1.132592822017872841e-02 -1.876992332844175035e-02 9.994072174777117734e-01
1.403636581613555431e+09 6.648053228855133057e-02 -1.482197269797325134e-02 -1.084686908870935440e-02 -2.566804835691407702e-02 4.873570820097546108e-03 -1.748106569115618486e-02 9.995057838468520695e-01
1.403636581663555622e+09 3.620539233088493347e-02 -1.244040951132774353e-02 -1.819549011997878551e-03 -2.513263145471197890e-02 -4.227050500358878535e-05 -1.513397090019436356e-02 9.995695633492238663e-01
1.403636581713555574e+09 4.851640667766332626e-03 -8.853444829583168030e-03 7.615717593580484390e-03 -2.449357747760223455e-02 -3.478463082652639288e-03 -1.668798645670756947e-02 9.995546388592030373e-01
1.403636581763555765e+09 -2.835522778332233429e-02 -5.896752700209617615e-03 1.735617779195308685e-02 -2.315960928362253979e-02 -4.992554252305081083e-03 -1.488594471604617886e-02 9.996084811313769025e-01
1.403636581813555479e+09 -6.179552152752876282e-02 -3.495789831504225731e-03 2.590132132172584534e-02 -2.015491073920100754e-02 -6.387027970121023426e-03 -1.479544396206397550e-02 9.996669846927871417e-01
1.403636581863555670e+09 -9.581166505813598633e-02 -7.870596018619835377e-04 3.418788313865661621e-02 -1.898724506085683675e-02 -8.534012935527144142e-03 -1.410830706752703827e-02 9.996837554046297258e-01
1.403636581913555622e+09 -1.292524635791778564e-01 9.210887365043163300e-04 4.229749366641044617e-02 -1.732826532380563403e-02 -1.317747999303747058e-02 -1.176664276729990667e-02 9.996937687911673365e-01
1.403636581963555574e+09 -1.614820212125778198e-01 2.293188823387026787e-03 4.987277835607528687e-02 -1.953723911865270710e-02 -1.972301188433907629e-02 -1.046251444128145844e-02 9.995598205617294285e-01
1.403636582013555527e+09 -1.915478855371475220e-01 3.136099781841039658e-03 5.739448964595794678e-02 -2.153890269199159463e-02 -2.757296365595337737e-02 -8.715166206660010170e-03 9.993497151768456765e-01
1.403636582063555717e+09 -2.186222672462463379e-01 3.810973605141043663e-03 6.323436647653579712e-02 -2.332999641040655464e-02 -3.609581133119225960e-02 -8.920574168911662993e-03 9.990361490097994235e-01
1.403636582113555431e+09 -2.409990727901458740e-01 3.781411563977599144e-03 6.840074807405471802e-02 -2.310078981906750137e-02 -4.456037690713596233e-02 -9.501859620853729191e-03 9.986943681544293572e-01
1.403636582163555622e+09 -2.569417953491210938e-01 2.774939406663179398e-03 7.123609632253646851e-02 -2.139185968509666608e-02 -5.178650567119857939e-02 -8.777539412790793735e-03 9.983904551684360529e-01
1.403636582213555574e+09 -2.652520239353179932e-01 1.458616694435477257e-03 7.254454493522644043e-02 -1.973469697874843942e-02 -5.762071779729006915e-02 -9.185021539472865496e-03 9.981012123001361536e-01
1.403636582263555765e+09 -2.647312283515930176e-01 7.164587441366165876e-05 7.229235023260116577e-02 -1.880121741096767510e-02 -6.124129359988639970e-02 -9.321116600512366346e-03 9.979023674525467902e-01
1.403636582313555479e+09 -2.548344731330871582e-01 -1.868387917056679726e-03 7.021728157997131348e-02 -1.739376402882820277e-02 -6.235384167510846232e-02 -9.263246277800840645e-03 9.978595330354177451e-01
1.403636582363555670e+09 -2.354010492563247681e-01 -4.217278677970170975e-03 6.665090471506118774e-02 -1.632890448772825534e-02 -5.996723739086166211e-02 -8.569600839689901078e-03 9.980299891583354066e-01
1.403636582413555622e+09 -2.107675075531005859e-01 -6.897260900586843491e-03 6.018276140093803406e-02 -1.586029188119839409e-02 -5.370863872749843254e-02 -8.724380567141143406e-03 9.983925673056676109e-01
1.403636582463555574e+09 -1.822367459535598755e-01 -9.869717061519622803e-03 5.266308039426803589e-02 -1.590648705348100128e-02 -4.611227980454209868e-02 -8.474352918034184362e-03 9.987736613785256345e-01
1.403636582513555527e+09 -1.513707339763641357e-01 -1.197531539946794510e-02 4.476114735007286072e-02 -1.720962785666364098e-02 -3.967759587568658874e-02 -1.053336683057026074e-02 9.990087913916342321e-01
1.403636582563555717e+09 -1.190437823534011841e-01 -1.379452552646398544e-02 3.657541424036026001e-02 -1.890012558729852604e-02 -3.472448769418218922e-02 -1.100623384596590391e-02 9.991575741712058756e-01
1.403636582613555431e+09 -8.647031337022781372e-02 -1.470790617167949677e-02 2.812832966446876526e-02 -2.169186347119228184e-02 -3.173681591578979277e-02 -1.324933526986033991e-02 9.991730043839160968e-01
1.403636582663555622e+09 -5.344976857304573059e-02 -1.554844900965690613e-02 1.908952184021472931e-02 -2.438819649263474637e-02 -2.943023321568533079e-02 -1.349252482667430419e-02 9.991781768125785890e-01
1.403636582713555574e+09 -2.126147784292697906e-02 -1.596072688698768616e-02 1.032158732414245605e-02 -2.557990790259695793e-02 -2.715796502818176861e-02 -1.295800644696730800e-02 9.992197972999449229e-01
1.403636582763555765e+09 1.161186676472425461e-02 -1.538417953997850418e-02 1.820061588659882545e-03 -2.764116482746464820e-02 -2.378784365603755710e-02 -1.119413999785950735e-02 9.992721329702360933e-01
1.403636582813555479e+09 4.320951923727989197e-02 -1.465138606727123260e-02 -6.090037990361452103e-03 -3.085055610518342914e-02 -1.887254138598309233e-02 -8.769267742143562611e-03 9.993073452711641602e-01
1.403636582863555670e+09 7.485344260931015015e-02 -1.342554111033678055e-02 -1.383636426180601120e-02 -3.528177346686152405e-02 -1.210037612367929026e-02 -6.481074693216510967e-03 9.992831295631481314e-01
1.403636582913555622e+09 1.045625805854797363e-01 -1.248062867671251297e-02 -2.141618914902210236e-02 -3.831955470604645614e-02 -3.895451135402466444e-03 -4.129037317702205154e-03 9.992494124283541890e-01
1.403636582963555574e+09 1.305954158306121826e-01 -1.180854812264442444e-02 -2.931584045290946960e-02 -3.998414028562459477e-02 4.573598008721601466e-03 -3.965202227576905374e-03 9.991819793702088059e-01
1.403636583013555527e+09 1.507388800382614136e-01 -1.121942885220050812e-02 -3.608466312289237976e-02 -4.162010558393536286e-02 1.283532454871756483e-02 -3.872282696637919120e-03 9.990435559482021555e-01
1.403636583063555717e+09 1.637574285268783569e-01 -1.099255587905645370e-02 -4.038528352975845337e-02 -4.153171421379658890e-02 1.810518408031567758e-02 -5.217054691950129622e-03 9.989595093717376084e-01
1.403636583113555431e+09 1.703529953956604004e-01 -1.059159543365240097e-02 -4.292267560958862305e-02 -4.246626638869627907e-02 2.024844587225650347e-02 -6.373348412538236245e-03 9.988723627615166967e-01
1.403636583163555622e+09 1.675297766923904419e-01 -9.282024577260017395e-03 -4.250386357307434082e-02 -4.445485899137716079e-02 2.033003680538115684e-02 -8.570879227188040947e-03 9.987677383380090257e-01
1.403636583213555574e+09 1.567090600728988647e-01 -8.053905330598354340e-03 -3.951526805758476257e-02 -4.500241658856652532e-02 1.913656356740666559e-02 -1.055861661783302936e-02 9.987477609742797524e-01
1.403636583263555765e+09 1.395186930894851685e-01 -7.020663470029830933e-03 -3.447690233588218689e-02 -4.421774130777195860e-02 1.729366862956267792e-02 -1.132794706163789238e-02 9.988079885515225298e-01
1.403636583313555479e+09 1.171665042638778687e-01 -5.519056692719459534e-03 -2.685577981173992157e-02 -4.328355565755015455e-02 1.537554618002393361e-02 -1.122304517798556125e-02 9.988814592564216888e-01
1.403636583363555670e+09 9.144531190395355225e-02 -3.227438312023878098e-03 -1.818000338971614838e-02 -4.251325677292733252e-02 1.302156722924291063e-02 -1.189343575811630145e-02 9.989402424426202520e-01
1.403636583413555622e+09 6.193177029490470886e-02 -6.287738797254860401e-04 -8.444447070360183716e-03 -4.026556427059720111e-02 1.082742969886823364e-02 -1.099756463979124389e-02 9.990698197183618401e-01
1.403636583463555574e+09 2.934951893985271454e-02 2.229590900242328644e-03 1.246626954525709152e-03 -3.795990303302285845e-02 7.590428836948963018e-03 -1.279581230014324202e-02 9.991685034764528073e-01
1.403636583513555527e+09 -4.011227749288082123e-03 5.040502175688743591e-03 1.106759347021579742e-02 -3.649307337949959928e-02 4.457538387822209715e-03 -1.333322534166501983e-02 9.992350129217990595e-01
1.403636583563555717e+09 -3.882145881652832031e-02 8.049940690398216248e-03 2.106355875730514526e-02 -3.624012912334874381e-02 1.351367624809148883e-04 -1.505945093283470905e-02 9.992296271212037784e-01
1.403636583613555431e+09 -7.313542068004608154e-02 1.057954411953687668e-02 3.132742270827293396e-02 -3.865902856638571417e-02 -5.385598147918517833e-03 -1.644663879171347903e-02 9.991025887842285291e-01
1.403636583663555622e+09 -1.082636266946792603e-01 1.192886568605899811e-02 4.182912409305572510e-02 -3.583219326075275796e-02 -1.355814394355086758e-02 -1.458846239727878795e-02 9.991593503660030073e-01
1.403636583713555574e+09 -1.417025178670883179e-01 1.332426629960536957e-02 5.102072283625602722e-02 -3.424642096607138225e-02 -2.389379494164398099e-02 -1.038104626296553964e-02 9.990738226441465697e-01
1.403636583763555765e+09 -1.723458021879196167e-01 1.482246350497007370e-02 5.881273373961448669e-02 -3.226420954681676057e-02 -3.519804695319813520e-02 -6.186600633219853720e-03 9.988402496123215402e-01
1.403636583813555479e+09 -2.004690021276473999e-01 1.607850939035415649e-02 6.558575481176376343e-02 -3.204204801264551317e-02 -4.519162205917195974e-02 -3.185122421317332884e-03 9.984592527739815093e-01
1.403636583863555670e+09 -2.253602743148803711e-01 1.735674217343330383e-02 7.117927819490432739e-02 -3.213200305364169451e-02 -5.278083243380657374e-02 -2.770387765688942829e-03 9.980851882775251260e-01
1.403636583913555622e+09 -2.472369670867919922e-01 1.846370846033096313e-02 7.557497918605804443e-02 -3.268069342855865062e-02 -5.801829219268176546e-02 -5.663096337673511824e-03 9.977643907195443695e-01
1.403636583963555574e+09 -2.641199231147766113e-01 1.855680532753467560e-02 7.888775318861007690e-02 -3.121375524867816414e-02 -6.113937595052217761e-02 -8.787081182200139062e-03 9.976023583552485752e-01
1.403636584013555527e+09 -2.758914530277252197e-01 1.798086427152156830e-02 8.052646368741989136e-02 -2.837105284820808440e-02 -6.245784058421881973e-02 -1.036054015352306026e-02 9.975904774593468138e-01
1.403636584063555717e+09 -2.808061540126800537e-01 1.639647968113422394e-02 8.029656857252120972e-02 -2.465860998418402741e-02 -6.257310985730346609e-02 -1.131961352887565775e-02 9.976715016607372588e-01
1.403636584113555431e+09 -2.783179283142089844e-01 1.486020907759666443e-02 7.913910597562789917e-02 -2.167452602198607914e-02 -6.259623674280888339e-02 -1.106498068495675828e-02 9.977421972983812060e-01
1.403636584163555622e+09 -2.680468261241912842e-01 1.346961408853530884e-02 7.683522999286651611e-02 -1.966910264892235763e-02 -6.282609002117628405e-02 -1.140864388060641374e-02 9.977654291758372151e-01
1.403636584213555574e+09 -2.505927681922912598e-01 1.194805186241865158e-02 7.312162220478057861e-02 -1.900090134672508327e-02 -6.270300126628090831e-02 -1.218755917476481952e-02 9.977769103269399364e-01
1.403636584263555765e+09 -2.273489385843276978e-01 1.019172463566064835e-02 6.784551590681076050e-02 -1.880854921565064744e-02 -6.136269477148707796e-02 -1.221139818624423709e-02 9.978635878320849528e-01
1.403636584313555479e+09 -2.005232870578765869e-01 8.480699732899665833e-03 6.206331402063369751e-02 -1.892791327062467999e-02 -5.945105513186487584e-02 -1.252589940952435199e-02 9.979731499328577948e-01
1.403636584363555670e+09 -1.697773039340972900e-01 6.992195732891559601e-03 5.579984560608863831e-02 -2.010476550133300302e-02 -5.788171923927862283e-02 -1.416632878073035597e-02 9.980204507478380727e-01
1.403636584413555622e+09 -1.364575475454330444e-01 6.213019602000713348e-03 4.914719238877296448e-02 -2.384248234172272121e-02 -5.600944638584788582e-02 -1.760736885779577016e-02 9.979902096279507084e-01
1.403636584463555574e+09 -1.000811755657196045e-01 5.501275416463613510e-03 4.228406772017478943e-02 -2.712830230995564793e-02 -5.290470800196329926e-02 -2.034564977815544323e-02 9.980236478260979816e-01
1.403636584513555527e+09 -6.313128024339675903e-02 4.232627339661121368e-03 3.502061218023300171e-02 -2.892770795317610791e-02 -4.799611914781011512e-02 -2.145653818146325137e-02 9.981979649491339313e-01
1.403636584563555717e+09 -2.623606286942958832e-02 3.366518067196011543e-03 2.749157138168811798e-02 -3.060719239882475629e-02 -4.126262115714827289e-02 -2.082493625884229704e-02 9.984622766527125881e-01
1.403636584613555431e+09 1.146863587200641632e-02 1.698368461802601814e-03 1.885252073407173157e-02 -3.309488232685794257e-02 -3.259865131693076568e-02 -2.021316586197066320e-02 9.987159178775137924e-01
1.403636584663555622e+09 4.746192321181297302e-02 -1.567234721733257174e-05 1.024481188505887985e-02 -3.681779503413694365e-02 -2.230573168769114933e-02 -1.924660351248639115e-02 9.988876175806435942e-01
1.403636584713555574e+09 8.125771582126617432e-02 -1.615993678569793701e-03 2.355438191443681717e-03 -3.983125253340281252e-02 -1.140666041049955698e-02 -1.929636756771361053e-02 9.989549587536924458e-01
1.403636584763555765e+09 1.117743477225303650e-01 -3.054731991142034531e-03 -6.111072842031717300e-03 -4.356972678735045179e-02 -1.404490259184426517e-03 -1.890546371593774394e-02 9.988705070010189813e-01
1.403636584813555479e+09 1.397970318794250488e-01 -4.930038005113601685e-03 -1.509508211165666580e-02 -4.529468079003182851e-02 6.828773834916925314e-03 -1.895820052835375108e-02 9.987704172495136534e-01
1.403636584863555670e+09 1.629334837198257446e-01 -6.466332357376813889e-03 -2.225330471992492676e-02 -4.611731379814543869e-02 1.369560882529568917e-02 -1.666832415759081365e-02 9.987030542842678660e-01
1.403636584913555622e+09 1.811295151710510254e-01 -8.046478033065795898e-03 -2.857956662774085999e-02 -4.556017171307015501e-02 1.829269821530208132e-02 -1.524096102433992496e-02 9.986778064283465817e-01
1.403636584963555574e+09 1.917526870965957642e-01 -9.485004469752311707e-03 -3.249059244990348816e-02 -4.642825625965275177e-02 2.076472757579731279e-02 -1.208524508860816041e-02 9.986326601711659201e-01
1.403636585013555527e+09 1.951147764921188354e-01 -9.858280420303344727e-03 -3.311661258339881897e-02 -4.821556803784745465e-02 2.051194783823223275e-02 -1.081040510578913823e-02 9.985678014717469519e-01
1.403636585063555717e+09 1.915389150381088257e-01 -9.906204417347908020e-03 -3.181717544794082642e-02 -4.994882944643849049e-02 1.897732141419617921e-02 -9.557887775728879723e-03 9.985257245009461213e-01
1.403636585113555431e+09 1.819448322057723999e-01 -9.602261707186698914e-03 -2.837210334837436676e-02 -5.021752742083038928e-02 1.675529637847987877e-02 -9.098996578487979561e-03 9.985562919757063893e-01
1.403636585163555622e+09 1.670316010713577271e-01 -8.171579800546169281e-03 -2.338591963052749634e-02 -5.265945011924440949e-02 1.396935477410283372e-02 -8.439274209535635451e-03 9.984791525571028448e-01
1.403636585213555574e+09 1.473290175199508667e-01 -6.181938108056783676e-03 -1.642209477722644806e-02 -5.549365882191178295e-02 1.089869411139191176e-02 -8.805175081910076099e-03 9.983607269864939182e-01
1.403636585263555765e+09 1.242715641856193542e-01 -3.174563404172658920e-03 -8.212935179471969604e-03 -5.866297278347521599e-02 7.630790045173444121e-03 -1.196902140707816094e-02 9.981769227917707266e-01
1.403636585313555479e+09 9.977816045284271240e-02 9.502389002591371536e-04 3.629618731793016195e-04 -6.105877774817447534e-02 4.813832358078065123e-03 -1.475583844450167534e-02 9.980134858356008998e-01
1.403636585363555670e+09 7.381568849086761475e-02 4.515015054494142532e-03 9.015728719532489777e-03 -6.233647166797363914e-02 1.597099141453352114e-03 -1.923463330037528118e-02 9.978685496878435535e-01
1.403636585413555622e+09 4.777113348245620728e-02 7.847599685192108154e-03 1.769380830228328705e-02 -6.278252487515244284e-02 -1.995029124492903993e-03 -2.128461709676439384e-02 9.977982458914914643e-01
1.403636585463555574e+09 2.115242928266525269e-02 1.068737916648387909e-02 2.561876922845840454e-02 -5.963687008418779717e-02 -6.699479406081919330e-03 -2.302358029161199679e-02 9.979320996204126271e-01
1.403636585513555527e+09 -5.203010980039834976e-03 1.338828820735216141e-02 3.156225755810737610e-02 -5.695151537818244486e-02 -1.206082119911274300e-02 -2.416486880137740448e-02 9.980115834016876075e-01
1.403636585563555717e+09 -3.000473044812679291e-02 1.519579440355300903e-02 3.552287817001342773e-02 -5.106150801940782108e-02 -1.792391228089939420e-02 -2.479435910243380295e-02 9.982267755996280245e-01
1.403636585613555431e+09 -5.264700576663017273e-02 1.606934890151023865e-02 3.706687316298484802e-02 -4.449660424426384042e-02 -2.411730249937543008e-02 -2.424017187893722988e-02 9.984241693780065985e-01
1.403636585663555622e+09 -7.161343097686767578e-02 1.678849942982196808e-02 3.735188022255897522e-02 -3.819351417707360363e-02 -3.090564537766947451e-02 -2.200264167451851036e-02 9.985499388202565552e-01
1.403636585713555574e+09 -8.704494684934616089e-02 1.698144152760505676e-02 3.559973835945129395e-02 -3.198258779976866084e-02 -3.824826870110091537e-02 -1.905334825073621771e-02 9.985745610315910348e-01
1.403636585763555765e+09 -9.858295321464538574e-02 1.728540286421775818e-02 3.333819285035133362e-02 -2.805649508712415238e-02 -4.604883896606016408e-02 -1.580591883347085003e-02 9.984200070326785248e-01
1.403636585813555479e+09 -1.068583279848098755e-01 1.692928746342658997e-02 3.001971356570720673e-02 -2.371176938918838004e-02 -5.396384803448948247e-02 -1.141868465068034307e-02 9.981960071742387308e-01
1.403636585863555670e+09 -1.120087876915931702e-01 1.650471985340118408e-02 2.608499862253665924e-02 -2.027936082686440308e-02 -6.315392967136940205e-02 -7.644353859308118150e-03 9.977684563793300931e-01
1.403636585913555622e+09 -1.147415935993194580e-01 1.596499234437942505e-02 2.183373831212520599e-02 -1.793371454148250110e-02 -7.248610763324167539e-02 -4.395386990014978242e-03 9.971984890963957460e-01
1.403636585963555574e+09 -1.160458475351333618e-01 1.571096479892730713e-02 1.752925850450992584e-02 -1.843359087290036280e-02 -8.316226832982333284e-02 -1.820290879640808993e-03 9.963638524128034524e-01
1.403636586013555527e+09 -1.163569316267967224e-01 1.546228770166635513e-02 1.393736526370048523e-02 -2.192789634550753458e-02 -9.514058146348967904e-02 5.963612782633660216e-04 9.952221267003038552e-01
1.403636586063555717e+09 -1.160546094179153442e-01 1.525630149990320206e-02 1.109686307609081268e-02 -2.895672328848158950e-02 -1.075001916337504360e-01 1.307248556497985284e-03 9.937824249182074521e-01
1.403636586113555431e+09 -1.151423156261444092e-01 1.391919795423746109e-02 7.774611935019493103e-03 -3.567919096542566254e-02 -1.182251857858020866e-01 3.258394507874791228e-03 9.923402559823905067e-01
1.403636586163555622e+09 -1.137437000870704651e-01 1.171780098229646683e-02 4.291804041713476181e-03 -4.121679828034502391e-02 -1.275620018230659014e-01 5.634653403008100733e-03 9.909578002677195130e-01
1.403636586213555574e+09 -1.125210970640182495e-01 9.032031521201133728e-03 3.038717841263860464e-04 -4.376261604212344086e-02 -1.361190354682929038e-01 8.111924721426660989e-03 9.896921937136037295e-01
1.403636586263555765e+09 -1.118869855999946594e-01 6.507475394755601883e-03 -4.473038949072360992e-03 -4.468567314169847454e-02 -1.455344889106611195e-01 9.792685661596337368e-03 9.882949997146192045e-01
1.403636586313555479e+09 -1.115316227078437805e-01 4.870790056884288788e-03 -9.243424050509929657e-03 -4.574971738521414755e-02 -1.553700322163232006e-01 1.273259349449971760e-02 9.867142430872148928e-01
1.403636586363555670e+09 -1.119944304227828979e-01 3.948774188756942749e-03 -1.460441295057535172e-02 -4.671959797949219034e-02 -1.656378453167760278e-01 1.520960914267384043e-02 9.849619541653257260e-01
1.403636586413555622e+09 -1.124717816710472107e-01 3.222472965717315674e-03 -2.042468450963497162e-02 -4.741169934901885707e-02 -1.757281590196240195e-01 1.842170041894647392e-02 9.831237896857580871e-01
1.403636586463555574e+09 -1.135403066873550415e-01 3.420594846829771996e-03 -2.640665322542190552e-02 -4.760316200933872172e-02 -1.853930426807850751e-01 1.871039978014366403e-02 9.813324001745485914e-01
1.403636586513555527e+09 -1.139613837003707886e-01 4.656234290450811386e-03 -3.205881267786026001e-02 -4.750145183682668443e-02 -1.939154994801223497e-01 1.819518750813189922e-02 9.796985895091981922e-01
1.403636586563555717e+09 -1.134528070688247681e-01 6.734593305736780167e-03 -3.654223307967185974e-02 -4.614904605342233512e-02 -2.005749367760425173e-01 1.767537631749691723e-02 9.784311633209975545e-01
1.403636586613555431e+09 -1.120660081505775452e-01 9.872001595795154572e-03 -4.005191847681999207e-02 -4.473100504468977001e-02 -2.043541326978837724e-01 1.739182098788223663e-02 9.777198219324968465e-01
1.403636586663555622e+09 -1.097753942012786865e-01 1.423361524939537048e-02 -4.181972518563270569e-02 -4.474501879770585028e-02 -2.049071409678073219e-01 1.815761181383810513e-02 9.775895089486230649e-01
1.403636586713555574e+09 -1.075135245919227600e-01 1.886448822915554047e-02 -4.275022819638252258e-02 -4.370759943560962452e-02 -2.024552417995516551e-01 1.815330887077964625e-02 9.781472170366296570e-01
1.403636586763555765e+09 -1.057298853993415833e-01 2.308597043156623840e-02 -4.239597544074058533e-02 -4.143803714119011911e-02 -1.986743252831768836e-01 1.903042280112830428e-02 9.790042106953217305e-01
1.403636586813555479e+09 -1.038497388362884521e-01 2.781581133604049683e-02 -4.100928455591201782e-02 -3.948967113832210774e-02 -1.945713140268658659e-01 1.913010120962416183e-02 9.799064286241597754e-01
1.403636586863555670e+09 -1.032177060842514038e-01 3.147036582231521606e-02 -3.933048993349075317e-02 -3.831624266305549281e-02 -1.909196539077382404e-01 1.818363194880801698e-02 9.806889959763419595e-01
1.403636586913555622e+09 -1.027410998940467834e-01 3.336431831121444702e-02 -3.711878508329391479e-02 -3.658342184719652612e-02 -1.881613938508772677e-01 1.601456400873484121e-02 9.813258769897261757e-01
1.403636586963555574e+09 -1.022753864526748657e-01 3.450442478060722351e-02 -3.463451936841011047e-02 -3.434634838517172661e-02 -1.860183713022245666e-01 1.482565744405161916e-02 9.818338422421708511e-01
1.403636587013555527e+09 -1.012262701988220215e-01 3.554501757025718689e-02 -3.186368569731712341e-02 -3.181960254789261561e-02 -1.850621149185404657e-01 1.196754190828524557e-02 9.821386381037274793e-01
1.403636587063555717e+09 -1.002470776438713074e-01 3.641710057854652405e-02 -2.917918749153614044e-02 -3.042857896818911695e-02 -1.857972138428954922e-01 1.078485879911352495e-02 9.820576274999737176e-01
1.403636587113555431e+09 -9.899727255105972290e-02 3.792073577642440796e-02 -2.650434523820877075e-02 -2.924945837166814319e-02 -1.882178263447728261e-01 8.852720848900812178e-03 9.816517449506135806e-01
1.403636587163555622e+09 -9.810859709978103638e-02 4.069369286298751831e-02 -2.383990027010440826e-02 -2.882397174054190936e-02 -1.906320303161976037e-01 7.390626704180392782e-03 9.812104699337163005e-01
1.403636587213555574e+09 -9.726331382989883423e-02 4.482146725058555603e-02 -2.103913202881813049e-02 -2.801052201750091689e-02 -1.920982088497381057e-01 7.015492534365274160e-03 9.809507998251132399e-01
1.403636587263555765e+09 -9.659128636121749878e-02 5.067599937319755554e-02 -1.825743913650512695e-02 -2.838225298945662445e-02 -1.930133281640092902e-01 7.562153499760261230e-03 9.807564002853823570e-01
1.403636587313555479e+09 -9.568870067596435547e-02 5.840537697076797485e-02 -1.532987877726554871e-02 -2.904046623360312385e-02 -1.936038532820610059e-01 8.543515354194664707e-03 9.806126695391336190e-01
1.403636587363555670e+09 -9.450870752334594727e-02 6.809873878955841064e-02 -1.217525359243154526e-02 -3.030712052170847146e-02 -1.943322919059418119e-01 9.424248030664997972e-03 9.804221653539474390e-01
1.403636587413555622e+09 -9.334342181682586670e-02 7.923391461372375488e-02 -9.099310263991355896e-03 -3.131715569220236417e-02 -1.951005302593074586e-01 1.063509374642685953e-02 9.802254402089819463e-01
1.403636587463555574e+09 -9.230954945087432861e-02 9.199048578739166260e-02 -6.430255249142646790e-03 -3.226609960140852662e-02 -1.960964537093689009e-01 1.271020644518014442e-02 9.799711885107859066e-01
1.403636587513555527e+09 -9.112350642681121826e-02 1.064131483435630798e-01 -4.290158860385417938e-03 -3.302967495296225964e-02 -1.970608202740559700e-01 1.491242623208806871e-02 9.797212324071019607e-01
1.403636587563555717e+09 -8.979104459285736084e-02 1.220886707305908203e-01 -2.547880401834845543e-03 -3.391023707362476186e-02 -1.975985456998311796e-01 1.665438702847667554e-02 9.795547672037681064e-01
1.403636587613555431e+09 -8.802678436040878296e-02 1.391843110322952271e-01 -1.030170940794050694e-03 -3.581119456809730289e-02 -1.970722596791319725e-01 1.855185321755744091e-02 9.795590393390082307e-01
1.403636587663555622e+09 -8.577280491590499878e-02 1.571759879589080811e-01 5.151674849912524223e-04 -3.790947871207256403e-02 -1.948216852298083612e-01 2.032764283418745516e-02 9.798949787221089558e-01
1.403636587713555574e+09 -8.317515254020690918e-02 1.760671436786651611e-01 2.009678166359663010e-03 -4.070472183047554871e-02 -1.913051529224377434e-01 2.246952153884102660e-02 9.804287759382841472e-01
1.403636587763555765e+09 -8.045192062854766846e-02 1.949116587638854980e-01 3.500750521197915077e-03 -4.388951745271826854e-02 -1.874197960810560781e-01 2.523616063539253426e-02 9.809743454805980312e-01
1.403636587813555479e+09 -7.814506441354751587e-02 2.138305604457855225e-01 4.660388454794883728e-03 -4.751590542203344703e-02 -1.845808587482458685e-01 2.706588376854789091e-02 9.812948503133559486e-01
1.403636587863555670e+09 -7.679725438356399536e-02 2.326973974704742432e-01 5.721078254282474518e-03 -5.074653400505407808e-02 -1.835566623830938993e-01 2.924370363899729194e-02 9.812627307600789717e-01
1.403636587913555622e+09 -7.657055556774139404e-02 2.509601116180419922e-01 6.663769483566284180e-03 -5.403875606639738094e-02 -1.846702263944046407e-01 3.044429447943861056e-02 9.808414067829135385e-01
1.403636587963555574e+09 -7.713183015584945679e-02 2.684209644794464111e-01 7.268184330314397812e-03 -5.855598437512082866e-02 -1.881892874104059976e-01 3.131556956623475496e-02 9.798853626320613852e-01
1.403636588013555527e+09 -7.832700014114379883e-02 2.843402922153472900e-01 7.897244766354560852e-03 -6.377988907800111185e-02 -1.934978917672960375e-01 3.150091993261351642e-02 9.785184636347997733e-01
1.403636588063555717e+09 -7.987683266401290894e-02 2.988587319850921631e-01 8.826664648950099945e-03 -6.778169968359211428e-02 -1.982213349254867973e-01 3.361934696756657681e-02 9.772326657852958842e-01
1.403636588113555431e+09 -8.167447894811630249e-02 3.117356002330780029e-01 9.877678006887435913e-03 -6.876263480328818900e-02 -2.014968460099897940e-01 3.488832193951171140e-02 9.764494488170808451e-01
1.403636588163555622e+09 -8.317176252603530884e-02 3.231175839900970459e-01 1.041661016643047333e-02 -6.941576183435216318e-02 -2.034058685115822107e-01 3.443023876126630883e-02 9.760235977284809072e-01
1.403636588213555574e+09 -8.486902713775634766e-02 3.322240114212036133e-01 1.133642811328172684e-02 -6.880429957525092954e-02 -2.037113704239372491e-01 3.432626935146194241e-02 9.760068407303154059e-01
1.403636588263555765e+09 -8.629482239484786987e-02 3.395388126373291016e-01 1.221433561295270920e-02 -6.797620524940771458e-02 -2.028541377384351085e-01 3.461728924299735388e-02 9.762331061830228363e-01
1.403636588313555479e+09 -8.738359808921813965e-02 3.443181514739990234e-01 1.282836776226758957e-02 -6.665567275393312341e-02 -2.011001249050654582e-01 3.561371547088616751e-02 9.766511272318517678e-01
1.403636588363555670e+09 -8.843729645013809204e-02 3.464775681495666504e-01 1.327499467879533768e-02 -6.496696060370610315e-02 -1.992672348888344658e-01 3.602065455416836315e-02 9.771255679671695393e-01
1.403636588413555622e+09 -8.939728140830993652e-02 3.470398187637329102e-01 1.320216804742813110e-02 -6.434723055996278973e-02 -1.976896395755483593e-01 3.722439744620981844e-02 9.774418573800282006e-01
1.403636588463555574e+09 -9.020088613033294678e-02 3.448249995708465576e-01 1.278668921440839767e-02 -6.434210231243833733e-02 -1.971542339600584060e-01 3.788445051503384203e-02 9.775249717070209066e-01
1.403636588513555527e+09 -9.032269567251205444e-02 3.411702513694763184e-01 1.171924546360969543e-02 -6.604830396966702988e-02 -1.976524583729158957e-01 3.692094688905994682e-02 9.773474156729983209e-01
1.403636588563555717e+09 -8.945779502391815186e-02 3.357983529567718506e-01 1.035547349601984024e-02 -6.707523664560328946e-02 -1.975763113059646470e-01 3.609740308497984274e-02 9.773236369443775162e-01
1.403636588613555431e+09 -8.829592913389205933e-02 3.279224932193756104e-01 8.346692658960819244e-03 -6.693418904501038935e-02 -1.971705060408689703e-01 3.615752146165484432e-02 9.774130342522675541e-01
1.403636588663555622e+09 -8.733766525983810425e-02 3.177535235881805420e-01 6.298920139670372009e-03 -6.615938243459372481e-02 -1.967433839206475799e-01 3.581014274040274226e-02 9.775646324802457210e-01
1.403636588713555574e+09 -8.757019788026809692e-02 3.059879839420318604e-01 4.042962566018104553e-03 -6.425932252073511541e-02 -1.972104969128090635e-01 3.629949058143314838e-02 9.775792072052819082e-01
1.403636588763555765e+09 -8.849868178367614746e-02 2.925791740417480469e-01 1.882212702184915543e-03 -6.180750264591111653e-02 -1.986928928268239247e-01 3.522002518034110519e-02 9.774766067702490568e-01
1.403636588813555479e+09 -8.952204138040542603e-02 2.778511941432952881e-01 -4.829439421882852912e-05 -5.969527528558989798e-02 -2.002227236685895639e-01 3.459359957587024997e-02 9.773180740698973468e-01
1.403636588863555670e+09 -9.081399440765380859e-02 2.614996731281280518e-01 -1.432558754459023476e-03 -5.739866975626094214e-02 -2.010838121599145822e-01 3.449671884245100739e-02 9.772822875641166140e-01
1.403636588913555622e+09 -9.167455136775970459e-02 2.433315068483352661e-01 -2.912687603384256363e-03 -5.467379984392208708e-02 -2.010401404114140478e-01 3.439947820337323908e-02 9.774509263657797931e-01
1.403636588963555574e+09 -9.216775745153427124e-02 2.240214198827743530e-01 -4.762127995491027832e-03 -5.199839250739808627e-02 -2.003871231754174864e-01 3.347105954329451100e-02 9.777631902537422537e-01
1.403636589013555527e+09 -9.218094497919082642e-02 2.036610245704650879e-01 -6.967386696487665176e-03 -4.905749717500484247e-02 -1.986650617021444576e-01 3.236432407975263492e-02 9.783036878989408436e-01
1.403636589063555717e+09 -9.172835946083068848e-02 1.821599453687667847e-01 -9.573064744472503662e-03 -4.588387628329382295e-02 -1.962301761134885025e-01 3.102600945157299797e-02 9.789922239819882632e-01
1.403636589113555431e+09 -9.088213741779327393e-02 1.600884497165679932e-01 -1.222959253937005997e-02 -4.284794899229301540e-02 -1.936568720768339913e-01 2.890162287451257528e-02 9.797069793360615453e-01
1.403636589163555622e+09 -8.975824713706970215e-02 1.375337690114974976e-01 -1.457822136580944061e-02 -4.053742680868142184e-02 -1.913108913241693965e-01 2.773591414406725505e-02 9.802997393425521011e-01
1.403636589213555574e+09 -8.865813165903091431e-02 1.142376288771629333e-01 -1.684572361409664154e-02 -3.839551752742865337e-02 -1.901678341146485485e-01 2.694787710739332195e-02 9.806303029283509609e-01
1.403636589263555765e+09 -8.821280300617218018e-02 9.024609625339508057e-02 -1.908471249043941498e-02 -3.636902931467703853e-02 -1.903656416922865080e-01 2.592323339525410067e-02 9.806967941928469434e-01
1.403636589313555479e+09 -8.850149065256118774e-02 6.608583778142929077e-02 -2.079661376774311066e-02 -3.375391469417867579e-02 -1.917064229476251880e-01 2.399941955583481321e-02 9.805780685414228204e-01
1.403636589363555670e+09 -8.983732759952545166e-02 4.170800372958183289e-02 -2.229324728250503540e-02 -3.121824909244483304e-02 -1.938980503725868665e-01 2.277247588862997552e-02 9.802603640498852577e-01
1.403636589413555622e+09 -9.112809598445892334e-02 1.764564961194992065e-02 -2.347526885569095612e-02 -2.900855242938094394e-02 -1.958523541508025156e-01 2.069403417217331384e-02 9.799857734728711911e-01
1.403636589463555574e+09 -9.251040965318679810e-02 -6.172644440084695816e-03 -2.450469695031642914e-02 -2.779683174663253459e-02 -1.963210904960000225e-01 1.870504073100265688e-02 9.799670846628280030e-01
1.403636589513555527e+09 -9.437265992164611816e-02 -3.032255358994007111e-02 -2.554671093821525574e-02 -2.663672627880211280e-02 -1.954547847643486047e-01 1.808723002830660634e-02 9.801840460014502598e-01
1.403636589563555717e+09 -9.645812958478927612e-02 -5.447188019752502441e-02 -2.663957327604293823e-02 -2.472873725036921558e-02 -1.942375112368869283e-01 1.771012656320643947e-02 9.804828556377809257e-01
1.403636589613555431e+09 -9.856221079826354980e-02 -7.805991172790527344e-02 -2.760799042880535126e-02 -2.355977290338902991e-02 -1.929728352957219006e-01 1.655996746370506228e-02 9.807814177564091462e-01
1.403636589663555622e+09 -1.005682498216629028e-01 -1.016003489494323730e-01 -2.879875898361206055e-02 -2.203029966584752267e-02 -1.918063311486627454e-01 1.539903199709721955e-02 9.810646599697059322e-01
1.403636589713555574e+09 -1.028378605842590332e-01 -1.245541423559188843e-01 -2.989204972982406616e-02 -2.059142449685764584e-02 -1.912172112573711780e-01 1.458579002515459494e-02 9.812233314009028984e-01
