1403638518.127829552 -0.064741128 -0.000776339 -0.023572072 -0.831740753 -0.007526127 -0.007558036 0.555061757
1403638522.227829456 -0.069547079 0.000057989 -0.000999635 -0.832572314 -0.013054537 -0.000175453 0.553762486
1403638522.377829313 -0.071518510 0.002817015 0.049451596 -0.824947806 -0.015835116 0.009784201 0.564902324
1403638522.527829409 -0.072721906 0.008213660 0.116635097 -0.828072184 -0.016520387 0.024453699 0.559844220
1403638522.727829456 -0.076200006 0.020679583 0.209762278 -0.824176883 -0.023143885 0.035891894 0.564719929
1403638522.977829456 -0.075078215 0.031529282 0.337610706 -0.810646043 -0.019803163 0.060503036 0.582065470
1403638523.677829266 -0.032530437 0.022180439 0.200304043 -0.825561024 -0.028166402 0.029245696 0.562850191
1403638523.877829313 -0.021376161 0.008554810 0.107199791 -0.830558618 -0.034429177 0.022089659 0.555426918
1403638524.127829552 -0.015554321 -0.007413854 0.061475194 -0.835660569 -0.052111569 0.004502494 0.546749967
1403638524.327829599 -0.014623166 -0.006093298 0.140782998 -0.837977370 -0.053821342 0.017223585 0.542771166
1403638524.527829409 -0.016009885 0.006983668 0.262796365 -0.825515214 -0.049995052 0.030716784 0.561321303
1403638524.727829456 -0.020337256 0.024146931 0.372164206 -0.812761660 -0.040397845 0.021577747 0.580793336
1403638525.577829361 -0.031183573 0.026484036 0.181350995 -0.837199372 -0.056536236 0.028835766 0.543202876
1403638525.927829504 -0.025477408 0.024600890 0.080435062 -0.833867631 -0.042587840 0.014297834 0.550133276
1403638526.277829409 0.065902504 0.012275355 0.097450967 -0.836967961 -0.022031187 0.001237145 0.546806847
1403638526.627829552 0.235546806 -0.014886230 0.139992337 -0.819995887 0.013591288 -0.005206884 0.572184333
1403638527.027829409 0.484490857 -0.058405063 0.148888237 -0.819146717 0.037939496 -0.032472282 0.571405987
1403638527.377829313 0.607991660 -0.081616167 0.170136534 -0.814880483 0.083352415 -0.072920507 0.568950589
1403638528.177829266 0.292220432 0.038428015 0.167746411 -0.815356441 0.053916727 -0.041006876 0.574982866
1403638529.577829361 0.036561339 0.064105785 0.127000207 -0.844874143 0.044689060 -0.051362975 0.530615128
1403638529.827829599 0.011047930 0.034889254 0.068693656 -0.841814467 0.041773903 -0.051516615 0.535676565
1403638530.377829313 0.009220913 0.086424353 0.004136441 -0.837683323 0.058702697 -0.058459620 0.539836194
1403638530.927829504 0.026037022 0.118031743 -0.027153503 -0.843520238 0.069355887 -0.056900440 0.529552366
1403638539.127829552 0.022773386 0.135742159 -0.023218344 -0.818030052 0.065396613 -0.061087480 0.568171133
1403638539.427829504 0.030779429 0.161126734 0.031753980 -0.813766713 0.062985131 -0.060363088 0.574606741
1403638539.777829409 0.021750775 0.204866456 0.124110078 -0.817752311 0.059439337 -0.058913457 0.569453534
1403638540.777829409 0.018937660 0.523449803 0.206712463 -0.823149976 -0.003723913 -0.030639712 0.566984530
1403638541.027829409 -0.012936318 0.646425701 0.211513803 -0.820507787 -0.068179277 0.000141612 0.567554876
1403638541.527829409 -0.140938277 0.903558795 0.219138843 -0.816104784 -0.102957688 0.025382792 0.568091903
1403638541.977829456 -0.361802559 1.128274339 0.337584826 -0.810393737 -0.134897057 0.063845261 0.566558521
1403638542.227829456 -0.511632948 1.239805387 0.391169539 -0.803794751 -0.182230526 0.101023569 0.557225513
1403638542.477829456 -0.664086667 1.356078682 0.412464543 -0.780824718 -0.236067683 0.128116766 0.564066400
1403638543.327829599 -1.297818290 1.554079854 0.571904876 -0.784737280 -0.248394949 0.149103059 0.547955864
1403638543.777829409 -1.669933668 1.627216872 0.595035371 -0.767775690 -0.303293159 0.175213383 0.536501650
1403638544.027829409 -1.900844243 1.651206645 0.638512877 -0.747376357 -0.350018616 0.208854422 0.524685982
1403638544.627829552 -2.475112648 1.737529091 0.730558932 -0.734703557 -0.366737305 0.238815465 0.518345064
1403638545.677829266 -3.433835138 1.941788383 0.716077681 -0.723182314 -0.390866581 0.257919929 0.507649452
1403638545.977829456 -3.692039661 1.992956807 0.734350767 0.692897046 0.448823727 -0.288880248 -0.484767107
1403638546.377829313 -4.047715430 2.055611580 0.766471204 0.666661041 0.489470550 -0.315861767 -0.464987076
1403638547.377829313 -5.019100504 2.155513308 0.798746180 0.644691113 0.520313990 -0.321447486 -0.458604660
1403638548.327829599 -6.094476771 2.046961915 0.683642607 0.634560394 0.535711716 -0.342409671 -0.439433364
1403638548.677829266 -6.532852886 1.973603684 0.715882598 0.607337626 0.565828400 -0.366910784 -0.419947266
1403638549.327829599 -7.397896096 1.814982851 0.878413115 0.602371161 0.571000878 -0.375122027 -0.412783777
1403638549.827829599 -8.092230949 1.707400667 1.037863688 0.604737346 0.564522186 -0.379832825 -0.413925680
1403638550.427829504 -8.935566272 1.624643912 1.358007401 0.606137089 0.564940290 -0.380861908 -0.410346811
1403638550.927829504 -9.642366009 1.624383235 1.585780357 0.598831841 0.550921018 -0.401128716 -0.420692538
1403638551.627829552 -10.436342809 1.766449820 1.810457839 0.640336069 0.503606165 -0.390905040 -0.428420120
1403638551.977829456 -10.722326882 1.962175554 1.872973444 0.674959214 0.452838480 -0.354957532 -0.461922635
1403638552.677829266 -11.091501344 2.502976027 2.088295636 0.676820285 0.432631832 -0.349251532 -0.482459705
1403638553.677829266 -11.021644081 3.476303182 2.175391891 -0.644923121 -0.456763575 0.343614965 0.507316430
1403638554.277829409 -10.599562847 3.914175889 2.361458460 0.662922640 0.470837299 -0.323789604 -0.483741774
1403638555.127829552 -9.915869404 4.386645369 2.495694617 0.678768745 0.457177784 -0.323626218 -0.474897394
1403638555.477829456 -9.625844874 4.609766135 2.499933772 0.693159160 0.436890644 -0.301185849 -0.487795067
1403638556.077829361 -9.138921189 4.996660768 2.566850653 0.696156658 0.436900415 -0.293397967 -0.488263830
1403638556.627829552 -8.752452616 5.386057285 2.643140611 0.713339923 0.436899731 -0.291923056 -0.463730212
1403638557.427829504 -8.327589867 6.156886513 2.781315970 0.701112893 0.430376855 -0.303646475 -0.480640502
1403638557.977829456 -8.053837914 6.754111586 2.870405615 0.696380187 0.440661193 -0.288120272 -0.487707963
1403638558.427829504 -7.883221405 7.218899758 2.903430745 0.713455816 0.448858268 -0.272605560 -0.463889278
1403638558.927829504 -7.880176471 7.778141384 3.060802169 0.715423049 0.433051158 -0.290271367 -0.465165657
1403638559.327829599 -7.944009442 8.274778959 3.095037938 0.700462602 0.436673431 -0.288786909 -0.485046986
1403638560.127829552 -8.145774081 9.170922311 2.997331706 -0.708837048 -0.414769585 0.273955913 0.500464173
1403638560.377829313 -8.205061824 9.426986410 2.933003753 -0.730877322 -0.359408405 0.244003933 0.526408604
1403638560.677829266 -8.273946910 9.719412694 2.829131740 -0.757056813 -0.279266502 0.208666919 0.552569742
1403638560.977829456 -8.287868931 9.989246141 2.750420163 -0.774837070 -0.209984559 0.177610033 0.569200032
1403638561.427829504 -8.179716914 10.320143052 2.741746231 -0.785152636 -0.154902102 0.130821973 0.585172016
1403638562.077829361 -7.887991251 10.649231645 2.649156835 -0.794784120 -0.154101431 0.093887597 0.579444623
1403638562.527829409 -7.668102874 10.810322790 2.615358768 -0.800787657 -0.098627156 0.060754761 0.587639917
1403638562.827829599 -7.503318494 10.880787698 2.647564466 -0.804987759 -0.026154067 0.031702471 0.591866224
1403638563.127829552 -7.316139586 10.919398073 2.647405291 -0.805016764 0.044028559 -0.000912901 0.591615299
1403638563.677829266 -6.864443966 10.882775399 2.557325641 -0.791598278 0.079385656 -0.032901467 0.604969071
1403638564.677829266 -5.746054751 10.277234038 2.609692164 -0.793264118 0.057826839 -0.010519704 0.606034183
1403638565.227829456 -4.936985346 9.714416526 2.493756242 -0.795044394 0.065551861 -0.001070685 0.602997693
1403638565.627829552 -4.260735562 9.226087255 2.283852989 -0.793488319 0.057759630 -0.020104170 0.605504694
1403638565.977829456 -3.639612511 8.752291597 2.162927735 -0.800167488 0.046821622 -0.044376403 0.596297293
1403638566.427829504 -2.928537046 8.106613900 1.993432948 -0.803164458 0.047598018 -0.043535627 0.592254954
1403638566.777829409 -2.423304789 7.594990182 1.720494620 -0.827500189 0.042775580 -0.039300958 0.558452435
1403638567.077829361 -2.010588244 7.211382091 1.472377657 -0.831368733 0.037430532 -0.037293038 0.553203592
1403638567.627829552 -1.317625973 6.613782449 0.988466400 -0.814238068 0.034381882 -0.051555214 0.577214271
1403638567.977829456 -0.944870203 6.260441953 0.774083951 -0.823008001 0.038977519 -0.053813030 0.564130075
1403638568.477829456 -0.513013226 5.852704153 0.590183258 -0.822190595 0.036934337 -0.061038207 0.564723664
1403638569.127829552 -0.132477925 5.499690006 0.411785414 -0.824750393 0.034660318 -0.064588738 0.560726088
1403638570.827829599 0.022317857 5.377964364 0.178062243 -0.790531418 0.160620167 -0.051870078 0.588702585
1403638571.127829552 0.130087062 5.335944420 0.056869135 -0.773521984 0.219822792 -0.101489189 0.585697555
1403638571.377829313 0.276758198 5.237350992 -0.021157233 -0.774476460 0.236816147 -0.145103891 0.568374160
1403638571.777829409 0.566417131 5.010376727 -0.075700685 -0.767325799 0.268059994 -0.170797627 0.556940867
1403638572.077829361 0.813396360 4.816198563 -0.121833422 -0.750211552 0.325231834 -0.194420166 0.541855774
1403638572.327829599 1.049461871 4.630031888 -0.111545938 -0.735999007 0.365445531 -0.230465587 0.521191557
1403638572.577829361 1.308403152 4.426590805 -0.127776992 -0.724621950 0.395831296 -0.261001096 0.500119028
1403638573.027829409 1.807836942 4.101617366 -0.091604310 0.729443326 -0.398637124 0.278489033 -0.481087036
1403638573.677829266 2.629293968 3.817904674 -0.011368172 0.734528854 -0.394739967 0.281964074 -0.474493394
1403638574.027829409 3.113951542 3.765188503 0.092396359 0.693977850 -0.427209606 0.317343444 -0.484953436
1403638574.327829599 3.521114204 3.731334956 0.129261954 0.633956783 -0.494474174 0.340615886 -0.487416565
1403638574.627829552 3.891703237 3.639767706 0.138869820 0.599835432 -0.540319784 0.374841955 -0.455791065
1403638575.577829361 4.949272525 3.241154400 0.190174869 0.611087982 -0.558582190 0.368314736 -0.422967694
1403638576.377829313 6.020456646 2.894399089 0.357001510 0.629515960 -0.539869316 0.383446371 -0.406472211
1403638577.177829266 7.263941981 2.859440371 0.438823036 0.617107311 -0.533686951 0.394090703 -0.423142201
1403638578.127829552 8.642691934 3.221290215 0.560870989 0.621842187 -0.529352522 0.395189807 -0.420622417
1403638579.027829409 9.818111387 3.687566362 0.633021128 0.618857505 -0.528414578 0.397332986 -0.424169682
1403638579.677829266 10.556772829 4.050117771 0.730285310 0.609364796 -0.520687304 0.385696763 -0.456943415
1403638579.927829504 10.807226128 4.185165778 0.716130119 0.650698463 -0.469889549 0.366169130 -0.470866743
1403638580.127829552 10.963278652 4.292125158 0.707487089 -0.683440190 0.404686293 -0.334807316 0.506993662
1403638580.327829599 11.094192646 4.392026727 0.667946237 -0.718823193 0.337509981 -0.283927785 0.537368815
1403638580.477829456 11.171825057 4.457126029 0.627931811 -0.738763422 0.309817766 -0.242946648 0.547008669
1403638580.827829599 11.327906597 4.575827481 0.544626283 -0.771214159 0.262220970 -0.196789034 0.545658281
1403638581.777829409 11.742990765 4.860885725 0.669437842 -0.765527489 0.254950237 -0.209983251 0.552154938
1403638583.277829409 11.817766600 5.154615486 1.139026876 -0.772955529 0.260839990 -0.212586093 0.537874894
1403638584.277829409 11.581885438 5.409048103 1.367840607 -0.750680945 0.249273014 -0.225334396 0.568828176
1403638585.477829456 10.787032056 5.522406099 1.405265341 -0.765215450 0.259109408 -0.212366920 0.549734409
1403638586.327829599 10.161687913 5.575451067 1.556181633 -0.766961313 0.262015433 -0.211606175 0.546206082
1403638587.127829552 9.550782420 5.677845657 1.515827717 -0.763268380 0.259085740 -0.215120658 0.551379236
1403638588.177829266 8.637828866 5.779585857 1.403412728 -0.767370080 0.258795431 -0.217876914 0.544699675
1403638589.227829456 7.660093921 5.862713296 1.331776468 -0.764753513 0.263106013 -0.213090108 0.548196951
1403638590.177829266 6.759181061 5.836484628 1.284790515 -0.765991994 0.266475672 -0.211562373 0.545424921
1403638591.177829266 5.855009669 5.775064746 1.248622186 -0.776993135 0.273202927 -0.204656305 0.528921190
1403638591.727829456 5.490058869 5.825544507 1.209522389 -0.792194409 0.284057717 -0.191723681 0.504956693
1403638592.277829409 5.329978702 6.035594348 1.213237400 -0.775262399 0.272719287 -0.189389729 0.537330376
1403638592.577829361 5.291014216 6.162846874 1.318190376 -0.783033640 0.236577946 -0.161579340 0.552070024
1403638593.477829456 5.421946167 6.562109389 1.684295500 -0.793266297 0.194071468 -0.167869474 0.552163642
1403638594.077829361 5.501010504 6.869009693 1.859122064 -0.777707435 0.187156847 -0.157951266 0.578960151
1403638595.527829409 5.278084008 7.092676670 2.263098736 -0.790309439 0.180617869 -0.146238652 0.566923657
1403638596.977829456 4.427584183 7.200385721 2.321858382 -0.794046776 0.120835595 -0.224657812 0.551740287
1403638597.377829313 3.721568977 7.369954099 2.398091202 -0.786324139 0.127988245 -0.222465298 0.561980915
1403638597.677829266 3.042127597 7.526189198 2.402224301 -0.775883285 0.148883851 -0.197529358 0.580362714
1403638598.027829409 2.159415706 7.689021956 2.362786730 -0.783229045 0.120961812 -0.204992572 0.574367956
1403638598.277829409 1.453156009 7.797039279 2.355995978 -0.786628401 0.138582807 -0.160657159 0.579827424
1403638598.677829266 0.331035161 7.944126729 2.291570913 -0.795476733 0.135051563 -0.135534747 0.574985369
1403638598.927829504 -0.364109886 8.008900152 2.260197952 -0.801508121 0.102144922 -0.113138606 0.578230752
1403638599.127829552 -0.899279254 8.058048775 2.240215316 -0.805149490 0.068090273 -0.089701285 0.582281455
1403638599.327829599 -1.424424561 8.083972414 2.262051801 -0.810280625 0.031073492 -0.064320050 0.581672311
1403638599.577829361 -2.076714946 8.117663012 2.297340120 -0.817429085 0.000790544 -0.043864747 0.574356118
1403638599.977829456 -3.118649768 8.191700025 2.279542424 -0.820383703 0.002912149 -0.033532723 0.570821912
1403638600.477829456 -4.307740767 8.314933591 2.179810847 -0.828042878 0.047997213 0.008940854 0.558534977
1403638600.927829504 -5.102020961 8.521594815 2.189357545 -0.839298344 0.035435060 -0.010502471 0.542413445
1403638601.377829313 -5.716792784 8.862090394 2.196218451 -0.827054223 0.003183056 -0.041991191 0.560542524
1403638601.627829552 -6.064388836 9.087090372 2.218767754 -0.817316463 -0.024524785 -0.013014410 0.575519730
1403638601.827829599 -6.341351757 9.265286487 2.259567146 -0.811464317 -0.075086506 0.012711594 0.579418755
1403638602.027829409 -6.638058114 9.422893970 2.321480132 -0.805996394 -0.122231706 0.039228788 0.577832437
1403638602.277829409 -6.982075180 9.623490377 2.366754252 -0.794413662 -0.163519230 0.058352427 0.582033839
1403638602.477829456 -7.289787608 9.753241233 2.417092346 -0.763030854 -0.182866234 0.114546489 0.609280689
1403638602.627829552 -7.496383605 9.811492104 2.439570931 -0.734152676 -0.192866661 0.162974236 0.630286997
1403638602.877829313 -7.767439123 9.837205141 2.529360146 -0.723880941 -0.240293460 0.193359826 0.617144565
1403638603.127829552 -7.949366946 9.770090954 2.651829619 -0.716380682 -0.277429474 0.240311884 0.593364815
1403638603.577829361 -8.093807703 9.563067709 2.726782430 -0.741066019 -0.327808450 0.235179537 0.536706028
1403638604.577829361 -8.082668235 8.791342032 2.657060644 -0.729604907 -0.345055959 0.220594309 0.547678022
1403638605.077829361 -8.005367915 8.216734699 2.672647762 -0.751691340 -0.342737683 0.222360489 0.517732386
1403638606.027829409 -8.006407645 7.242926970 2.794868680 -0.725538281 -0.371184581 0.182250277 0.550091852
1403638606.577829361 -8.247400815 6.482241514 2.790168596 -0.754680057 -0.356736651 0.196111085 0.514526400
1403638606.927829504 -8.479566174 6.004275001 2.713508535 0.751754800 0.388850345 -0.220173649 -0.484957415
1403638607.177829266 -8.706553907 5.716009499 2.678718140 0.730998180 0.417515030 -0.257561636 -0.474325695
1403638607.427829504 -8.961269775 5.463117947 2.651377022 0.707194957 0.422538959 -0.287128149 -0.488767376
1403638608.027829409 -9.521417864 5.002082605 2.440586859 0.709130083 0.417726864 -0.296267647 -0.484627974
1403638608.727829456 -10.016522988 4.626619180 2.009993007 -0.691756633 -0.412056430 0.295859093 0.513954917
1403638609.377829313 -10.257373821 4.304743789 1.690248456 0.703711576 0.407915767 -0.301935700 -0.497221860
1403638610.577829361 -10.293541125 3.983910520 1.072524414 -0.688411712 -0.404672064 0.303683969 0.519717118
1403638611.627829552 -9.705646903 3.755774894 0.645759706 -0.685286604 -0.426559333 0.278418855 0.520492409
1403638612.677829266 -8.857834151 3.439975822 0.414523281 -0.699604323 -0.415039697 0.282242963 0.508561453
1403638613.827829599 -7.889018175 3.071938889 0.245158715 -0.703601781 -0.387763018 0.285221057 0.522717251
1403638614.177829266 -7.556040720 2.926634558 0.126073350 -0.728672533 -0.348008772 0.247684577 0.535330350
1403638614.527829409 -7.196921117 2.760579753 0.052702909 -0.750838074 -0.311403773 0.222121822 0.538453129
1403638614.877829313 -6.814249539 2.615464055 0.082166761 -0.778330258 -0.260894621 0.206695079 0.532365617
1403638615.127829552 -6.524873071 2.554043640 0.144143788 -0.795812970 -0.210389369 0.163652716 0.543724028
1403638615.377829313 -6.217521391 2.521020149 0.238923386 -0.800720669 -0.152354795 0.105523406 0.569648346
1403638615.577829361 -5.969599776 2.500625920 0.286065350 -0.805739009 -0.102119378 0.068089377 0.579413599
1403638615.877829313 -5.610788830 2.447416643 0.357950735 -0.809359196 -0.060335388 0.041677729 0.582718028
1403638616.177829266 -5.258941389 2.385718818 0.425197479 -0.812140865 -0.021945797 0.014630555 0.582864946
1403638616.427829504 -4.954813356 2.325718416 0.389930123 -0.813066088 0.024296553 -0.015837264 0.581448532
1403638616.677829266 -4.645449472 2.257709316 0.303453759 -0.818495313 0.055832571 -0.034123195 0.570774696
1403638616.927829504 -4.339758208 2.201803487 0.206863778 -0.832457323 0.073211400 -0.027544863 0.548540041
1403638617.577829361 -3.507570550 2.223082040 0.173819148 -0.834741427 0.044753458 -0.044713999 0.546995920
1403638618.527829409 -2.452387745 2.683188106 0.456513307 -0.829900727 0.028101318 -0.041653859 0.555643820
1403638619.127829552 -1.909618729 3.161677606 0.578139550 -0.815649451 0.067899146 -0.077042173 0.569359449
1403638619.427829504 -1.687547481 3.411948012 0.595400646 -0.802209404 0.137962710 -0.119489939 0.568461535
1403638620.377829313 -1.009836195 4.055439141 0.459610889 -0.783374195 0.198248330 -0.136531699 0.573045866
1403638621.527829409 -0.100774118 4.391423785 0.415096114 -0.789839703 0.168593762 -0.143118677 0.572054570
1403638623.677829266 0.471681217 3.747068880 0.309608224 -0.784967862 0.174368776 -0.141268005 0.577463710
1403638624.977829456 0.291815962 2.546327040 0.323085532 -0.790320619 0.167434583 -0.138125154 0.572957608
1403638626.227829456 0.150842174 1.235007107 0.362289586 -0.803586582 0.166927403 -0.120275003 0.558495990
1403638627.877829313 0.155092099 0.192637682 0.197685882 -0.804715498 0.152914511 -0.136303049 0.557199784
1403638628.327829599 0.135598947 0.097191043 0.133347462 -0.808952384 0.155085891 -0.137782154 0.550054983
1403638629.377829313 0.072114143 0.009843207 0.084124808 -0.803250644 0.157237357 -0.137723231 0.557760816
1403638630.277829409 0.059658176 0.024602421 0.000011789 -0.794818281 0.160006336 -0.138659234 0.568713890
1403638630.377829313 0.057737339 0.026895279 -0.027461433 -0.814084758 0.161575008 -0.133313308 0.541652181
1403638630.477829456 0.056904385 0.045606106 -0.008203497 -0.796280843 0.159201141 -0.134119679 0.567982155
1403638630.727829456 0.054036513 0.075125200 -0.030416893 -0.821324922 0.153590378 -0.124680788 0.535060808
1403638630.827829599 0.060064033 0.073107407 -0.030670332 -0.819077775 0.154591339 -0.129860019 0.536981835
