1403638518.127829552 -0.064741128 -0.000776339 -0.023572072 -0.831740753 -0.007526127 -0.007558036 0.555061757
1403638522.227829456 -0.069541373 0.000054429 -0.000971049 -0.832594236 -0.013026799 -0.000141718 0.553730188
1403638522.377829313 -0.071502276 0.002824653 0.049484916 -0.824984900 -0.015807565 0.009827960 0.564848162
1403638522.527829409 -0.072697335 0.008275847 0.116636316 -0.828152220 -0.016487726 0.024507430 0.559724434
1403638522.727829456 -0.076117327 0.020767098 0.210015995 -0.824321765 -0.023120140 0.035936494 0.564506559
1403638522.977829456 -0.074936202 0.031822101 0.338083474 -0.810885877 -0.019800242 0.060537616 0.581727808
1403638523.677829266 -0.032575870 0.022592713 0.200569667 -0.825704463 -0.028183744 0.029304053 0.562635841
1403638523.877829313 -0.021395244 0.008815221 0.107816994 -0.830702302 -0.034085122 0.022526408 0.555215680
1403638524.127829552 -0.015505034 -0.007199134 0.062160661 -0.835784440 -0.052003363 0.004754519 0.546568765
1403638524.327829599 -0.014792783 -0.006009830 0.141689404 -0.838159688 -0.053851386 0.017213915 0.542486910
1403638524.527829409 -0.016184711 0.006984234 0.264013959 -0.825752762 -0.050026603 0.030700944 0.560969845
1403638524.727829456 -0.021811900 0.026739420 0.370785051 -0.812919080 -0.040534979 0.021460402 0.580567770
1403638525.577829361 -0.031668716 0.029402450 0.179941784 -0.837280798 -0.056835830 0.028753058 0.543050472
1403638525.927829504 -0.025983821 0.025683346 0.080906711 -0.834024234 -0.042640344 0.014636310 0.549882857
1403638526.277829409 0.065133283 0.013602548 0.097794979 -0.837140067 -0.022339154 0.001143265 0.546531027
1403638526.627829552 0.234055054 -0.011500954 0.139278815 -0.820187369 0.013377951 -0.005231077 0.571914631
1403638527.027829409 0.483062607 -0.055834472 0.149206738 -0.819417301 0.037911214 -0.032281329 0.571030597
1403638527.377829313 0.617780803 -0.067599513 0.164019352 -0.815086640 0.083194493 -0.072262361 0.568762338
1403638528.177829266 0.291204424 0.041180583 0.169521376 -0.815611918 0.054148781 -0.040630301 0.574625345
1403638529.577829361 0.034753327 0.064713533 0.129690683 -0.845053402 0.044500545 -0.051522323 0.530329991
1403638529.827829599 0.009319833 0.035070281 0.071210420 -0.841873009 0.041533794 -0.051701708 0.535585394
1403638530.377829313 0.007400578 0.086811161 0.006395185 -0.837819111 0.058330914 -0.058938691 0.539613632
1403638530.927829504 0.024126817 0.118281212 -0.024836436 -0.843560746 0.068948813 -0.057586588 0.529466821
1403638539.127829552 0.020866588 0.136018992 -0.021002007 -0.818042127 0.065020701 -0.061622714 0.568139092
1403638539.427829504 0.023695730 0.166047351 0.035340199 -0.813819176 0.063120185 -0.060783963 0.574473238
1403638539.777829409 0.025637582 0.202226689 0.125347830 -0.817927598 0.059504451 -0.058743429 0.569212503
1403638540.777829409 0.025745216 0.513357720 0.199719071 -0.823042322 -0.003325188 -0.030084154 0.567173009
1403638541.027829409 -0.001008516 0.628146119 0.209210211 -0.820453949 -0.067807242 0.001058396 0.567676294
1403638541.527829409 -0.127800691 0.877894643 0.219016742 -0.816077920 -0.102592467 0.026188242 0.568160004
1403638541.977829456 -0.345920318 1.100262161 0.341020640 -0.810550996 -0.134471486 0.064754763 0.566331461
1403638542.227829456 -0.488611956 1.209032025 0.390063450 -0.803666639 -0.182105424 0.102083066 0.557258105
1403638542.477829456 -0.636279059 1.319281713 0.409867258 -0.780543005 -0.235885005 0.129255733 0.564272840
1403638543.327829599 -1.252017166 1.524440928 0.559390849 -0.784029107 -0.248723904 0.150970432 0.548308953
1403638543.777829409 -1.616200383 1.587571819 0.579343429 -0.766698661 -0.303526199 0.177034834 0.537311528
1403638544.027829409 -1.835232865 1.608912434 0.625230136 -0.746044784 -0.350382727 0.210900601 0.525518850
1403638544.627829552 -2.397662292 1.695353413 0.711842060 -0.732892053 -0.367455044 0.240955670 0.519409659
1403638545.677829266 -3.346374612 1.895271304 0.690000392 -0.720837777 -0.391512674 0.260343905 0.509246282
1403638545.977829456 -3.596715680 1.938038381 0.703786755 0.690144280 0.449355589 -0.291018004 -0.486917805
1403638546.377829313 -3.939242391 1.994136996 0.731870837 0.663520765 0.490163180 -0.317636402 -0.467533279
1403638547.377829313 -4.900084654 2.086390965 0.767522077 0.641461711 0.520999009 -0.322951298 -0.461290976
1403638548.327829599 -5.965761558 1.976533387 0.658247231 0.631228480 0.536543944 -0.343829529 -0.442100053
1403638548.677829266 -6.400236030 1.896603445 0.703106746 0.604070294 0.567044386 -0.367426662 -0.422560518
1403638549.327829599 -7.252265361 1.744032288 0.845444062 0.598279302 0.571768045 -0.377037069 -0.415916132
1403638549.827829599 -7.931579519 1.632507430 1.002617042 0.600435381 0.565277802 -0.381976999 -0.417171347
1403638550.427829504 -8.779193019 1.542164913 1.325408078 0.601711662 0.565945513 -0.382702923 -0.413747780
1403638550.927829504 -9.491448188 1.527895492 1.551408213 0.594315934 0.551520506 -0.402876744 -0.424622222
1403638551.627829552 -10.282186807 1.669331554 1.795885927 0.636201345 0.504952145 -0.392554351 -0.431476838
1403638551.977829456 -10.572738995 1.862285004 1.871270015 0.671508651 0.454214812 -0.356485014 -0.464417346
1403638552.677829266 -10.942658785 2.411499503 2.108871935 0.674040811 0.434647972 -0.350876694 -0.483358740
1403638553.677829266 -10.883925458 3.377128404 2.187569183 -0.641867722 -0.457574581 0.345603883 0.509106361
1403638554.277829409 -10.452287770 3.822138182 2.365169561 0.659195794 0.471919640 -0.326460903 -0.485979461
1403638555.127829552 -9.761694184 4.319960038 2.495053509 0.674447681 0.459022294 -0.327567625 -0.476569312
1403638555.477829456 -9.477621897 4.546555588 2.497350762 0.689264630 0.438572625 -0.305132663 -0.489348936
1403638556.077829361 -8.994970173 4.941032669 2.562034115 0.692270624 0.438517444 -0.297806689 -0.489668266
1403638556.627829552 -8.617082976 5.333790964 2.633268683 0.709252823 0.439098537 -0.295981989 -0.465346720
1403638557.427829504 -8.203341626 6.107595482 2.770738817 0.696995603 0.432397039 -0.307997982 -0.482044783
1403638557.977829456 -7.935516828 6.704375048 2.862387593 0.692397862 0.442545696 -0.292317557 -0.489171702
1403638558.427829504 -7.772274532 7.168605360 2.894665959 0.709652245 0.450865525 -0.276594772 -0.465413045
1403638558.927829504 -7.765262868 7.722538479 3.053580465 0.711452443 0.435268088 -0.294431519 -0.466569602
1403638559.327829599 -7.833853227 8.217244429 3.089986641 0.696518628 0.438408816 -0.293227652 -0.486494660
1403638560.127829552 -8.034144857 9.115351223 3.003045150 -0.705102389 -0.416778320 0.278967292 0.501302007
1403638560.377829313 -8.107491196 9.378967040 2.940813122 -0.727815398 -0.361922508 0.248505718 0.526822316
1403638560.677829266 -8.179130575 9.676004715 2.841337152 -0.754543497 -0.282286920 0.213286800 0.552708735
1403638560.977829456 -8.199939390 9.949639846 2.766209589 -0.773130500 -0.212846865 0.182217947 0.569000934
1403638561.427829504 -8.093307202 10.288313938 2.762666868 -0.784077507 -0.157460799 0.135916923 0.584769313
1403638562.077829361 -7.789774580 10.624399170 2.661021949 -0.793491074 -0.156899744 0.099488473 0.579531215
1403638562.527829409 -7.566125556 10.781471844 2.632004713 -0.800017825 -0.101666941 0.066065516 0.587597362
1403638562.827829599 -7.406643627 10.859157822 2.668101850 -0.804989910 -0.028950549 0.036604608 0.591450093
1403638563.127829552 -7.215987886 10.909050512 2.671702210 -0.805869171 0.041460422 0.004111794 0.590625944
1403638563.677829266 -6.768458457 10.877802042 2.591494054 -0.793174775 0.077884803 -0.028171161 0.603335827
1403638564.677829266 -5.635232887 10.276199372 2.646659935 -0.794831920 0.057002164 -0.006085803 0.604115829
1403638565.227829456 -4.824168710 9.704549978 2.516201210 -0.796154183 0.065044257 0.002699305 0.601581645
1403638565.627829552 -4.137988619 9.222447621 2.278133795 -0.793813005 0.057456666 -0.016289535 0.605222518
1403638565.977829456 -3.520350435 8.751711849 2.145247569 -0.800235352 0.046863046 -0.041193496 0.596431331
1403638566.427829504 -2.795865728 8.102992264 1.924940178 -0.801955894 0.047380785 -0.040397765 0.594129469
1403638566.777829409 -2.279236724 7.593473031 1.662774861 -0.827029549 0.042458043 -0.035617498 0.559420086
1403638567.077829361 -1.861753265 7.211616901 1.409496200 -0.831062142 0.036876488 -0.033712285 0.553930792
1403638567.627829552 -1.163795129 6.615613274 0.924919629 -0.814193378 0.034852371 -0.047128409 0.577627361
1403638567.977829456 -0.791697519 6.260536877 0.714590583 -0.823342964 0.039546715 -0.049620930 0.563985978
1403638568.477829456 -0.357498360 5.853285307 0.544111870 -0.823315763 0.037751769 -0.056828931 0.563468216
1403638569.127829552 0.024408234 5.502530596 0.363427717 -0.826000616 0.035349532 -0.060702355 0.559275082
1403638570.827829599 0.176044199 5.379437327 0.136147947 -0.792376812 0.161827775 -0.048289346 0.586190155
1403638571.127829552 0.291672342 5.332913549 0.015768873 -0.775825604 0.221098308 -0.097241421 0.582884445
1403638571.377829313 0.442298741 5.234485609 -0.056501662 -0.777416157 0.237957166 -0.140574072 0.565012775
1403638571.777829409 0.727357809 5.014386046 -0.103280544 -0.770771119 0.269645574 -0.167171796 0.552500440
1403638572.077829361 0.978742047 4.817264235 -0.150756029 -0.753805340 0.326226162 -0.191344747 0.537346433
1403638572.327829599 1.215424271 4.626318119 -0.152600814 -0.739282981 0.365981788 -0.227944534 0.517261341
1403638572.577829361 1.472257602 4.427448072 -0.168199254 0.727921319 -0.396416522 0.259232424 -0.495765111
1403638573.027829409 1.979555993 4.102066133 -0.136839911 0.732823989 -0.398959851 0.276769902 -0.476653396
1403638573.677829266 2.809742430 3.814738093 -0.054499634 0.738160187 -0.394613938 0.280326116 -0.469911318
1403638574.027829409 3.306880541 3.763797346 0.041805563 0.697852765 -0.426846914 0.316155993 -0.480467084
1403638574.327829599 3.718192184 3.728545518 0.075944774 0.637995926 -0.494270193 0.339552306 -0.483075984
1403638574.627829552 4.093920950 3.639349230 0.083565281 0.604083261 -0.539863521 0.374246536 -0.451187681
1403638575.577829361 5.160814327 3.240346705 0.128770099 0.615130037 -0.557904775 0.367838159 -0.418392625
1403638576.377829313 6.240442543 2.895942857 0.288253511 0.633293230 -0.539066837 0.382947726 -0.402116488
1403638577.177829266 7.487697291 2.865829207 0.356949948 0.620717918 -0.533079613 0.393706215 -0.418963972
1403638578.127829552 8.859781739 3.226750835 0.467643384 0.625303742 -0.528926807 0.394441871 -0.416710060
1403638579.027829409 10.037172485 3.694951646 0.526124891 0.622432914 -0.527886839 0.396617404 -0.420246817
1403638579.677829266 10.788554409 4.062195020 0.617103881 0.612994470 -0.520660939 0.384584352 -0.453039561
1403638579.927829504 11.032231788 4.195797235 0.605133669 0.654491670 -0.469794437 0.364740515 -0.466795671
1403638580.127829552 11.197234513 4.304258028 0.581400744 -0.686806227 0.404808008 -0.332998505 0.503527238
1403638580.327829599 11.324593509 4.406838076 0.546641833 -0.722260667 0.338116871 -0.281610581 0.533584099
1403638580.477829456 11.403295694 4.474337467 0.512785121 -0.742056583 0.311062630 -0.240055332 0.543107270
1403638580.827829599 11.567104839 4.595942485 0.430817272 -0.774172510 0.263284973 -0.193314103 0.542187795
1403638581.777829409 11.976926590 4.875908097 0.536693663 -0.768228039 0.255835557 -0.206717417 0.549219225
1403638583.277829409 12.056226584 5.168815366 0.988616215 -0.775185425 0.261573663 -0.209180531 0.535640068
1403638584.277829409 11.824351274 5.424869582 1.219726442 -0.753012618 0.250189619 -0.221775685 0.566738650
1403638585.477829456 11.036142374 5.510541399 1.282158058 -0.768237793 0.259423547 -0.208110522 0.546991890
1403638586.327829599 10.409897733 5.570108986 1.449250844 -0.770437779 0.262329870 -0.207647031 0.542670598
1403638587.127829552 9.795249687 5.671135984 1.406301871 -0.766533194 0.259608709 -0.211232612 0.548097587
1403638588.177829266 8.884029763 5.765208016 1.291625843 -0.770292112 0.259185417 -0.213718958 0.542030615
1403638589.227829456 7.910933853 5.840738863 1.229241315 -0.767668706 0.263407565 -0.208415614 0.545769314
1403638590.177829266 7.006549922 5.811940926 1.187024041 -0.768876402 0.266563224 -0.207413773 0.542911276
1403638591.177829266 6.108076434 5.740104609 1.155354482 -0.779732883 0.273009871 -0.200023328 0.526756974
1403638591.727829456 5.742156709 5.784947732 1.118149422 -0.794849750 0.283380783 -0.187235177 0.502844106
1403638592.277829409 5.579759363 5.992163538 1.121832155 -0.777822610 0.272432011 -0.184704093 0.535403758
1403638592.577829361 5.544015601 6.117498832 1.232165369 -0.785660067 0.236065045 -0.156639729 0.549977771
1403638593.477829456 5.674791913 6.518611167 1.596159326 -0.795973033 0.193274019 -0.163024698 0.549995483
1403638594.077829361 5.757105305 6.823922789 1.778674938 -0.780862237 0.186452198 -0.152705660 0.576342543
1403638595.527829409 5.533317337 7.050359095 2.179477759 -0.793156463 0.179915282 -0.141174939 0.564449248
1403638596.977829456 4.687188828 7.145369620 2.245067157 -0.796993727 0.119384406 -0.219316724 0.549953214
1403638597.377829313 3.981444174 7.313706903 2.334136266 -0.789722174 0.126190869 -0.217470159 0.559572589
1403638597.677829266 3.304947935 7.465224591 2.345621249 -0.779581969 0.147246207 -0.192236892 0.577594568
1403638598.027829409 2.424401636 7.622199319 2.300553595 -0.786259161 0.118973173 -0.199761851 0.572483291
1403638598.277829409 1.722179902 7.727728847 2.292935063 -0.789568451 0.136573860 -0.155438497 0.577726679
1403638598.677829266 0.592258368 7.861882770 2.241106359 -0.798377523 0.133313778 -0.130506549 0.572528435
1403638598.927829504 -0.097536045 7.926846701 2.195531981 -0.803519102 0.100152329 -0.108366138 0.576700394
1403638599.127829552 -0.638617110 7.971232943 2.179491007 -0.807045653 0.066277471 -0.085320388 0.580521354
1403638599.327829599 -1.174679007 8.005714992 2.186994378 -0.811443421 0.029903731 -0.060989500 0.580470174
1403638599.577829361 -1.834832653 8.040782263 2.224098916 -0.818381482 -0.000361584 -0.041553209 0.573170960
1403638599.977829456 -2.861794730 8.109515407 2.214984643 -0.821593366 0.001656267 -0.030887673 0.569234178
1403638600.477829456 -4.041879373 8.250015108 2.129023295 -0.829589676 0.047467850 0.011835500 0.556226298
1403638600.927829504 -4.827906700 8.454174325 2.145445134 -0.840955592 0.034677139 -0.007455226 0.539940374
1403638601.377829313 -5.437985155 8.785905328 2.151664011 -0.828586517 0.002160955 -0.039348367 0.558472398
1403638601.627829552 -5.776246654 9.004538071 2.169829654 -0.818668928 -0.025616861 -0.010153415 0.573604281
1403638601.827829599 -6.047497063 9.172600372 2.208619392 -0.812722362 -0.076327851 0.015538361 0.577420974
1403638602.027829409 -6.322995584 9.328209001 2.263107643 -0.806852774 -0.123610613 0.043029843 0.576070699
1403638602.277829409 -6.671794874 9.509361988 2.299449304 -0.794698786 -0.164316064 0.061736397 0.581070295
1403638602.477829456 -6.965923280 9.627555789 2.333988938 -0.762405307 -0.183052711 0.118881962 0.609177258
1403638602.627829552 -7.174306171 9.686684067 2.382426739 -0.734784512 -0.193471744 0.166307696 0.628491970
1403638602.877829313 -7.444353758 9.703207719 2.482638390 -0.724891273 -0.240536435 0.196672939 0.614812672
1403638603.127829552 -7.627569350 9.632719768 2.597526497 -0.717067262 -0.276569516 0.244159435 0.591362845
1403638603.577829361 -7.764178224 9.421423915 2.677012924 -0.741263313 -0.327351086 0.238952891 0.535043441
1403638604.577829361 -7.761668799 8.658160982 2.610014149 -0.729981099 -0.344209532 0.224065309 0.546298573
1403638605.077829361 -7.676406456 8.078472220 2.623823515 -0.751875908 -0.341938265 0.225967718 0.516429504
1403638606.027829409 -7.689281376 7.101207407 2.733833140 -0.725870626 -0.369383372 0.185637552 0.549733079
1403638606.577829361 -7.930065518 6.346435272 2.729223725 -0.754939076 -0.354813771 0.199589131 0.514138462
1403638606.927829504 -8.174000492 5.873619772 2.638510956 0.751544536 0.386449692 -0.223980060 -0.485458936
1403638607.177829266 -8.400704039 5.582588408 2.608003303 0.730618974 0.415279971 -0.261064742 -0.474956483
1403638607.427829504 -8.651527169 5.337086812 2.583405218 0.706372057 0.420735616 -0.290743028 -0.489375673
1403638608.027829409 -9.207218830 4.868285178 2.378861143 0.708473148 0.415596984 -0.299480057 -0.485444787
1403638608.727829456 -9.710777079 4.491364036 1.947419288 -0.690679556 -0.410037680 0.298837907 0.515292885
1403638609.377829313 -9.954997966 4.176669997 1.648094971 0.702696291 0.407075319 -0.304258585 -0.497930037
1403638610.577829361 -9.997690500 3.861009761 1.038075522 -0.687339865 -0.404087445 0.306092526 0.520177481
1403638611.627829552 -9.408973230 3.639908761 0.589895204 -0.683169474 -0.425911943 0.281661350 0.522058780
1403638612.677829266 -8.555007495 3.331963162 0.342484422 -0.696844302 -0.414704576 0.285920668 0.510565867
1403638613.827829599 -7.584481547 2.963164119 0.158033007 -0.700912811 -0.386897931 0.288915103 0.524937411
1403638614.177829266 -7.250211538 2.828087904 0.045045628 -0.726569291 -0.347410300 0.251866906 0.536624833
1403638614.527829409 -6.887452110 2.678588383 -0.024225083 -0.748839941 -0.311370258 0.226991417 0.539223703
1403638614.877829313 -6.507377745 2.543148401 0.004989714 -0.776613769 -0.261231672 0.211623921 0.532770480
1403638615.127829552 -6.215266637 2.487432804 0.070753765 -0.794745211 -0.210708303 0.169059998 0.543507845
1403638615.377829313 -5.904895361 2.461549353 0.154462784 -0.799682608 -0.152824182 0.111314049 0.569878653
1403638615.577829361 -5.657489161 2.444068319 0.200796134 -0.805207053 -0.102630912 0.073900404 0.579350695
1403638615.877829313 -5.297760360 2.402014174 0.270029669 -0.809300754 -0.061194153 0.047723996 0.582245640
1403638616.177829266 -4.941875489 2.345601488 0.332566079 -0.812261491 -0.023026415 0.021175085 0.582454007
1403638616.427829504 -4.640060033 2.294669535 0.291439000 -0.813459656 0.023416304 -0.009023022 0.581079727
1403638616.677829266 -4.341447410 2.239398998 0.206123823 -0.819563011 0.054809912 -0.028030787 0.569672379
1403638616.927829504 -4.043546393 2.193478504 0.105599425 -0.833670733 0.071903844 -0.021880470 0.547123561
1403638617.577829361 -3.224958808 2.224155812 0.067057139 -0.836031966 0.043082504 -0.039114666 0.545586374
1403638618.527829409 -2.192646301 2.685678761 0.329105020 -0.830851053 0.026391436 -0.036025441 0.554700087
1403638619.127829552 -1.667115259 3.157043383 0.457165527 -0.817447100 0.066130781 -0.071612746 0.567695846
1403638619.427829504 -1.441245526 3.408328220 0.458616781 -0.804288939 0.135655385 -0.114035290 0.567197384
1403638620.377829313 -0.786908354 4.046200774 0.327643860 -0.786138987 0.195592958 -0.131575076 0.571329054
1403638621.527829409 0.097013209 4.378997180 0.302067867 -0.793246472 0.165915144 -0.138037475 0.569366187
1403638623.677829266 0.675804492 3.749160963 0.191265341 -0.788263748 0.171728144 -0.135419495 0.575161950
1403638624.977829456 0.525984407 2.561069642 0.201655380 -0.793119409 0.164543062 -0.131561358 0.571470728
1403638626.227829456 0.401078067 1.264008665 0.252126964 -0.806504980 0.163868346 -0.114014277 0.556504831
1403638627.877829313 0.413326218 0.228114729 0.086452762 -0.807368767 0.149783964 -0.130176262 0.555674886
1403638628.327829599 0.390505160 0.131138548 0.027664239 -0.811713701 0.152070981 -0.131863853 0.548276580
1403638629.377829313 0.330448004 0.041768870 -0.024637147 -0.806058534 0.154415604 -0.131421558 0.556016039
1403638630.277829409 0.315583580 0.064144034 -0.096274918 -0.797767454 0.157534066 -0.132199170 0.566809922
1403638630.377829313 0.313427085 0.066865294 -0.119575675 -0.817230042 0.158328834 -0.127811803 0.539194939
1403638630.477829456 0.313275441 0.084403615 -0.104831596 -0.799175336 0.156960785 -0.127475970 0.566067109
1403638630.727829456 0.314814375 0.113859764 -0.126677219 -0.824488250 0.149872694 -0.119398804 0.532448332
1403638630.827829599 0.319616652 0.112348037 -0.127554344 -0.821840592 0.151796573 -0.123772706 0.534991737
