1703261657.160814 0.535020 -0.213284 70.685516 0.573944 -0.568219 0.401812 -0.431580
1703261663.165265 0.817286 -0.198592 70.692123 0.573826 -0.566954 0.402447 -0.432809
1703261664.166003 1.922750 -0.203926 70.708061 0.572932 -0.567114 0.404338 -0.432020
1703261665.166693 3.304745 -0.068381 70.729362 0.581308 -0.554501 0.399275 -0.441801
1703261666.167422 4.501511 -0.011068 70.746407 0.583878 -0.555153 0.401559 -0.435479
1703261667.168163 5.397804 -0.001286 70.763573 0.580724 -0.555646 0.398272 -0.442037
1703261668.168920 6.018709 0.005648 70.778999 0.576147 -0.557458 0.401267 -0.443035
1703261669.169666 6.353096 0.029686 70.786285 0.577985 -0.554183 0.402543 -0.443592
1703261671.171182 5.799715 -0.006221 70.759537 0.577195 -0.559169 0.402281 -0.438572
1703261672.171918 4.630121 -0.073069 70.735924 0.573711 -0.567489 0.407689 -0.427319
1703261673.172729 3.419306 -0.100765 70.727783 -0.565653 0.571605 -0.413674 0.426823
1703261674.173434 2.427524 -0.048454 70.723358 0.570911 -0.565909 0.408760 -0.432116
1703261675.174128 1.662300 -0.051812 70.707939 0.570858 -0.568045 0.404448 -0.433436
1703261676.308241 1.056867 -0.050198 70.700645 0.570697 -0.569680 0.404452 -0.431495
1703261677.309137 0.746019 -0.064308 70.697205 -0.569932 0.571835 -0.403034 0.430983
1703261678.309871 0.492304 -0.058007 70.691406 -0.571190 0.571622 -0.402360 0.430229
1703261679.310747 0.187529 -0.055759 70.691925 0.572872 -0.569779 0.401577 -0.431168
1703261680.311411 -0.020845 -0.050769 70.686394 0.571805 -0.570271 0.403044 -0.430564
1703261681.312034 -0.456554 -0.033824 70.687798 0.572875 -0.569929 0.403989 -0.428705
1703261682.312673 -1.100438 0.021229 70.694397 0.580250 -0.561460 0.394500 -0.438682
1703261683.313313 -1.772353 -0.046228 70.680321 0.575663 -0.569381 0.398074 -0.431224
1703261684.313970 -2.497663 -0.091095 70.687126 -0.568467 0.577809 -0.403782 0.424196
1703261685.314603 -3.215513 -0.100578 70.697571 -0.565862 0.580799 -0.398976 0.428125
1703261686.315246 -3.713086 -0.081814 70.684700 -0.567960 0.580248 -0.404298 0.421043
1703261687.315893 -4.048969 -0.084622 70.686249 -0.566306 0.581201 -0.406775 0.419567
1703261688.316529 -4.193485 -0.088708 70.687660 -0.565707 0.581907 -0.407811 0.418391
1703261689.383936 -3.654139 -0.084486 70.686996 -0.568713 0.579119 -0.404593 0.421296
1703261690.384513 -2.977884 -0.120979 70.682709 -0.563141 0.584047 -0.405568 0.421041
1703261691.385150 -2.396148 -0.115203 70.686821 -0.566021 0.579655 -0.406542 0.422308
1703261692.385792 -1.936896 -0.111516 70.685394 -0.569718 0.576735 -0.403788 0.423973
1703261693.386571 -1.409981 -0.138114 70.682587 -0.565846 0.579029 -0.404931 0.424940
1703261694.520736 -0.556588 -0.161564 70.685501 -0.564255 0.578752 -0.408443 0.424072
1703261695.521553 0.341322 -0.140852 70.692390 -0.569814 0.572603 -0.403564 0.429622
1703261696.522278 1.273680 -0.130450 70.702698 0.572556 -0.568815 0.403338 -0.431217
1703261697.522971 2.178895 -0.073956 70.711342 0.579194 -0.560804 0.399088 -0.436763
1703261698.523627 3.049687 -0.044848 70.725746 0.579779 -0.557868 0.400357 -0.438582
1703261699.524302 3.938802 -0.003740 70.731552 0.580923 -0.558489 0.399883 -0.436706
1703261700.524963 4.787441 0.097486 70.746552 0.589520 -0.548601 0.396210 -0.441045
1703261701.525615 5.628178 0.079536 70.764305 0.578968 -0.555964 0.398803 -0.443460
1703261702.526249 6.349529 0.122589 70.786858 0.579998 -0.554168 0.400206 -0.443097
1703261703.526870 6.804794 0.143356 70.795662 0.579374 -0.553714 0.400935 -0.443821
1703261704.527504 7.029830 0.147618 70.795776 0.578892 -0.554537 0.398422 -0.445682
1703261706.528880 6.329388 0.119442 70.773651 0.579162 -0.554965 0.402625 -0.440998
1703261707.529551 5.090223 0.028869 70.746727 0.574708 -0.563736 0.404774 -0.433671
1703261708.530233 3.900904 -0.023465 70.727150 0.570404 -0.570103 0.408203 -0.427776
1703261709.530933 2.922349 -0.031497 70.732635 -0.566647 0.569549 -0.412736 0.429156
1703261710.531635 2.175948 -0.022046 70.717407 -0.567075 0.570896 -0.408681 0.430678
1703261711.532382 1.644148 -0.012760 70.710190 -0.568152 0.570938 -0.406126 0.431619
1703261712.533067 1.328248 -0.009916 70.706635 -0.567556 0.571792 -0.406161 0.431239
1703261713.533749 1.180364 -0.004884 70.703575 -0.568649 0.571179 -0.405847 0.430907
1703261714.534267 0.806308 -0.007680 70.699989 -0.568089 0.573838 -0.404729 0.429161
1703261715.534743 -0.260721 -0.013644 70.689049 -0.566371 0.576700 -0.407331 0.425115
1703261716.535176 -1.513914 0.027665 70.694466 -0.568588 0.576460 -0.403289 0.426334
1703261717.535549 -2.522777 0.049177 70.691345 -0.568032 0.576557 -0.406819 0.423579
1703261718.535926 -3.257121 0.040267 70.705536 -0.567173 0.576275 -0.400171 0.431376
1703261719.536283 -3.706695 0.071538 70.693237 -0.573056 0.573916 -0.401704 0.425278
1703261720.536721 -4.114446 0.078316 70.689598 0.574460 -0.572846 0.401498 -0.425020
1703261721.537226 -4.259238 0.083275 70.691261 0.574795 -0.572144 0.402092 -0.424953
1703261722.537849 -3.816986 0.084808 70.692459 0.574950 -0.570753 0.401749 -0.426933
1703261723.538454 -2.613352 -0.051533 70.694321 -0.554067 0.589611 -0.411501 0.419567
1703261724.539058 -1.318792 -0.137839 70.687950 -0.552956 0.591417 -0.411535 0.418453
1703261725.539761 -0.227457 -0.162095 70.694138 -0.557952 0.584895 -0.408268 0.424151
1703261726.540503 0.681247 -0.152263 70.700249 -0.563352 0.578097 -0.404975 0.429458
1703261727.674746 1.501709 -0.124697 70.701927 0.570601 -0.570144 0.402053 -0.433247
1703261728.675565 2.012658 -0.093044 70.713188 0.574963 -0.566280 0.398779 -0.435568
1703261729.676413 2.404052 -0.080567 70.718781 0.574905 -0.564767 0.402298 -0.434371
1703261730.677211 2.690366 -0.084933 70.722580 0.573767 -0.565877 0.403313 -0.433490
1703261731.677976 3.013427 -0.050020 70.730354 0.575563 -0.559874 0.403092 -0.439073
1703261732.678738 4.115205 -0.049810 70.737518 0.574895 -0.563779 0.406904 -0.431368
1703261733.679464 5.317341 -0.005630 70.753708 0.576266 -0.560801 0.402026 -0.437944
1703261734.680180 6.275965 0.044441 70.786507 0.576503 -0.555006 0.402216 -0.444787
1703261735.680872 6.980410 0.099431 70.793251 0.581911 -0.552079 0.395716 -0.447210
1703261736.681570 7.433142 0.104498 70.797646 0.580087 -0.554148 0.393936 -0.448590
1703261737.682275 7.670257 0.115304 70.799080 0.578821 -0.554754 0.395136 -0.448421
1703261739.683703 6.949335 0.063782 70.783325 0.576594 -0.558197 0.398200 -0.444288
1703261740.684436 5.707218 0.009062 70.755051 0.574629 -0.561471 0.401436 -0.439775
1703261741.685389 4.515346 0.026066 70.728638 0.582202 -0.557858 0.400341 -0.435388
1703261742.686214 3.551098 -0.012884 70.723595 0.583413 -0.555505 0.397308 -0.439534
1703261743.686858 2.827862 -0.051372 70.727310 0.582091 -0.554657 0.400461 -0.439497
1703261744.687498 2.327839 -0.089678 70.716965 0.580453 -0.558528 0.399724 -0.437426
1703261745.688148 2.028607 -0.118363 70.707870 0.578146 -0.561999 0.398453 -0.437195
1703261746.688797 1.660330 -0.156111 70.703598 0.573881 -0.567005 0.400260 -0.434693
1703261747.689438 0.653229 -0.240271 70.690376 -0.560466 0.582129 -0.411528 0.421483
1703261748.690122 -0.478601 -0.219044 70.683037 -0.553780 0.589021 -0.414867 0.417454
1703261749.690752 -1.372896 -0.159990 70.679001 -0.555643 0.589231 -0.411299 0.418211
1703261750.691400 -2.001706 -0.137558 70.681824 -0.553734 0.591979 -0.413995 0.414183
1703261751.692087 -2.391662 -0.123499 70.684082 -0.551057 0.593299 -0.416396 0.413456
1703261752.692717 -2.502864 -0.123964 70.685852 -0.550007 0.594206 -0.416391 0.413559
1703261753.893474 -1.973480 -0.140302 70.682281 -0.553535 0.591899 -0.414976 0.413582
1703261754.960812 -1.625665 -0.155803 70.680695 -0.555704 0.590929 -0.412331 0.414703
1703261755.961441 -1.246426 -0.169171 70.684311 -0.555917 0.588676 -0.411222 0.418704
1703261756.962146 -0.748836 -0.132297 70.684830 -0.563919 0.580191 -0.407140 0.423805
1703261757.962930 -0.395095 -0.113201 70.689430 -0.567367 0.575621 -0.405162 0.427316
1703261758.963661 -0.172673 -0.111989 70.690948 -0.567684 0.574896 -0.404085 0.428888
1703261760.031062 0.317369 -0.103311 70.694077 -0.569927 0.572149 -0.401974 0.431562
1703261761.031788 0.672219 -0.101537 70.694374 -0.569067 0.572577 -0.403338 0.430857
1703261762.032494 0.889743 -0.086716 70.694069 0.571393 -0.569795 0.403184 -0.431609
1703261763.033208 0.694658 -0.088585 70.694054 0.571787 -0.569645 0.401970 -0.432418
1703261764.033986 0.479871 -0.109175 70.691734 -0.569309 0.573013 -0.402139 0.431077
1703261766.035583 -0.218686 -0.148772 70.687057 -0.560728 0.581344 -0.408800 0.424859
1703261767.103143 -0.518984 -0.161682 70.682220 -0.558823 0.585351 -0.411438 0.419285
1703261768.170687 -0.098892 -0.157387 70.688225 -0.560907 0.581759 -0.408822 0.424034
1703261769.171493 0.340245 -0.145173 70.691452 -0.565301 0.577061 -0.405455 0.427833
1703261770.172299 0.502054 -0.142408 70.691734 -0.565489 0.575582 -0.405754 0.429291
1703261773.174683 1.060043 -0.159988 70.699379 -0.564160 0.574925 -0.411233 0.426698
1703261774.175465 2.233311 -0.737876 70.702400 -0.499899 0.631549 -0.456692 0.377729
1703261775.176222 2.901153 -2.184032 70.669594 -0.337444 0.733322 -0.530723 0.258271
1703261776.176995 2.764006 -3.657883 70.595612 -0.160831 0.799325 -0.565875 0.122467
1703261777.244516 2.039998 -4.811300 70.554482 0.012753 0.815248 -0.578931 -0.006934
1703261778.245299 1.123633 -5.435695 70.524948 0.153848 0.800771 -0.567346 -0.114954
1703261779.246093 0.145108 -5.686733 70.510719 0.280009 0.764826 -0.541654 -0.207962
1703261780.246881 -0.677272 -5.690549 70.503166 0.374289 0.722940 -0.507009 -0.283208
1703261781.247726 -1.538886 -5.423381 70.502708 0.472297 0.661928 -0.458740 -0.358252
1703261782.248571 -2.367823 -4.829684 70.527718 0.570642 0.572689 -0.400935 -0.430866
1703261783.249407 -2.977204 -4.021746 70.551636 0.652671 0.473346 -0.327026 -0.492968
1703261784.250243 -3.322980 -3.066769 70.568039 -0.718044 -0.363828 0.244620 0.540558
1703261785.251076 -3.273158 -1.915142 70.607452 -0.770090 -0.221390 0.143766 0.580757
1703261786.251884 -2.737062 -0.707733 70.639389 -0.799438 -0.053701 0.023854 0.597868
1703261787.252706 -1.690005 0.215307 70.684364 -0.786580 0.126311 -0.112252 0.593917
1703261788.253533 -0.237357 0.607951 70.702400 -0.736785 0.310196 -0.236344 0.552330
1703261789.254338 1.186012 0.312648 70.711189 0.642582 -0.478127 0.348780 -0.486657
1703261790.255120 2.316735 -0.569478 70.697624 -0.516578 0.616665 -0.450010 0.387765
1703261791.255870 2.896126 -1.926443 70.673447 -0.354262 0.724855 -0.526061 0.268967
1703261792.256601 2.822921 -3.421085 70.602600 -0.180304 0.793396 -0.565334 0.135688
1703261793.257351 2.079005 -4.724990 70.553482 0.010715 0.816149 -0.577714 -0.005743
1703261794.258102 0.799915 -5.524366 70.512199 0.201544 0.791060 -0.557774 -0.149975
1703261795.258846 -0.637687 -5.672246 70.501633 0.371952 0.723981 -0.506044 -0.285349
1703261796.259577 -1.923291 -5.187814 70.500130 0.516122 0.627491 -0.431222 -0.392327
1703261797.260327 -2.810261 -4.299719 70.539467 0.627665 0.509259 -0.353061 -0.471211
1703261798.261110 -3.233154 -3.348388 70.564659 -0.703417 -0.394813 0.269680 0.525928
1703261799.261863 -3.349657 -2.368655 70.588051 -0.754645 -0.282801 0.182798 0.563133
1703261800.262617 -3.129139 -1.456773 70.613708 -0.786150 -0.161606 0.101868 0.587770
1703261801.263364 -2.657807 -0.617745 70.636078 -0.801495 -0.040688 0.018144 0.596340
1703261802.264045 -1.956255 0.045748 70.664650 -0.795944 0.083127 -0.070823 0.595439
1703261803.264779 -1.037048 0.468481 70.691788 -0.769753 0.213956 -0.167155 0.577721
1703261804.265558 0.059805 0.600086 70.703369 -0.721978 0.346073 -0.255135 0.542115
1703261805.266330 1.183215 0.328162 70.707176 0.645932 -0.478260 0.343368 -0.485939
1703261806.267090 2.022662 -0.125467 70.706680 0.574024 -0.564794 0.406078 -0.431977
1703261807.267849 2.500029 -0.321654 70.708855 -0.548286 0.589870 -0.425769 0.412500
1703261808.335311 2.766481 -0.361586 70.714447 -0.545014 0.592248 -0.428875 0.410204
1703261810.403523 2.298743 -0.285800 70.707283 -0.551024 0.588470 -0.422197 0.414518
1703261811.404283 1.875824 -0.229445 70.696487 -0.555783 0.585864 -0.416326 0.417781
1703261812.472222 1.634900 -0.195288 70.697151 -0.558924 0.583448 -0.411159 0.422066
1703261814.540400 1.796282 -0.200657 70.696983 -0.558196 0.583589 -0.413869 0.420183
1703261815.741189 1.965726 -0.206658 70.697571 -0.559625 0.583872 -0.412575 0.419161
1703261816.741994 2.243881 -0.179207 70.708588 -0.564314 0.577188 -0.411992 0.422690
1703261817.743335 2.453274 -0.079212 70.717186 0.577543 -0.562925 0.403496 -0.432147
1703261819.877903 1.852664 -0.141347 70.697960 -0.570070 0.572179 -0.404881 0.428606
1703261820.878516 1.552065 -0.166949 70.693382 -0.567022 0.575255 -0.405348 0.428090
1703261821.879099 1.845878 -0.142169 70.698647 -0.570625 0.571292 -0.405044 0.428896
1703261822.879697 2.109924 -0.127546 70.704041 0.572781 -0.568649 0.404893 -0.429677
1703261825.881464 2.853260 -0.033092 70.725433 0.582962 -0.555956 0.401672 -0.435578
1703261826.881954 4.001016 0.695836 70.745193 0.654947 -0.473366 0.339548 -0.481327
1703261827.882520 4.503254 2.120837 70.787552 -0.743683 0.304513 -0.222517 0.551990
1703261828.883232 4.405262 3.404321 70.780060 -0.791047 0.154213 -0.117735 0.580174
1703261829.883750 3.911874 4.371030 70.780434 -0.805900 0.014372 -0.017035 0.591632
1703261830.884277 3.294637 5.018405 70.774559 -0.801577 -0.095906 0.062781 0.586801
1703261831.884763 2.546735 5.467967 70.772865 -0.782935 -0.202606 0.139394 0.571431
1703261832.885378 1.790385 5.688097 70.768005 -0.753578 -0.297188 0.205879 0.549012
1703261833.886244 0.971418 5.722052 70.755852 -0.712446 -0.385338 0.272793 0.519152
1703261834.886811 0.076541 5.546884 70.728920 0.658226 0.478274 -0.341427 -0.470553
1703261835.887388 -0.762812 5.079719 70.733185 0.581526 0.566669 -0.405261 -0.420092
1703261836.887977 -1.557698 4.218854 70.726639 0.473444 0.659007 -0.478502 -0.335555
1703261837.888562 -2.018759 2.911906 70.723244 0.321518 0.745429 -0.538717 -0.225268
1703261838.889169 -1.853202 1.491001 70.715591 0.143622 0.799877 -0.574499 -0.097570
1703261839.889785 -1.050173 0.214430 70.694260 -0.046021 0.812955 -0.578752 0.045089
1703261840.890444 0.226391 -0.558676 70.675812 -0.227595 0.781778 -0.552629 0.177836
1703261842.024596 1.907215 -0.627448 70.697975 -0.419922 0.691206 -0.492406 0.321616
1703261843.025287 3.227563 0.043503 70.737312 -0.566449 0.570152 -0.410465 0.430791
1703261844.025994 4.158595 1.147651 70.752678 -0.678848 0.434072 -0.310648 0.504226
1703261845.026716 4.475446 2.478327 70.787148 -0.755066 0.275396 -0.200255 0.560295
1703261846.027434 4.275647 3.729330 70.777985 -0.797359 0.122411 -0.096593 0.583013
1703261847.028158 3.637690 4.769804 70.778854 -0.808225 -0.032297 0.019600 0.587661
1703261848.162353 2.547699 5.579156 70.771172 -0.785128 -0.197591 0.136547 0.570864
1703261849.163117 1.432757 5.850019 70.756729 -0.739562 -0.331393 0.234386 0.536926
1703261850.163851 0.372269 5.762968 70.739830 0.680740 0.447109 -0.318998 -0.484693
1703261851.164591 -0.546036 5.328006 70.737885 0.599818 0.547645 -0.392195 -0.431841
1703261852.165354 -1.280307 4.699810 70.725243 0.516578 0.628334 -0.450169 -0.368363
1703261853.166104 -1.804589 3.789390 70.723915 0.408596 0.703294 -0.505327 -0.288221
1703261854.166849 -2.012715 2.697416 70.727638 0.282650 0.760728 -0.551050 -0.194282
1703261855.167798 -1.802168 1.582495 70.718307 0.139137 0.800196 -0.575763 -0.093943
1703261856.168717 -1.188240 0.553896 70.706459 -0.013519 0.815377 -0.578480 0.018396
1703261857.169425 -0.242738 -0.202174 70.688774 -0.159542 0.799489 -0.565557 0.124536
1703261858.170127 0.943145 -0.536048 70.682716 -0.308151 0.751253 -0.533377 0.237004
1703261859.170830 2.216494 -0.557261 70.698555 -0.431918 0.683523 -0.487498 0.329529
1703261860.171562 3.499815 -0.024097 70.730576 -0.552478 0.585368 -0.420770 0.418407
1703261861.372444 4.714059 0.402763 70.751968 0.602204 -0.535422 0.386199 -0.448914
1703261862.373159 5.348706 0.435722 70.771568 0.596639 -0.539191 0.387464 -0.450740
1703261863.373920 5.673059 0.462518 70.776321 0.596137 -0.539659 0.389177 -0.449368
1703261865.442219 5.025222 0.403434 70.751945 0.595393 -0.542419 0.390939 -0.445484
1703261866.442925 3.881669 0.377260 70.739922 0.606851 -0.528683 0.381977 -0.454224
1703261867.443617 2.739023 0.204437 70.732414 0.603198 -0.530588 0.383390 -0.455676
1703261868.511024 1.783979 -0.011352 70.708305 0.587361 -0.551057 0.390948 -0.445537
1703261869.511882 1.082966 -0.129617 70.699318 0.577353 -0.563424 0.397724 -0.437073
1703261870.512599 0.614570 -0.185519 70.690659 0.572066 -0.570456 0.402537 -0.430448
1703261886.862256 0.873639 -0.166942 70.694992 0.574261 -0.568160 0.400221 -0.432714
1703261887.863108 2.017328 -0.107442 70.707687 0.578533 -0.562840 0.396804 -0.437100
1703261888.863949 3.462657 0.018539 70.727684 0.587020 -0.552565 0.391709 -0.443446
1703261889.864652 4.823020 0.175656 70.748383 0.594845 -0.543311 0.385866 -0.449533
1703261890.932011 6.038258 0.226894 70.780807 0.582067 -0.549936 0.390383 -0.454278
1703261891.999332 6.967035 0.264468 70.807938 0.576729 -0.554628 0.389647 -0.456011
1703261892.999914 7.610491 0.260631 70.815102 0.567279 -0.561405 0.390089 -0.459184
1703261894.000505 8.237949 0.247648 70.838280 -0.558467 0.566483 -0.391335 0.462675
1703261895.001081 8.951260 0.268860 70.871643 -0.555511 0.566631 -0.388830 0.468133
1703261896.001663 9.796621 0.261337 70.917610 -0.546556 0.570805 -0.389823 0.472753
1703261897.002256 10.724025 0.282402 70.975090 -0.542741 0.571239 -0.389625 0.476771
1703261898.002859 11.676119 0.271628 71.031128 -0.537685 0.575558 -0.386927 0.479495
1703261899.003504 12.587337 0.356628 71.107170 -0.541245 0.567937 -0.381364 0.488941
1703261900.004186 13.467862 0.379286 71.171349 -0.538260 0.571291 -0.378714 0.490387
1703261901.004853 14.328808 0.413474 71.233871 -0.538762 0.570207 -0.373050 0.495413
1703261902.005531 15.161774 0.517446 71.313240 -0.544223 0.561457 -0.366487 0.504257
1703261903.006221 16.049437 0.555837 71.382507 -0.541071 0.566281 -0.362558 0.505095
1703261904.006905 16.901138 0.636301 71.454437 -0.542278 0.564482 -0.359340 0.508103
1703261905.007579 17.786938 0.707859 71.522629 -0.541936 0.561899 -0.356560 0.513264
1703261906.008242 18.695906 0.817607 71.600174 -0.545045 0.556572 -0.352622 0.518469
1703261907.008895 19.587484 0.890425 71.679871 -0.540661 0.558255 -0.354041 0.520281
1703261908.009535 20.512209 0.891493 71.737709 -0.532700 0.571434 -0.359092 0.510633
1703261909.010165 21.408484 0.907192 71.796265 -0.526079 0.576875 -0.356074 0.513485
1703261910.010774 22.262100 1.006583 71.878502 -0.533910 0.569631 -0.351906 0.516355
1703261911.011398 23.109667 1.070582 71.940903 -0.531161 0.570999 -0.347639 0.520553
1703261912.012026 24.009544 1.152581 72.020622 -0.532320 0.568496 -0.348779 0.521345
1703261913.012640 24.865131 1.286488 72.099709 -0.536555 0.561349 -0.339919 0.530520
1703261914.013255 25.726234 1.396367 72.185066 -0.537691 0.560075 -0.338416 0.531676
1703261915.013869 26.588587 1.463427 72.269562 -0.532014 0.564712 -0.337604 0.532996
1703261916.014498 27.456781 1.612659 72.360695 -0.539632 0.556975 -0.329461 0.538546
1703261917.015136 28.354532 1.741964 72.455658 -0.537503 0.554293 -0.328507 0.543997
1703261918.082519 29.330683 1.758912 72.523056 -0.525456 0.568318 -0.327752 0.541746
1703261919.149925 30.278311 1.870931 72.612877 -0.524555 0.567193 -0.326033 0.544828
1703261920.150578 31.171616 1.954708 72.698830 -0.523877 0.568713 -0.326753 0.543461
1703261921.151119 32.055946 2.053083 72.792206 -0.526812 0.566806 -0.321676 0.545641
1703261922.151547 32.927322 2.176037 72.894470 -0.531724 0.562464 -0.313442 0.550144
1703261923.151907 33.781143 2.347296 73.003128 -0.535278 0.554912 -0.309815 0.556386
1703261924.285599 34.776733 2.495682 73.094475 -0.533902 0.556987 -0.304143 0.558758
1703261925.285833 35.618557 2.627443 73.185593 -0.533452 0.554883 -0.300901 0.563020
1703261926.285951 36.478443 2.753603 73.266121 -0.531664 0.560177 -0.299331 0.560300
1703261927.286105 37.338783 2.913256 73.352142 -0.534209 0.556966 -0.292979 0.564423
1703261928.286393 38.203865 3.008670 73.426613 -0.526862 0.565422 -0.297989 0.560282
1703261929.286751 39.095715 3.172910 73.500694 -0.529310 0.562992 -0.293476 0.562799
1703261930.287254 39.992428 3.312400 73.582695 -0.528795 0.571868 -0.289766 0.556218
1703261931.287827 40.859463 3.422557 73.647751 -0.524993 0.578252 -0.288209 0.554024
1703261932.355124 41.828842 3.480688 73.667366 -0.521771 0.585183 -0.289100 0.549306
1703261933.355790 42.740257 3.576293 73.691635 -0.519581 0.581469 -0.291344 0.554119
1703261934.423233 43.727604 3.706418 73.750320 -0.518223 0.590359 -0.288748 0.547307
1703261935.424036 44.630135 3.830077 73.786499 -0.520936 0.585082 -0.285077 0.552301
1703261936.424767 45.514744 3.944137 73.842140 -0.522270 0.583876 -0.285183 0.552262
1703261937.425368 46.377495 4.064792 73.882576 -0.518481 0.600047 -0.283275 0.539329
1703261938.425839 47.270466 4.116590 73.839775 -0.509870 0.624914 -0.278470 0.521508
1703261939.426178 48.121761 4.229236 73.850601 -0.513576 0.619270 -0.282342 0.522520
1703261940.426489 48.962353 4.233851 73.804070 -0.505518 0.624873 -0.288725 0.520214
1703261941.559955 49.945702 4.300066 73.799927 -0.506995 0.622858 -0.290991 0.519931
1703261942.559966 50.846592 4.333251 73.796227 -0.507457 0.621641 -0.291765 0.520503
1703261943.560036 51.717197 4.385389 73.778564 -0.509178 0.619945 -0.291836 0.520805
1703261944.560200 52.641964 4.373018 73.698029 -0.497964 0.664728 -0.285399 0.478243
1703261945.560451 53.549973 4.366298 73.580864 -0.490293 0.663119 -0.296433 0.481678
1703261946.560883 54.478806 4.230059 73.406532 -0.474175 0.716161 -0.289075 0.422737
1703261947.561353 55.338840 4.173071 73.222763 -0.476450 0.705418 -0.293216 0.435207
1703261948.561933 56.161598 4.045389 73.073265 -0.477115 0.702750 -0.287814 0.442343
1703261949.562612 56.992630 4.000134 72.944862 -0.488316 0.694534 -0.283419 0.445918
1703261950.563358 57.770393 3.944569 72.814590 -0.485742 0.690507 -0.283467 0.454863
1703261951.630903 58.624825 3.787737 72.641014 -0.470947 0.702514 -0.289359 0.448280
1703261952.631716 59.474415 3.674453 72.519524 -0.477339 0.698057 -0.284104 0.451829
1703261953.632515 60.356026 3.494695 72.339546 -0.468294 0.711458 -0.291935 0.435088
1703261954.633283 61.257980 3.349317 72.153229 -0.465533 0.708806 -0.300447 0.436583
1703261955.634008 62.179256 3.364037 72.038673 -0.474793 0.691482 -0.298126 0.455571
1703261956.634718 63.080547 3.257003 71.901146 -0.475693 0.692685 -0.293998 0.455487
1703261957.635320 63.964577 3.141993 71.770615 -0.476883 0.692617 -0.293031 0.454971
1703261958.635894 64.841309 2.954239 71.635193 -0.468603 0.702697 -0.301157 0.442643
1703261959.636447 65.709167 2.920187 71.505142 -0.478126 0.691524 -0.298723 0.451614
1703261960.636976 66.607826 2.855428 71.388969 -0.479782 0.687623 -0.297748 0.456432
1703261961.637546 67.536537 2.755043 71.268372 -0.479697 0.685441 -0.294867 0.461645
1703261962.638094 68.495697 2.683609 71.154526 -0.485259 0.682433 -0.292496 0.461795
1703261963.638632 69.430748 2.661021 71.064476 -0.493452 0.673938 -0.288553 0.468027
1703261964.772580 70.446640 2.606123 70.932198 -0.490988 0.670157 -0.292954 0.473284
1703261965.773154 71.328926 2.510475 70.818626 -0.488659 0.674002 -0.291376 0.471205
1703261966.773728 72.171432 2.488152 70.727547 -0.488144 0.668831 -0.295950 0.476229
1703261967.774313 73.013786 2.346657 70.591614 -0.474182 0.683096 -0.303673 0.465094
1703261968.774900 73.843597 2.296310 70.525307 -0.473522 0.681144 -0.313825 0.461880
1703261969.775498 74.690216 2.248500 70.453804 -0.477577 0.676003 -0.311971 0.466492
1703261970.776119 75.580612 2.209914 70.397530 -0.486447 0.671315 -0.304044 0.469322
1703261971.776722 76.434074 2.161526 70.325539 -0.486023 0.670856 -0.304005 0.470441
1703261972.910798 77.430031 2.071507 70.233017 -0.483750 0.673306 -0.308855 0.466104
1703261973.911446 78.226921 2.087193 70.197121 -0.491567 0.661124 -0.306336 0.476901
1703261974.912100 79.066666 2.029574 70.111313 -0.492147 0.662103 -0.304305 0.476245
1703261975.912757 80.008224 2.083518 70.054893 -0.501342 0.650667 -0.300371 0.484836
1703261976.913421 81.003212 2.055463 69.996155 -0.495916 0.653193 -0.305667 0.483709
1703261977.914095 81.997719 2.024951 69.921959 -0.498210 0.653301 -0.305207 0.481491
1703261978.914755 82.918602 1.914104 69.825844 -0.488186 0.662454 -0.315641 0.472442
1703261979.915407 83.757095 1.919157 69.792664 -0.490862 0.655749 -0.322445 0.474423
1703261980.916071 84.543961 1.915344 69.768951 -0.491053 0.653233 -0.326545 0.474892
1703261981.916776 85.356850 1.919945 69.730331 -0.496946 0.643572 -0.322385 0.484694
1703261982.917417 86.305458 1.827398 69.715019 -0.501508 0.647436 -0.312859 0.481077
1703261983.918068 87.225845 1.790949 69.671921 -0.499496 0.646752 -0.313307 0.483791
1703261984.918726 88.146805 1.796885 69.629730 -0.499653 0.643257 -0.315708 0.486720
1703261985.919384 89.046272 1.807048 69.581528 -0.499534 0.639961 -0.317758 0.489843
1703261986.920083 89.947929 1.790531 69.578438 -0.502509 0.639027 -0.318696 0.487403
1703261987.920743 90.771492 1.750300 69.528381 -0.496428 0.643716 -0.325798 0.482748
1703261988.921440 91.575310 1.750692 69.510216 -0.502277 0.634794 -0.325257 0.488838
1703261989.922136 92.459862 1.744056 69.484909 -0.501972 0.632577 -0.325334 0.491964
1703261991.189700 93.613052 1.644706 69.479439 -0.497065 0.642684 -0.328137 0.481882
1703261992.190441 94.541786 1.695332 69.452431 -0.504722 0.629561 -0.337151 0.485014
1703261993.191144 95.442329 1.698417 69.431557 -0.504274 0.625614 -0.338923 0.489332
1703261994.191871 96.368027 1.680761 69.442261 -0.505187 0.622073 -0.341571 0.491060
1703261995.192632 97.247742 1.670106 69.436546 -0.505392 0.620794 -0.340223 0.493399
1703261996.260065 98.168205 1.704129 69.483040 -0.510581 0.614923 -0.330696 0.501814
1703261997.260731 99.051567 1.674642 69.460304 -0.504881 0.616996 -0.337831 0.500282
1703261998.261391 99.944679 1.686982 69.484039 -0.505121 0.613041 -0.337471 0.505120
1703261999.328753 100.956184 1.711170 69.520683 -0.510118 0.609585 -0.328566 0.510127
1703262000.329442 101.942223 1.691969 69.543152 -0.504112 0.613348 -0.329261 0.511138
1703262001.330269 102.929199 1.735637 69.576675 -0.502839 0.609549 -0.334239 0.513700
1703262002.331205 103.905647 1.741364 69.614594 -0.505418 0.610619 -0.332063 0.511304
1703262003.332240 104.793213 1.761697 69.613701 -0.500137 0.604562 -0.339626 0.518674
1703262004.333341 105.682236 1.728915 69.665871 -0.499966 0.608963 -0.337487 0.515074
1703262005.334510 106.544487 1.691127 69.687157 -0.494029 0.614717 -0.341798 0.511109
1703262006.335713 107.424522 1.677280 69.726799 -0.494645 0.611700 -0.342561 0.513616
1703262007.336900 108.328972 1.673066 69.778366 -0.494649 0.609007 -0.347150 0.513731
1703262008.404754 109.268532 1.711293 69.840324 -0.499484 0.601088 -0.343389 0.520859
1703262009.405768 110.187210 1.750109 69.920609 -0.504084 0.596124 -0.341300 0.523497
1703262010.406726 111.122261 1.787643 69.985794 -0.504842 0.589602 -0.342631 0.529252
1703262011.407621 112.052032 1.810635 70.076172 -0.504206 0.589511 -0.345627 0.528010
1703262012.408416 112.959267 1.837187 70.145477 -0.503156 0.589828 -0.345102 0.529000
1703262013.409096 113.845566 1.872957 70.225792 -0.502167 0.590077 -0.347417 0.528147
1703262014.409694 114.718361 1.928159 70.305161 -0.502752 0.583349 -0.350032 0.533313
1703262015.410216 115.595467 1.938751 70.371124 -0.498637 0.583972 -0.352360 0.534958
1703262016.410687 116.497314 1.968478 70.474434 -0.499002 0.580571 -0.355310 0.536367
1703262017.411177 117.402039 1.972615 70.575325 -0.494851 0.584520 -0.359132 0.533370
1703262018.411690 118.306221 2.026363 70.693428 -0.497036 0.580100 -0.362637 0.533793
1703262019.412219 119.188576 2.065388 70.813080 -0.499982 0.579385 -0.363474 0.531242
1703262020.412788 120.037422 2.119442 70.932106 -0.501613 0.575920 -0.368881 0.529743
1703262021.413434 120.866936 2.140507 71.056892 -0.500049 0.573677 -0.372896 0.530843
1703262022.414131 121.710297 2.203152 71.206024 -0.506087 0.566461 -0.370246 0.534710
1703262023.414850 122.512413 2.222854 71.310234 -0.503603 0.572178 -0.371846 0.529836
1703262024.415572 123.352936 2.205547 71.421021 -0.498976 0.574797 -0.373998 0.529865
1703262025.416293 124.248772 2.223046 71.554138 -0.499705 0.573937 -0.377552 0.527585
1703262027.284317 126.068474 2.276120 71.798798 -0.503422 0.570404 -0.376649 0.528527
1703262028.285027 127.085320 2.321459 71.938042 -0.503226 0.568420 -0.377070 0.530548
1703262029.285707 128.088486 2.327558 72.090118 -0.498030 0.569586 -0.383197 0.529810
1703262030.286428 129.035156 2.376995 72.258148 -0.501564 0.565028 -0.384927 0.530102
1703262031.420575 130.015366 2.423158 72.421280 -0.500835 0.561463 -0.385906 0.533853
1703262032.421293 130.784897 2.472509 72.544479 -0.501221 0.555099 -0.386691 0.539548
1703262033.422008 131.559875 2.504502 72.679588 -0.498625 0.552278 -0.390714 0.541946
1703262034.422716 132.337845 2.521879 72.807991 -0.497572 0.552408 -0.395702 0.539155
1703262035.423413 133.198181 2.547606 72.988747 -0.502019 0.551487 -0.391658 0.538927
1703262036.424106 134.085800 2.585279 73.173370 -0.500790 0.553845 -0.398098 0.532901
1703262037.424815 134.905945 2.378421 73.287628 -0.467996 0.583274 -0.419969 0.514195
1703262038.425525 135.476456 2.460978 73.410172 -0.481173 0.561800 -0.413782 0.530696
1703262039.426233 136.080795 2.858800 73.602768 -0.531306 0.500613 -0.383191 0.565920
1703262040.426937 136.597015 3.598269 73.880630 -0.591823 0.399778 -0.333420 0.615430
1703262041.427631 136.871353 4.497027 74.133453 -0.646159 0.285011 -0.273779 0.652911
1703262042.428327 136.820343 5.511055 74.360100 -0.690316 0.150073 -0.212664 0.675067
1703262043.429033 136.465820 6.445933 74.500496 -0.716702 0.014215 -0.143521 0.682304
1703262044.429732 135.906387 7.273073 74.535164 -0.733356 -0.116454 -0.071532 0.665966
1703262045.430420 135.251251 7.766770 74.528816 -0.727707 -0.217709 -0.010907 0.650328
1703262046.431139 134.431595 8.154986 74.405502 -0.711168 -0.331474 0.050003 0.617953
1703262047.431863 133.569260 8.288539 74.194489 -0.678996 -0.443972 0.110171 0.574208
1703262048.432566 132.767365 8.222945 73.954384 -0.637340 -0.537983 0.172854 0.523921
1703262049.433256 132.095947 8.004786 73.728813 0.592326 0.611127 -0.221646 -0.475969
1703262050.433950 131.464142 7.549145 73.433617 0.527320 0.689509 -0.277591 -0.411648
1703262051.434891 130.748444 6.897689 73.042915 0.461090 0.754066 -0.323066 -0.338244
1703262052.435901 129.819183 6.352825 72.674881 0.430901 0.771825 -0.354004 -0.305436
1703262053.436632 128.499512 6.195370 72.365532 0.471496 0.738642 -0.327372 -0.353450
1703262054.437330 127.048782 6.362000 72.102386 0.518333 0.687604 -0.306217 -0.405910
1703262055.438038 125.748199 6.664800 71.923111 0.547233 0.647821 -0.291233 -0.442773
1703262056.438749 124.485229 6.615017 71.712593 0.531077 0.663161 -0.301001 -0.433097
1703262057.439445 123.249451 6.563562 71.513084 0.521275 0.677914 -0.304090 -0.419804
1703262058.440142 122.215431 6.518898 71.326965 0.514194 0.681167 -0.308313 -0.420190
1703262059.440817 121.402626 6.429762 71.176941 0.505384 0.687474 -0.317266 -0.413895
1703262060.441491 120.729927 6.317260 71.075790 0.502282 0.691653 -0.313590 -0.413509
1703262061.442206 120.140564 6.217170 70.964355 0.496968 0.696410 -0.315151 -0.410750
1703262062.442920 119.495758 6.175948 70.851440 0.498706 0.696578 -0.310919 -0.411582
1703262063.443633 118.801857 6.068302 70.717598 0.488295 0.702414 -0.319022 -0.407931
1703262064.444320 117.984261 6.041974 70.572060 0.496641 0.697029 -0.322917 -0.404008
1703262065.444992 117.093971 5.942411 70.396973 0.494843 0.695913 -0.321852 -0.408957
1703262066.445644 116.192703 5.886867 70.266510 0.494553 0.692970 -0.327024 -0.410202
1703262067.446399 115.398064 5.819919 70.132439 0.489271 0.689283 -0.334973 -0.416288
1703262068.447235 114.647919 5.762835 70.005547 0.486490 0.683110 -0.339021 -0.426326
1703262069.447927 113.746460 5.884833 69.949745 0.507015 0.657922 -0.321459 -0.454685
1703262070.582022 112.681023 5.886341 69.886559 0.508060 0.652755 -0.324578 -0.458732
1703262071.582696 111.728645 5.686484 69.759872 0.481351 0.672214 -0.343041 -0.445817
1703262072.650099 110.618423 5.503016 69.620705 0.480571 0.676553 -0.340641 -0.441917
1703262073.717479 109.587219 5.374156 69.516182 0.479482 0.676198 -0.342060 -0.442547
1703262074.718153 108.666687 5.233220 69.426826 0.469193 0.682250 -0.348152 -0.439526
1703262075.718798 107.760399 5.101972 69.360519 0.465046 0.686737 -0.344909 -0.439503
1703262076.719451 106.881409 4.912558 69.259087 0.457368 0.692902 -0.346711 -0.436455
1703262077.720119 105.997284 4.726220 69.188629 0.449062 0.700254 -0.347256 -0.432899
1703262078.720758 105.074333 4.745385 69.137085 0.464339 0.679132 -0.344331 -0.452333
1703262079.721417 104.303429 4.661670 69.066902 0.461463 0.677560 -0.351407 -0.452191
1703262080.722096 103.501427 4.572233 68.999847 0.462201 0.678591 -0.355259 -0.446851
1703262081.722787 102.736954 4.461749 68.950134 0.459611 0.677988 -0.357504 -0.448643
1703262082.723470 101.828972 4.193117 68.907104 0.444129 0.694569 -0.359991 -0.436726
1703262083.724143 100.871132 3.974218 68.821449 0.439576 0.692854 -0.362811 -0.441695
1703262084.724812 99.895859 3.828048 68.797646 0.447544 0.692056 -0.356593 -0.440006
1703262085.725470 98.965408 3.706364 68.723305 0.450836 0.688025 -0.353171 -0.445689
1703262086.726137 98.041374 3.535680 68.689613 0.443520 0.692409 -0.354655 -0.445061
1703262087.726814 97.119171 3.358622 68.643387 0.435619 0.693289 -0.362100 -0.445499
1703262088.727500 96.210152 3.191742 68.627609 0.440935 0.692203 -0.361292 -0.442606
1703262089.728183 95.320724 3.008556 68.555740 0.441211 0.694163 -0.365008 -0.436164
1703262090.728865 94.446495 2.744374 68.495926 0.426895 0.700041 -0.367783 -0.438678
1703262091.729547 93.567734 2.505843 68.435249 0.422051 0.701747 -0.371612 -0.437412
1703262092.730232 92.740768 2.245611 68.351601 0.414165 0.705990 -0.375495 -0.434798
1703262093.730911 91.821503 2.135413 68.361366 0.431605 0.690673 -0.367223 -0.449261
1703262094.731573 90.871902 2.071282 68.390778 0.446077 0.677079 -0.365081 -0.457488
1703262095.732245 89.926674 1.831441 68.336235 0.439585 0.686440 -0.366924 -0.448253
1703262096.732927 88.953270 1.606886 68.308029 0.434958 0.689982 -0.368681 -0.445883
1703262097.733613 87.966774 1.396370 68.289383 0.434116 0.690624 -0.366164 -0.447779
1703262098.734303 86.990654 1.231931 68.245041 0.433449 0.686139 -0.366823 -0.454726
1703262099.735001 86.031937 0.942829 68.202278 0.425103 0.695347 -0.369208 -0.446617
1703262100.735700 85.076591 0.679232 68.172752 0.417677 0.706145 -0.371572 -0.434557
1703262101.736391 84.190636 0.524071 68.131599 0.422831 0.694613 -0.373634 -0.446233
1703262102.737087 83.314957 0.327325 68.105118 0.424323 0.696711 -0.370166 -0.444434
1703262103.737790 82.484459 0.192316 68.100433 0.427907 0.689304 -0.370138 -0.452497
1703262104.738517 81.675919 0.028897 68.077675 0.422632 0.688428 -0.371744 -0.457445
1703262105.739230 80.906555 -0.170246 68.058044 0.418644 0.691257 -0.373691 -0.455253
1703262106.739924 80.155632 -0.336970 68.042274 0.416581 0.690372 -0.373807 -0.458384
1703262107.740618 79.418205 -0.564157 68.020943 0.407777 0.698508 -0.373716 -0.454027
1703262108.741319 78.586151 -0.790472 68.003731 0.409140 0.699844 -0.370083 -0.453720
1703262109.742017 77.704369 -1.068279 67.963852 0.399875 0.704095 -0.375968 -0.450554
1703262110.742730 76.714516 -1.129306 67.981728 -0.457114 -0.646030 0.351422 0.500194
1703262111.743428 75.713921 -1.118810 68.026619 -0.464100 -0.637049 0.349685 0.506458
1703262112.744101 74.722885 -1.170790 68.119881 -0.464531 -0.641249 0.346691 0.502807
1703262113.744764 73.838264 -1.231625 68.159058 -0.461892 -0.639152 0.351805 0.504355
1703262114.745454 73.052017 -1.243720 68.198982 -0.464896 -0.634455 0.351494 0.507730
1703262115.746150 72.233871 -1.177960 68.272911 -0.498598 -0.598380 0.334366 0.530604
1703262116.746800 71.435890 -1.112553 68.365005 -0.503478 -0.593198 0.329170 0.535045
1703262117.814133 70.494408 -1.082234 68.419884 -0.495989 -0.602889 0.336356 0.526673
1703262118.814742 69.642944 -1.092883 68.471535 -0.487476 -0.605503 0.344976 0.526047
1703262119.815362 68.739365 -0.987968 68.556740 -0.500829 -0.598569 0.338871 0.525407
1703262120.815977 67.855026 -0.929524 68.613274 -0.512520 -0.581122 0.335241 0.535943
1703262121.816578 66.949554 -0.866370 68.719208 -0.508219 -0.582634 0.332626 0.540009
1703262122.817173 66.044189 -0.732555 68.803261 -0.520286 -0.570218 0.322954 0.547590
1703262123.951205 65.004639 -0.578454 68.909775 -0.532003 -0.562648 0.315343 0.548597
1703262124.951834 64.101044 -0.437120 69.011360 -0.540632 -0.556595 0.308939 0.549977
1703262125.952450 63.220352 -0.280610 69.070366 -0.543520 -0.556110 0.309201 0.547469
1703262126.953075 62.355530 -0.112338 69.143753 -0.536852 -0.559654 0.310383 0.549763
1703262127.953709 61.469254 0.053030 69.231300 -0.542375 -0.556135 0.307269 0.549663
1703262128.954338 60.556602 0.237644 69.313438 -0.543436 -0.554891 0.305942 0.550612
1703262129.954970 59.648830 0.463177 69.419853 -0.548886 -0.548815 0.302109 0.553404
1703262130.955645 58.805500 0.760232 69.520424 -0.561687 -0.536772 0.301662 0.552615
1703262131.956338 57.998737 0.965187 69.623413 -0.559952 -0.534481 0.296086 0.559568
1703262132.956997 57.274303 1.132987 69.693909 -0.556890 -0.538463 0.299043 0.557229
1703262133.957682 56.579273 1.271502 69.762413 -0.555787 -0.542737 0.298691 0.554366
1703262134.958368 55.819874 1.416765 69.819244 -0.554071 -0.547668 0.305233 0.547629
1703262135.959061 54.997517 1.524153 69.862915 -0.546088 -0.556956 0.307200 0.545176
1703262136.959749 54.102882 1.614217 69.940758 -0.538762 -0.571592 0.319832 0.529835
1703262137.960393 53.164936 1.802200 70.001976 -0.542567 -0.566270 0.313041 0.535690
1703262138.961081 52.211918 1.968639 70.077454 -0.543943 -0.565691 0.320085 0.530722
1703262139.961816 51.184929 2.190994 70.142570 -0.552543 -0.559588 0.313160 0.532436
1703262140.962533 50.133640 2.302973 70.188797 -0.543819 -0.573553 0.323493 0.520241
1703262141.963237 49.055164 2.459078 70.246620 -0.545039 -0.574320 0.323797 0.517923
1703262142.963935 48.000484 2.604501 70.297493 -0.543091 -0.575095 0.326343 0.517511
1703262143.964601 46.996277 2.763551 70.344444 -0.547894 -0.573409 0.324917 0.515212
1703262144.965283 46.107071 2.866204 70.370682 -0.539339 -0.577594 0.332045 0.515019
1703262145.965966 45.315388 2.903372 70.388359 -0.532683 -0.586713 0.340759 0.505865
1703262146.966645 44.592968 2.946841 70.418610 0.532408 0.592417 -0.345472 -0.496219
1703262147.967325 43.869610 2.953920 70.434570 0.528498 0.598185 -0.347823 -0.491817
1703262148.967990 43.159500 2.958905 70.456558 0.525143 0.604432 -0.354365 -0.483024
1703262149.968661 42.320156 2.980666 70.485245 0.524781 0.603587 -0.354047 -0.484705
1703262150.969335 41.402512 3.130626 70.521568 0.539451 0.589405 -0.346028 -0.491791
1703262151.970014 40.416359 3.204536 70.535339 0.540343 0.591496 -0.343038 -0.490394
1703262152.970687 39.430004 3.232188 70.551918 0.533802 0.602422 -0.350815 -0.478614
1703262153.971326 38.484650 3.275079 70.574043 0.533203 0.600440 -0.355475 -0.478334
1703262154.971982 37.571110 3.257704 70.570198 0.529727 0.607515 -0.358436 -0.470998
1703262155.972658 36.647079 3.270877 70.573837 0.528651 0.609949 -0.360991 -0.467093
1703262156.973339 35.714821 3.343151 70.621239 0.536962 0.602355 -0.355465 -0.471683
1703262157.973977 34.790047 3.337360 70.624374 0.534411 0.608759 -0.358917 -0.463677
1703262158.974641 33.925709 3.356610 70.607597 0.534516 0.609664 -0.359365 -0.462017
1703262159.975228 33.090038 3.433495 70.608986 0.541197 0.601260 -0.359008 -0.465516
1703262160.975600 32.238979 3.444258 70.595230 0.544182 0.601595 -0.357822 -0.462508
1703262161.975743 31.355263 3.444217 70.565178 0.541806 0.605862 -0.358612 -0.459103
1703262163.042318 30.382875 3.447147 70.547447 0.535697 0.604800 -0.371428 -0.457480
1703262164.108672 29.390968 3.406741 70.547195 0.531201 0.610775 -0.369281 -0.456520
1703262165.174942 28.447468 3.370106 70.531700 0.526361 0.613308 -0.375292 -0.453822
1703262166.241382 27.569164 3.313818 70.524284 0.518207 0.616774 -0.382623 -0.452383
1703262167.307976 26.691660 3.217120 70.512306 0.513040 0.623645 -0.389887 -0.442544
1703262168.308027 25.868078 3.148718 70.492416 0.514128 0.625334 -0.390477 -0.438358
1703262169.308221 25.060160 3.213054 70.520439 0.531011 0.612992 -0.376179 -0.448059
1703262170.308573 24.164875 3.377823 70.504036 0.552390 0.591900 -0.362071 -0.461978
1703262171.309020 23.264977 3.329718 70.470390 0.539171 0.601320 -0.372400 -0.457196
1703262172.309605 22.292101 3.285738 70.481674 0.534326 0.606015 -0.377751 -0.452267
1703262173.310336 21.409466 3.330739 70.486366 0.542273 0.599436 -0.375980 -0.453053
1703262174.311255 20.477661 3.435314 70.491707 0.552637 0.591461 -0.365644 -0.459424
1703262175.312221 19.563606 3.364522 70.473976 0.540313 0.599681 -0.375686 -0.455306
1703262176.313304 18.597870 3.327418 70.465187 0.535322 0.604851 -0.381381 -0.449593
1703262177.314451 17.721558 3.285959 70.457863 0.531505 0.606893 -0.383851 -0.449268
1703262178.315619 16.861607 3.224451 70.441574 0.525793 0.612890 -0.385013 -0.446847
1703262179.316784 16.096325 3.211767 70.432648 0.526452 0.607801 -0.390761 -0.448031
1703262180.317934 15.270688 3.258983 70.471657 0.533117 0.602769 -0.381527 -0.454855
1703262181.319379 14.497357 3.358802 70.478699 0.548714 0.588461 -0.375586 -0.459958
1703262182.320474 13.737184 3.350116 70.480804 0.543392 0.591500 -0.380968 -0.457949
1703262183.321509 12.862609 3.346232 70.488716 0.543903 0.597462 -0.387366 -0.444023
1703262184.322472 11.928153 3.276294 70.501747 0.536100 0.606253 -0.385183 -0.443495
1703262185.323371 11.091352 3.269241 70.492371 0.536103 0.608995 -0.389069 -0.436285
1703262186.324227 10.217479 3.196423 70.448875 0.530657 0.617522 -0.387510 -0.432327
1703262187.325002 9.345388 3.132276 70.436882 0.524855 0.617168 -0.388176 -0.439261
1703262188.325720 8.392443 3.292758 70.451233 0.549790 0.592412 -0.372675 -0.455953
1703262189.326362 7.361985 3.372141 70.443802 0.554085 0.584110 -0.371242 -0.462585
1703262190.326995 6.352515 3.332683 70.435020 0.542174 0.594960 -0.377363 -0.457895
1703262191.327518 5.347333 3.327130 70.440720 0.535005 0.598031 -0.386722 -0.454505
1703262192.328021 4.366566 3.220509 70.439407 0.523347 0.613369 -0.392564 -0.442470
1703262193.395297 3.394214 3.213190 70.449074 0.528963 0.608946 -0.388598 -0.445392
1703262194.395911 2.512423 3.159879 70.452225 0.522183 0.611927 -0.389005 -0.448938
1703262195.396621 1.693529 3.444379 70.475990 0.555870 0.570879 -0.369839 -0.477833
1703262196.397434 0.966505 3.908306 70.549515 -0.600677 -0.518278 0.334382 0.508687
1703262197.398499 0.362542 4.320594 70.614624 -0.627670 -0.481320 0.309035 0.528071
1703262198.399465 -0.371982 4.589866 70.657852 -0.629367 -0.480678 0.311106 0.525413
1703262199.400455 -1.290753 4.526756 70.659927 0.595883 0.531365 -0.341606 -0.495863
1703262200.401461 -2.106960 4.018209 70.612671 0.527928 0.611141 -0.398534 -0.434707
1703262201.402473 -2.722653 3.296001 70.543396 0.444871 0.684393 -0.446408 -0.366628
1703262202.403493 -3.120082 2.431802 70.452705 0.349257 0.747669 -0.489003 -0.282641
1703262203.404516 -3.227997 1.478034 70.363449 0.242907 0.795593 -0.518584 -0.197731
1703262204.405525 -3.014857 0.446209 70.280273 0.116072 0.826411 -0.543287 -0.091710
1703262205.473254 -2.266351 -0.651512 70.156807 -0.048538 0.836313 -0.544549 0.041127
1703262206.474223 -1.051405 -1.377189 70.083153 -0.218696 0.803241 -0.523291 0.182053
1703262207.475187 0.473826 -1.463331 70.095528 -0.394376 0.719623 -0.471903 0.322363
1703262208.476259 1.863567 -0.962212 70.153809 -0.531450 0.608735 -0.400468 0.432005
1703262209.544409 3.254169 -0.346158 70.254906 0.603333 -0.530384 0.352559 -0.479984
1703262210.546060 4.719616 -0.273499 70.252747 0.587957 -0.552707 0.370008 -0.460343
1703262211.547964 6.077180 -0.632347 70.224884 -0.541611 0.598811 -0.402783 0.431102
1703262212.550068 7.307130 -0.660274 70.235023 -0.548261 0.594613 -0.395147 0.435550
1703262213.619166 8.467139 -0.654698 70.231133 -0.554287 0.587692 -0.393692 0.438623
1703262214.621591 9.492644 -0.628186 70.241470 -0.559179 0.582765 -0.388869 0.443266
1703262215.624067 10.463226 -0.615443 70.256927 -0.562130 0.578910 -0.387811 0.445506
1703262216.626404 11.367894 -0.580351 70.250000 -0.564488 0.574668 -0.388028 0.447822
1703262217.628458 12.205097 -0.548073 70.268265 -0.566369 0.575104 -0.387007 0.445765
1703262218.630217 12.952522 -0.529849 70.280388 -0.566657 0.576106 -0.386411 0.444622
1703262219.631691 13.637946 -0.520333 70.282394 -0.565692 0.574182 -0.388508 0.446508
1703262220.632912 14.326777 -0.529911 70.280197 -0.561558 0.578211 -0.393813 0.441855
1703262221.633867 15.053966 -0.483603 70.295982 -0.569317 0.570100 -0.389948 0.445876
1703262222.634553 15.822065 -0.443183 70.310730 0.571768 -0.567529 0.386127 -0.449331
1703262223.635031 16.645056 -0.340794 70.328979 0.577837 -0.560440 0.384860 -0.451546
1703262224.635519 17.538212 -0.345883 70.336838 0.572591 -0.566272 0.388249 -0.448039
1703262225.636248 18.442766 -0.288198 70.355560 0.576275 -0.560379 0.388493 -0.450506
1703262226.637229 19.355284 -0.268372 70.360153 0.570888 -0.563797 0.393772 -0.448512
1703262227.638478 20.280535 -0.326924 70.371933 -0.562552 0.574261 -0.402054 0.438306
1703262228.639959 21.205482 -0.378117 70.383675 -0.557077 0.581312 -0.405745 0.432565
1703262229.641676 22.112999 -0.352921 70.394341 -0.563583 0.571978 -0.404398 0.437809
1703262230.643539 22.999306 -0.297491 70.410568 0.569897 -0.564838 0.399081 -0.443745
1703262231.645405 23.894642 -0.261786 70.407944 0.569452 -0.566533 0.402118 -0.439394
1703262232.647227 24.770641 -0.288074 70.424942 -0.563355 0.572256 -0.409196 0.433259
1703262233.648905 25.698036 -0.260548 70.433105 -0.566415 0.566611 -0.407102 0.438627
1703262234.650429 26.644625 -0.212023 70.455238 0.570055 -0.563263 0.403181 -0.441834
1703262235.651795 27.590658 -0.133889 70.467003 0.576749 -0.554573 0.398959 -0.447929
1703262236.652996 28.575560 -0.199594 70.503624 -0.562152 0.570781 -0.407670 0.438177
1703262237.654032 29.561646 -0.198236 70.528809 -0.564155 0.570409 -0.401945 0.441365
1703262238.654894 30.538145 -0.158222 70.561401 0.571665 -0.565178 0.395986 -0.443811
1703262239.655586 31.470604 -0.111908 70.577827 0.573295 -0.562506 0.396928 -0.444262
1703262240.656153 32.359276 -0.226381 70.576157 -0.557427 0.577805 -0.410170 0.432640
1703262241.656664 33.228191 -0.203451 70.597595 -0.562626 0.574995 -0.407398 0.432271
1703262242.723856 34.112400 -0.155807 70.617920 -0.568588 0.568747 -0.402873 0.436954
1703262243.724356 34.961010 -0.118565 70.627174 0.571657 -0.566818 0.399795 -0.438280
1703262244.724886 35.803635 -0.055177 70.632149 0.575547 -0.560373 0.398154 -0.442946
1703262245.725484 36.688507 0.026770 70.657509 0.581963 -0.554932 0.394152 -0.444987
1703262246.726111 37.548103 0.155269 70.671638 0.589727 -0.544365 0.388345 -0.452854
1703262247.726710 38.336430 0.215340 70.696358 0.588843 -0.546805 0.385277 -0.453684
1703262248.727280 39.029697 0.064883 70.699135 -0.564775 0.574823 -0.403197 0.433635
1703262249.727833 39.820599 0.037792 70.701111 -0.563284 0.578015 -0.404327 0.430266
1703262250.728410 40.702641 0.015750 70.705605 -0.561953 0.580511 -0.405575 0.427463
1703262251.728997 41.689255 -0.011595 70.709801 -0.561615 0.582736 -0.405885 0.424576
1703262252.729624 42.724304 -0.009360 70.690826 -0.564629 0.577184 -0.405673 0.428349
1703262253.730334 43.792152 -0.020378 70.707352 -0.568904 0.576146 -0.405600 0.424138
1703262254.731128 44.850105 -0.010677 70.696419 -0.570785 0.574894 -0.402833 0.425942
1703262255.731974 45.865482 0.065460 70.683861 0.577666 -0.568389 0.396660 -0.431158
1703262256.732759 46.840847 0.177531 70.684357 0.586463 -0.557596 0.392478 -0.437159
1703262257.733392 47.774559 0.244466 70.678009 0.586233 -0.556454 0.391533 -0.439764
1703262258.733892 48.555408 0.270670 70.675270 0.585087 -0.559930 0.392207 -0.436262
1703262259.734274 49.202930 0.267428 70.670296 0.580403 -0.561684 0.393420 -0.439163
1703262260.734543 49.813541 0.238002 70.672501 0.574330 -0.569910 0.399133 -0.431325
1703262261.734728 50.493740 0.265784 70.675156 0.577129 -0.568393 0.399482 -0.429261
1703262262.734831 51.282249 0.307058 70.675797 0.580254 -0.565362 0.389787 -0.437878
1703262263.734865 52.155704 0.336427 70.670456 0.580307 -0.567801 0.391691 -0.432924
1703262264.801495 53.140049 0.261440 70.635490 -0.568751 0.579168 -0.400010 0.425533
1703262265.868089 54.167229 0.195291 70.629906 -0.562083 0.585420 -0.409425 0.416794
1703262266.934753 55.226738 0.099170 70.629623 -0.560690 0.593502 -0.407437 0.409118
1703262267.934897 56.158371 0.178037 70.621918 -0.574185 0.577380 -0.401090 0.419607
1703262268.935228 57.061169 0.269872 70.605751 0.586212 -0.565586 0.391244 -0.428248
1703262269.935884 57.977829 0.351483 70.586250 0.589542 -0.561816 0.388938 -0.430732
1703262270.936700 58.847420 0.427271 70.594795 0.592489 -0.555334 0.383708 -0.439692
1703262271.937509 59.717617 0.478687 70.567429 0.592519 -0.557291 0.380182 -0.440238
1703262272.938182 60.542389 0.529719 70.548439 0.589624 -0.558754 0.385437 -0.437694
1703262273.938628 61.433445 0.384747 70.524940 -0.568303 0.584143 -0.401704 0.417664
1703262274.938827 62.309124 0.430617 70.515747 0.577241 -0.576186 0.395185 -0.422648
1703262276.005432 63.236580 0.467483 70.504959 0.581604 -0.572549 0.395358 -0.421446
1703262277.071802 64.132454 0.511159 70.486130 0.584456 -0.568607 0.395287 -0.422902
1703262278.137966 65.033188 0.609489 70.460114 0.591363 -0.560994 0.386980 -0.431071
1703262279.204103 65.992149 0.658056 70.446686 0.593204 -0.560035 0.384906 -0.431645
1703262280.270445 67.012108 0.703442 70.405785 0.594385 -0.564067 0.378613 -0.430334
1703262281.336940 68.021301 0.785647 70.374680 0.597857 -0.560820 0.375874 -0.432164
1703262282.403580 69.007065 0.837304 70.321175 0.595281 -0.563757 0.376019 -0.431773
1703262283.403739 69.898636 0.927249 70.282669 0.598881 -0.559742 0.376557 -0.431550
1703262284.404104 70.702507 1.003422 70.248932 0.602709 -0.557617 0.372662 -0.432351
1703262285.404683 71.485443 1.136567 70.200226 0.606020 -0.550139 0.373275 -0.436751
1703262286.405650 72.297821 1.227477 70.174553 0.605885 -0.545597 0.374879 -0.441240
1703262287.406871 73.201942 1.256119 70.151573 0.602645 -0.548841 0.376385 -0.440371
1703262288.407944 74.091949 1.251439 70.136368 0.590943 -0.559956 0.385482 -0.434327
1703262289.409083 74.983475 1.335170 70.103973 0.597482 -0.557257 0.378279 -0.435184
1703262290.410204 75.905914 1.445770 70.097321 0.607325 -0.552650 0.367087 -0.437014
1703262291.411236 76.811241 1.590175 70.059425 0.614966 -0.544394 0.361754 -0.441119
1703262292.412158 77.721359 1.631431 70.037323 0.605070 -0.555106 0.368425 -0.435902
1703262293.412954 78.602470 1.738063 69.980820 0.612721 -0.553115 0.359270 -0.435387
1703262294.413584 79.428185 1.826827 69.927025 0.615435 -0.551212 0.363019 -0.430840
1703262295.414154 80.274368 1.948781 69.886238 0.619610 -0.546010 0.359027 -0.434807
1703262296.414696 81.139008 2.082968 69.843956 0.622496 -0.542956 0.358572 -0.434884
1703262297.415304 82.005661 2.272244 69.804466 0.632415 -0.534006 0.352344 -0.436741
1703262298.415909 82.891426 2.448092 69.743011 0.634535 -0.530013 0.350945 -0.439647
1703262299.416509 83.812271 2.524459 69.699425 0.628602 -0.539247 0.351922 -0.436146
1703262300.417122 84.706818 2.699662 69.637169 0.632151 -0.533907 0.350330 -0.438858
1703262301.417736 85.616379 2.818385 69.586693 0.632323 -0.536924 0.345990 -0.438373
1703262302.418386 86.471535 2.943627 69.522438 0.632403 -0.535094 0.345107 -0.441183
1703262303.419138 87.306068 3.137119 69.441360 0.638366 -0.526733 0.344195 -0.443364
1703262304.419755 88.123711 3.288600 69.371147 0.636112 -0.527410 0.340686 -0.448480
1703262305.420411 88.991020 3.418384 69.314140 0.634081 -0.530199 0.343091 -0.446227
1703262306.421072 89.848648 3.522722 69.248314 0.628046 -0.538951 0.352783 -0.436617
1703262307.421779 90.652611 3.741700 69.204025 0.640134 -0.524034 0.343439 -0.444597
1703262308.422927 91.488159 3.913974 69.167252 0.644037 -0.522713 0.342404 -0.441301
1703262309.423535 92.284355 4.130044 69.100990 0.651637 -0.513815 0.331819 -0.448621
1703262310.557556 93.242821 4.343108 69.042168 0.649752 -0.516025 0.338152 -0.444065
1703262311.558171 94.090942 4.418353 68.959984 0.636910 -0.526900 0.348812 -0.441646
1703262312.558757 94.967552 4.657959 68.894440 0.643493 -0.517954 0.345151 -0.445547
1703262313.559373 95.814034 4.932758 68.829506 0.651550 -0.504354 0.339552 -0.453668
1703262314.559987 96.680450 5.148174 68.781723 0.651528 -0.504249 0.342411 -0.451662
1703262315.560612 97.536972 5.350606 68.719025 0.651086 -0.502832 0.342337 -0.453930
1703262316.627933 98.432198 5.650610 68.671837 0.655273 -0.495873 0.334783 -0.461137
1703262317.628538 99.327545 5.900315 68.645706 0.656051 -0.494366 0.331098 -0.464299
1703262318.629151 100.209625 6.149333 68.608246 0.655490 -0.494844 0.331751 -0.464115
1703262319.629748 101.045097 6.411178 68.567360 0.657789 -0.489458 0.330885 -0.467183
1703262320.630357 102.169052 6.757278 68.346886 -0.489706 0.642532 -0.451242 0.379104
1703262324.232924 105.261902 5.947179 68.354691 -0.497709 0.632831 -0.450239 0.386130
1703262325.233713 106.167618 5.750309 68.362053 -0.499129 0.631548 -0.451187 0.385288
1703262326.234439 107.058456 5.540722 68.353569 -0.498325 0.629839 -0.450601 0.389787
1703262327.235173 107.929253 5.315959 68.356247 -0.491617 0.629280 -0.457793 0.390825
1703262328.235904 108.786613 5.088952 68.375282 -0.490542 0.627403 -0.460688 0.391791
1703262329.236586 109.647293 4.973973 68.382217 -0.499084 0.613937 -0.462054 0.400628
1703262330.237311 110.520767 4.821935 68.423538 -0.502349 0.609520 -0.458783 0.407000
1703262331.238058 111.413376 4.705117 68.480942 -0.505338 0.606074 -0.458704 0.408533
1703262332.238837 112.298294 4.517012 68.540367 -0.501970 0.609839 -0.461594 0.403798
1703262333.239583 113.155670 4.332845 68.595428 -0.499249 0.613196 -0.464953 0.398196
1703262334.240322 113.976479 4.112643 68.628685 -0.493217 0.615774 -0.468073 0.398078
1703262335.241451 114.811134 4.019438 68.686317 -0.505201 0.604802 -0.464503 0.404009
1703262336.308995 115.738144 3.853048 68.761177 -0.509840 0.605253 -0.456450 0.406675
1703262337.309710 116.625908 3.746488 68.819336 -0.513445 0.604750 -0.456220 0.403133
1703262338.310519 117.512222 3.624691 68.866844 -0.515485 0.599218 -0.456877 0.408016
1703262339.311383 118.419022 3.471982 68.921867 -0.516113 0.601212 -0.455915 0.405356
1703262340.312286 119.288559 3.318990 68.975159 -0.518001 0.605595 -0.452131 0.400634
1703262341.313166 120.118851 3.150052 69.009003 -0.513339 0.608680 -0.460769 0.392026
1703262342.314022 120.871292 2.952387 69.032112 -0.500665 0.611938 -0.474156 0.387354
1703262343.314842 121.615097 2.835650 69.068001 -0.504157 0.606825 -0.475509 0.389204
1703262344.315625 122.351089 2.732484 69.101654 -0.507738 0.601146 -0.473942 0.395226
1703262345.316347 123.187378 2.662470 69.170052 -0.521108 0.588825 -0.467856 0.403537
1703262346.317063 124.095314 2.611764 69.237267 -0.531314 0.578942 -0.462560 0.410572
1703262347.317753 125.035583 2.482021 69.309952 -0.527993 0.580877 -0.465712 0.408556
1703262348.318425 125.984070 2.328742 69.351311 -0.522236 0.583277 -0.471566 0.405812
1703262349.319059 126.956039 2.139577 69.419868 -0.515502 0.589361 -0.475877 0.400565
1703262350.319658 127.946182 1.986827 69.521835 -0.516732 0.585813 -0.475743 0.404327
1703262351.320482 128.975098 1.841902 69.607758 -0.520280 0.582974 -0.472566 0.407592
1703262352.321153 129.989136 1.763222 69.719856 -0.532194 0.575201 -0.463839 0.413240
1703262353.321779 130.898682 1.636267 69.786690 -0.526770 0.578095 -0.466623 0.413017
1703262354.322469 131.713593 1.542629 69.853546 -0.523148 0.577364 -0.472107 0.412410
1703262355.323208 132.430771 1.478614 69.924210 -0.527692 0.572724 -0.471692 0.413565
1703262356.323992 133.092514 1.401830 69.979156 -0.526915 0.571220 -0.474931 0.412927
1703262357.324805 133.786682 1.344394 70.037819 -0.527470 0.569290 -0.474663 0.415186
1703262358.325621 134.545563 1.306411 70.116638 -0.529524 0.562572 -0.477706 0.418228
1703262359.326458 135.351242 1.204762 70.202774 -0.528502 0.559202 -0.478684 0.422895
1703262360.327284 136.190155 1.189553 70.282776 -0.534827 0.550719 -0.473851 0.431433
1703262361.328112 137.056396 1.145025 70.395981 -0.539267 0.547779 -0.467346 0.436711
1703262362.328940 137.914886 1.046074 70.493774 -0.530192 0.553812 -0.477346 0.429336
1703262363.329707 138.785461 0.965622 70.613686 -0.530356 0.553503 -0.475744 0.431307
1703262364.330482 139.651474 0.906664 70.748772 -0.529981 0.552611 -0.477618 0.430839
1703262365.397971 140.550476 0.871872 70.839294 -0.531181 0.545776 -0.476917 0.438777
1703262366.398709 141.403885 0.734554 70.947319 -0.518877 0.550572 -0.484995 0.438654
1703262367.399384 142.252594 0.799942 71.091309 0.540410 -0.531205 0.470259 -0.452365
1703262368.400088 142.976196 1.242848 71.185867 0.594416 -0.474034 0.435224 -0.482226
1703262369.400790 143.430573 1.937205 71.211922 -0.655788 0.381200 -0.378671 0.530318
1703262370.401481 143.692444 2.669831 71.271774 -0.707778 0.293100 -0.316526 0.559423
1703262371.402169 143.773682 3.412236 71.257118 -0.749741 0.206156 -0.258206 0.573339
1703262372.402855 143.629471 4.216712 71.178879 -0.775945 0.100024 -0.198207 0.590440
1703262373.403574 143.339432 5.071967 71.094299 -0.810693 -0.002285 -0.113472 0.574366
1703262374.404275 142.778107 5.744679 70.998016 -0.813306 -0.112940 -0.028998 0.570032
1703262375.404976 141.873718 6.365876 70.794502 -0.796881 -0.249237 0.064860 0.546493
1703262376.405675 140.870117 6.648555 70.607285 -0.758683 -0.368202 0.175493 0.507966
1703262377.406379 139.918076 6.518396 70.391434 0.702380 0.477418 -0.246773 -0.466730
1703262378.407098 139.055206 6.180925 70.226509 0.639948 0.569151 -0.317932 -0.406759
1703262379.407791 138.350891 5.848718 70.097115 0.590787 0.615995 -0.367525 -0.369386
1703262380.408500 137.515793 5.436966 69.946350 0.545758 0.657539 -0.402469 -0.328343
1703262381.409221 136.457733 4.980553 69.729073 0.517786 0.683542 -0.412975 -0.306791
1703262382.409931 135.238953 4.813826 69.529167 0.522923 0.668279 -0.419161 -0.322890
1703262383.410615 133.811600 4.869428 69.293152 0.561258 0.636290 -0.388316 -0.359633
1703262384.411342 132.426682 4.786304 69.082443 0.562444 0.637103 -0.387849 -0.356832
1703262385.412057 131.127365 4.839780 68.843193 0.579532 0.616501 -0.376215 -0.377533
1703262386.412770 129.898239 4.772495 68.684082 0.571361 0.622326 -0.382641 -0.373956
1703262387.413470 128.833939 4.730889 68.562088 0.569132 0.618333 -0.390016 -0.376352
1703262388.414177 127.932518 4.748510 68.411156 0.575355 0.611636 -0.388109 -0.379790
1703262389.415116 127.124504 4.714317 68.298134 0.567102 0.608801 -0.399708 -0.384696
1703262390.415847 126.358208 4.680998 68.219315 0.566063 0.604318 -0.403806 -0.388991
1703262391.483224 125.491783 4.648862 68.150650 0.560979 0.602938 -0.412072 -0.389827
1703262392.483870 124.589828 4.685241 68.100883 0.567366 0.596053 -0.407342 -0.396092
1703262393.484541 123.659050 4.687710 68.028999 0.562740 0.590493 -0.416660 -0.401294
1703262394.485211 122.712097 4.555023 67.988022 0.548203 0.605077 -0.424089 -0.391794
1703262395.552581 121.800171 4.498673 67.970032 0.549189 0.604472 -0.420407 -0.395302
1703262396.553262 121.002663 4.459272 67.939980 0.547052 0.597167 -0.420540 -0.408990
1703262397.687472 120.066589 4.374835 67.906807 0.545988 0.600886 -0.419213 -0.406317
1703262398.754838 119.268799 4.307466 67.892998 0.538319 0.604902 -0.425962 -0.403563
1703262399.755502 118.496918 4.404230 67.874725 0.548535 0.587963 -0.427307 -0.413300
1703262400.822868 117.575119 4.393526 67.874153 0.549215 0.587243 -0.425851 -0.414921
1703262401.823468 116.754555 4.285844 67.866188 0.537609 0.594572 -0.432527 -0.412772
1703262402.957451 115.816803 4.146875 67.861107 0.521675 0.600342 -0.443829 -0.412869
1703262403.957998 115.005730 3.978773 67.899178 0.510353 0.605708 -0.448628 -0.413993
1703262404.958578 114.143044 3.948332 67.942947 0.515150 0.598977 -0.448039 -0.418459
1703262405.959199 113.315262 3.854222 67.979416 0.514377 0.596911 -0.448958 -0.421367
1703262407.026417 112.427010 3.757016 68.043076 0.510428 0.596551 -0.453159 -0.422182
1703262408.026912 111.601707 3.656250 68.072258 0.510255 0.593862 -0.456634 -0.422437
1703262409.027400 110.775467 3.665837 68.123756 0.521424 0.586955 -0.447638 -0.428044
1703262410.027907 109.863129 3.554396 68.182320 0.512607 0.596577 -0.458939 -0.413166
1703262411.028397 108.988701 3.480371 68.269768 0.511724 0.585657 -0.457092 -0.431523
1703262412.028867 108.021729 3.438067 68.361198 0.514193 0.584174 -0.453232 -0.434658
1703262413.029404 106.996170 3.367597 68.444702 0.516622 0.578075 -0.450864 -0.442326
1703262414.029950 105.941277 3.222804 68.537346 0.505466 0.587398 -0.457156 -0.436436
1703262415.030468 104.937302 2.991068 68.657768 0.485066 0.598411 -0.468538 -0.432537
1703262416.031048 103.982346 2.836998 68.754547 0.483017 0.597301 -0.468901 -0.435958
1703262417.098370 103.029266 2.796180 68.901588 0.500784 0.585320 -0.453641 -0.448135
1703262418.099015 102.192467 2.801873 69.022964 0.510674 0.578217 -0.451192 -0.448668
1703262419.099699 101.433624 2.643250 69.131027 0.492718 0.584257 -0.462345 -0.449566
1703262420.100412 100.657890 2.480700 69.227341 0.478145 0.593925 -0.470627 -0.444005
1703262421.167861 99.786560 2.358787 69.292130 0.478731 0.596897 -0.467045 -0.443170
1703262422.168614 98.869171 2.208454 69.395218 0.465553 0.597547 -0.477676 -0.444999
1703262423.169380 97.902443 2.047327 69.561867 0.464518 0.598245 -0.471464 -0.451716
1703262424.170157 96.912239 1.893616 69.700333 0.463446 0.593868 -0.476363 -0.453450
1703262425.170942 95.897141 1.748404 69.869911 0.461788 0.597752 -0.479858 -0.446296
1703262426.171741 94.892281 1.630504 69.984451 0.506964 0.595349 -0.438697 -0.442823
1703262427.172527 93.903915 1.612544 70.068268 0.516944 0.587098 -0.434093 -0.446820
1703262428.173297 92.946846 1.626551 70.094414 0.557651 0.584297 -0.397136 -0.435782
1703262429.174076 92.010033 1.723007 70.095833 0.558266 0.580236 -0.403465 -0.434605
1703262430.174827 91.046280 1.799319 70.098846 0.568070 0.569660 -0.393184 -0.445186
1703262431.175553 90.019279 1.875678 70.113129 0.570891 0.572328 -0.395418 -0.436084
1703262432.176251 89.024139 1.818960 70.104172 0.554289 0.583632 -0.405992 -0.432791
1703262433.176871 88.003769 1.756754 70.105301 0.544973 0.589480 -0.408112 -0.434698
1703262434.177403 86.995689 1.734291 70.040855 0.560519 0.586831 -0.392707 -0.432699
1703262435.177865 85.945786 1.827097 70.034813 0.565502 0.580079 -0.389063 -0.438573
1703262436.178261 84.929245 1.918011 70.013824 0.567458 0.568743 -0.391864 -0.448291
1703262437.178590 83.924927 2.020537 69.960411 0.585686 0.571637 -0.372844 -0.437254
1703262438.178864 82.986450 2.210898 69.863831 0.601644 0.560418 -0.358560 -0.442030
1703262439.179097 82.062225 2.305403 69.815918 0.591710 0.564254 -0.366451 -0.444084
1703262440.245974 81.171608 2.396478 69.783760 0.592381 0.564537 -0.359960 -0.448121
1703262441.379531 80.400543 2.498228 69.746452 0.589763 0.565095 -0.364279 -0.447380
1703262442.379740 79.833282 2.540916 69.729630 0.588002 0.565884 -0.365171 -0.447973
1703262443.379935 79.294449 2.598192 69.678619 0.581280 0.567063 -0.371058 -0.450410
1703262444.446814 78.562386 2.650660 69.661003 0.572976 0.573197 -0.378341 -0.447215
1703262445.447065 77.705009 2.689954 69.663712 0.570836 0.577454 -0.381928 -0.441390
1703262446.447446 76.703949 2.694706 69.629768 0.560316 0.586196 -0.391068 -0.435300
1703262447.447941 75.663094 2.748014 69.595413 0.555901 0.583326 -0.396858 -0.439555
1703262448.448496 74.600777 2.749996 69.604416 0.545423 0.586541 -0.405184 -0.440805
1703262449.515769 73.491776 2.891836 69.635605 0.564128 0.570570 -0.392554 -0.449568
1703262450.516309 72.493828 2.951196 69.612572 0.573132 0.576306 -0.379115 -0.442338
1703262451.516862 71.528854 3.042078 69.600487 0.576053 0.573079 -0.380028 -0.441952
1703262452.517375 70.547493 3.169023 69.554787 0.573263 0.571091 -0.386823 -0.442258
1703262453.517883 69.640999 3.233126 69.559990 0.572634 0.570063 -0.389869 -0.441724
1703262454.518473 68.761909 3.261192 69.567726 0.571092 0.577953 -0.396903 -0.426957
1703262455.518922 68.001961 3.302803 69.546921 0.571192 0.576297 -0.396755 -0.429193
1703262456.519323 67.313171 3.284624 69.547440 0.563750 0.582320 -0.394626 -0.432851
1703262457.519702 66.626900 3.272918 69.540794 0.558490 0.584827 -0.399223 -0.432074
1703262458.520073 65.887650 3.242056 69.534134 0.551869 0.591376 -0.400116 -0.430840
1703262459.520405 65.022591 3.235080 69.535294 0.554122 0.591628 -0.401843 -0.425966
1703262460.520710 64.091087 3.197680 69.490852 0.542277 0.597146 -0.408751 -0.426936
1703262461.521003 63.100773 3.189466 69.490456 0.545674 0.590645 -0.403752 -0.436305
1703262462.521330 62.272610 3.223827 69.445297 0.562001 0.590866 -0.386878 -0.430531
1703262463.521730 61.766262 3.241257 69.422844 0.558626 0.589812 -0.390683 -0.432927
1703262464.522195 61.474331 3.237437 69.406502 0.554727 0.592703 -0.394428 -0.430590
1703262465.522711 61.288750 3.242296 69.410133 0.557032 0.591631 -0.392314 -0.431020
1703262466.523267 60.912163 3.257686 69.414322 0.556202 0.589810 -0.393733 -0.433287
1703262467.523872 60.519314 3.225322 69.403069 0.552081 0.592401 -0.396629 -0.432379
1703262469.525140 60.378994 3.238917 69.405296 0.551753 0.590296 -0.398067 -0.434351
1703262471.526556 60.227638 3.241512 69.402428 0.552923 0.590682 -0.396233 -0.434017
1703262472.527232 59.724949 3.202219 69.399406 0.548264 0.595436 -0.396337 -0.433336
1703262473.527910 59.374615 3.208210 69.385132 0.546186 0.594954 -0.400969 -0.432358
1703262476.596601 59.523918 3.243805 69.380531 0.553699 0.591667 -0.396050 -0.431847
1703262477.597228 59.820187 3.239545 69.411224 0.574596 0.589682 -0.371957 -0.428676
1703262479.598421 58.981339 3.261030 69.324615 0.586356 0.596049 -0.357101 -0.416403
1703262480.599016 57.705898 3.540327 69.208023 0.602792 0.579069 -0.342424 -0.429030
1703262481.599625 56.387611 3.620786 69.095848 0.592199 0.583999 -0.352115 -0.429256
1703262482.600240 55.248425 3.675686 68.974602 0.585035 0.590178 -0.363484 -0.421074
1703262483.600854 54.339458 3.672190 68.901665 0.575616 0.593808 -0.368464 -0.424609
1703262484.601422 53.490757 3.709155 68.816093 0.578201 0.592729 -0.366843 -0.424007
1703262485.602036 52.705723 3.761884 68.759323 0.575902 0.594920 -0.369807 -0.421485
1703262486.602657 51.922279 3.762460 68.697838 0.567837 0.595968 -0.378196 -0.423498
1703262487.603275 51.027901 3.777976 68.619507 0.564039 0.596082 -0.380980 -0.425911
1703262488.603902 50.082458 3.829315 68.562393 0.567515 0.588036 -0.378999 -0.434167
1703262489.604527 49.088783 3.921574 68.540642 0.571204 0.583337 -0.377080 -0.437328
1703262490.605152 48.155487 3.987557 68.524261 0.568997 0.578216 -0.380640 -0.443872
1703262491.605776 47.254845 4.029105 68.510902 0.568100 0.582244 -0.377128 -0.442752
1703262492.606406 46.417549 4.044541 68.490875 0.561434 0.586728 -0.381396 -0.441678
1703262493.607026 45.617458 4.052509 68.445694 0.554469 0.585347 -0.386809 -0.447562
1703262494.607654 44.780453 4.009364 68.469231 0.544816 0.595992 -0.395132 -0.437996
1703262495.608276 43.884480 3.984828 68.480972 0.543981 0.601208 -0.392095 -0.434622
1703262496.608916 42.981277 3.966422 68.491776 0.543153 0.604672 -0.389665 -0.433033
1703262497.609605 42.062748 3.956834 68.476143 0.539194 0.604258 -0.388466 -0.439587
1703262498.610331 41.152760 4.052550 68.460815 0.546221 0.591477 -0.386135 -0.450220
1703262499.611094 40.233086 4.048678 68.466972 0.546410 0.592855 -0.381102 -0.452460
1703262500.611855 39.349304 4.035125 68.457443 0.542239 0.598057 -0.386879 -0.445679
1703262501.612664 38.475662 4.006147 68.449432 0.534367 0.594900 -0.390651 -0.456002
1703262502.613496 37.574589 4.008472 68.457069 0.531018 0.599466 -0.391123 -0.453523
1703262503.614347 36.646103 4.026168 68.482841 0.530174 0.600369 -0.391418 -0.453061
1703262504.615200 35.747631 4.038952 68.510040 0.531515 0.595273 -0.390656 -0.458835
1703262505.616065 34.849747 4.039170 68.536102 0.528703 0.594088 -0.393961 -0.460790
1703262506.616929 33.988430 4.046243 68.561203 0.527681 0.594687 -0.391905 -0.462936
1703262507.617782 33.135983 3.995979 68.596161 0.521912 0.599630 -0.394272 -0.461087
1703262508.618698 32.255684 3.995600 68.642296 0.524090 0.597836 -0.392497 -0.462459
1703262509.619532 31.318024 3.995303 68.653137 0.524295 0.598426 -0.393940 -0.460231
1703262510.620339 30.384979 3.995567 68.710793 0.526841 0.594151 -0.396315 -0.460822
1703262511.621139 29.516108 3.893573 68.744820 0.513497 0.601283 -0.401891 -0.461804
1703262512.622109 28.668085 3.851240 68.787926 0.509013 0.603600 -0.405283 -0.460780
1703262513.623373 27.882710 3.784289 68.813072 0.502476 0.606172 -0.407729 -0.462419
1703262514.624956 27.090544 3.708694 68.854317 0.494603 0.609300 -0.414446 -0.460821
1703262515.626850 26.254137 3.679657 68.916840 0.498490 0.604498 -0.413238 -0.464030
1703262516.628654 25.391594 3.646008 68.995872 0.502660 0.602279 -0.406490 -0.468357
1703262517.630273 24.509743 3.609253 69.069305 0.507733 0.599656 -0.404256 -0.468185
1703262518.631760 23.583979 3.503275 69.102005 0.496428 0.610771 -0.409595 -0.461249
1703262519.766621 22.459301 3.501159 69.218010 0.506753 0.600680 -0.404659 -0.467586
1703262520.767796 21.465515 3.504222 69.283447 0.506744 0.595336 -0.409758 -0.469983
1703262521.768837 20.503281 3.484768 69.365845 0.509750 0.592753 -0.406170 -0.473102
1703262522.769695 19.619583 3.453682 69.430275 0.502152 0.593808 -0.412152 -0.474727
1703262523.770444 18.745209 3.388241 69.493805 0.496367 0.593671 -0.416465 -0.477212
1703262524.771126 17.872871 3.315218 69.597488 0.491631 0.600281 -0.416152 -0.474109
1703262525.771660 17.012613 3.245651 69.672401 0.485825 0.600055 -0.420060 -0.476926
1703262526.771992 16.133707 3.202847 69.780823 0.488870 0.597742 -0.416422 -0.479899
1703262527.772144 15.251216 3.160324 69.870575 0.488581 0.597667 -0.418112 -0.478816
1703262528.772404 14.400600 3.053088 69.956017 0.475179 0.604513 -0.428426 -0.474573
1703262529.772950 13.621532 2.923336 70.050446 0.468772 0.612317 -0.431712 -0.467916
1703262530.773780 12.791459 2.828472 70.139679 0.465475 0.615411 -0.432196 -0.466701
1703262531.774940 11.940207 2.699048 70.256348 0.465482 0.619201 -0.429320 -0.464328
1703262532.776218 11.047112 2.624355 70.355850 0.469699 0.616112 -0.426062 -0.467183
1703262533.777428 9.591202 2.767562 70.196091 0.522271 0.601917 -0.382344 -0.467698
1703262534.778598 8.697582 2.750141 70.220299 0.516265 0.604892 -0.386750 -0.466905
1703262535.779753 7.833914 2.706654 70.250168 0.510276 0.608208 -0.388532 -0.467700
1703262536.780826 6.994580 2.673923 70.276321 0.511465 0.606043 -0.387846 -0.469777
1703262537.781842 6.135764 2.591398 70.329430 0.501979 0.617775 -0.390611 -0.462378
1703262538.782742 5.253098 2.652060 70.368019 0.511598 0.605600 -0.391277 -0.467352
1703262539.783626 4.351995 2.590778 70.393181 0.503246 0.610966 -0.395356 -0.466001
1703262540.784460 3.454543 2.532861 70.445007 0.502893 0.609892 -0.398637 -0.464994
1703262541.785253 2.581958 2.508481 70.495827 0.503838 0.606663 -0.395992 -0.470424
1703262542.785947 1.750937 2.453835 70.537003 0.497403 0.614027 -0.395679 -0.467974
1703262543.786509 0.895240 2.413881 70.581833 0.497592 0.614848 -0.396737 -0.465794
1703262544.787104 0.058179 2.348425 70.626625 0.493643 0.616326 -0.396088 -0.468586
1703262545.787776 -0.795591 2.297126 70.668213 0.491762 0.614669 -0.399989 -0.469427
1703262546.788507 -1.686825 2.578548 70.784607 0.535542 0.570810 -0.374940 -0.496781
1703262547.789323 -2.536465 2.734998 70.892220 -0.544756 -0.558052 0.368120 0.506268
1703262548.790188 -3.353694 2.503142 70.922997 0.506368 0.602309 -0.393297 -0.475534
1703262549.791125 -4.047172 1.865191 70.849152 0.434307 0.674172 -0.430490 -0.414183
1703262550.792082 -4.517060 1.081037 70.735329 0.348663 0.738827 -0.465171 -0.340860
1703262551.793074 -4.705684 0.207759 70.614685 0.252087 0.788993 -0.496076 -0.260483
1703262552.794060 -4.612381 -0.696590 70.447823 0.141708 0.829121 -0.513138 -0.170781
1703262553.795055 -4.232332 -1.629099 70.238625 0.019917 0.853236 -0.516647 -0.068321
1703262554.796012 -3.480022 -2.428652 70.064026 -0.111315 0.851745 -0.509749 0.047915
1703262555.796959 -2.300522 -2.958561 69.875153 -0.266704 0.816800 -0.479597 0.178026
1703262556.797835 -0.960985 -2.972830 69.774582 -0.411672 0.744363 -0.426393 0.307635
1703262557.798715 0.341464 -2.388338 69.757332 -0.543247 0.631948 -0.355836 0.422973
1703262558.799561 1.447925 -1.697845 69.798134 0.612935 -0.541380 0.302009 -0.489907
1703262559.800381 2.396961 -1.370515 69.775818 0.621645 -0.527375 0.296798 -0.497336
1703262560.801172 3.160309 -1.299336 69.730003 0.609905 -0.542667 0.308269 -0.488364
1703262561.801958 3.731527 -1.297428 69.691437 0.599289 -0.558903 0.319651 -0.475713
1703262562.802733 3.983610 -1.385932 69.663055 0.585780 -0.577866 0.330173 -0.462513
1703262564.804290 3.142287 -1.193046 69.699432 0.589096 -0.562993 0.337020 -0.471616
1703262565.805055 2.952184 -1.253682 69.705452 0.586844 -0.568017 0.337698 -0.467900
1703262566.805794 2.166657 -1.530563 69.717804 -0.553936 0.608197 -0.362224 0.438231
1703262567.873293 1.323084 -1.480803 69.765244 -0.555822 0.609090 -0.355083 0.440440
1703262568.874089 0.845902 -1.433023 69.795212 -0.563372 0.601248 -0.349731 0.445872
1703262569.874895 0.683538 -1.453767 69.808838 -0.562303 0.603095 -0.349194 0.445147
1703262570.875725 0.464950 -1.468854 69.813972 -0.558890 0.605292 -0.351467 0.444673
1703262571.876543 0.313966 -1.488173 69.820564 -0.556964 0.606963 -0.351966 0.444418
1703262573.878147 0.074017 -1.477711 69.827026 -0.559296 0.606338 -0.352135 0.442203
1703262574.878952 -0.181226 -1.480185 69.838676 -0.560123 0.605363 -0.350171 0.444048
1703262575.879778 0.093355 -1.483383 69.832718 -0.559295 0.606301 -0.351821 0.442504
1703262590.306937 0.517973 -1.480684 69.797256 -0.557108 0.607094 -0.356037 0.440801
1703262591.307728 0.648674 -1.480355 69.787277 -0.558055 0.605891 -0.355313 0.441841
1703262592.441747 0.497147 -1.496320 69.796692 -0.555676 0.609034 -0.356345 0.439683
1703262593.442439 0.215155 -1.515454 69.803490 -0.553162 0.610438 -0.356776 0.440555
