1403636579.763555527 6.522290953552489778e-02 -8.054602460029381891e-03 2.070638549269731080e-02 4.982233409084423914e-01 5.036385787547945636e-01 4.887896533709217839e-01 -5.091231278594746668e-01
1403636579.813555479 6.549363577701036720e-02 -1.099141049837768815e-02 1.908550777220448247e-02 -4.990073492603677163e-01 -5.030461123325598027e-01 -4.908169709371211220e-01 5.069861687377166248e-01
1403636579.863555670 6.678641699194577674e-02 1.748899432902151132e-03 -1.034932659854599472e-02 -5.000835932418398189e-01 -5.031177064326042281e-01 -4.916774191461815158e-01 5.050171172802722097e-01
1403636579.913555384 6.579536533728003178e-02 1.087538101212563724e-02 -3.235303909230567015e-02 -5.028669491726438512e-01 -5.052863237010969399e-01 -4.899228516178057991e-01 5.017829829449236279e-01
1403636579.963555574 6.555375828832946117e-02 1.882332855403780203e-02 -5.577340626732395917e-02 5.058881913574457823e-01 5.083914266001611226e-01 4.868398685543418591e-01 -4.986002783698947893e-01
1403636580.013555527 6.453772432274854087e-02 2.576200062045893788e-02 -8.130023610925585231e-02 5.093167271524290385e-01 5.098819382800956479e-01 4.832647476772461426e-01 -4.970634407305759006e-01
1403636580.063555479 6.380779929609722845e-02 3.390788960580753270e-02 -1.080515614333816543e-01 5.116188773487256869e-01 5.110191015550967775e-01 4.811459674701723532e-01 -4.955846649901946011e-01
1403636580.113555431 6.339143382119244441e-02 4.340602009692149515e-02 -1.340237998963249855e-01 5.137004264289316557e-01 5.112755195277148834e-01 4.785331714638090261e-01 -4.956967004400856247e-01
1403636580.163555622 6.269968457356975278e-02 4.904718574286113381e-02 -1.590791141137102294e-01 5.152864817217348570e-01 5.115782883214435861e-01 4.764172000501988857e-01 -4.957763086002264785e-01
1403636580.213555574 6.211561269766772281e-02 5.549420622042421092e-02 -1.826056255651522242e-01 5.162119610224635835e-01 5.127505132128868937e-01 4.750416375329273300e-01 -4.949217767559824788e-01
1403636580.263555527 6.109074626314070500e-02 6.098827191067852926e-02 -2.038865744277759962e-01 5.170304940243256597e-01 5.143712312196463410e-01 4.739957297859230256e-01 -4.933860079970417978e-01
1403636580.313555479 6.033762057656490152e-02 6.514906878399859269e-02 -2.231441917087462201e-01 5.177585881696151748e-01 5.174755509935018427e-01 4.733948169120864025e-01 -4.899412677263987881e-01
1403636580.363555670 5.935891098324607568e-02 6.860616875203964793e-02 -2.417888755232029396e-01 5.197480025121324898e-01 5.208653501599552760e-01 4.701682452993153905e-01 -4.873429203338840443e-01
1403636580.413555384 5.816963945930653940e-02 7.111507134312475276e-02 -2.582234889507791231e-01 5.227816647408857209e-01 5.250387465212380533e-01 4.672399764292475277e-01 -4.824110799811210382e-01
1403636580.463555574 5.768697353315886678e-02 7.330183035353238230e-02 -2.695668500677011470e-01 5.263132286141830596e-01 5.297911976300123671e-01 4.626542800406515110e-01 -4.777726336444336752e-01
1403636580.513555527 5.721878050764757362e-02 7.432195935914404084e-02 -2.762160413685514904e-01 5.302256151370996484e-01 5.337539440024670068e-01 4.580812108041489306e-01 -4.734227799995480157e-01
1403636580.563555479 5.621393333018526173e-02 7.281253069193115157e-02 -2.741428951738124620e-01 5.332976859140232673e-01 5.367589125360815450e-01 4.535917919468785420e-01 -4.708905757076166654e-01
1403636580.613555431 5.518412186686730281e-02 6.975493077981753665e-02 -2.644929114155803451e-01 5.342715585699528980e-01 5.382118860447073772e-01 4.510609105483772141e-01 -4.705591592974269211e-01
1403636580.663555622 5.483762681208898676e-02 6.501927544317669116e-02 -2.463334088961556811e-01 5.334736430710612654e-01 5.377215475391339261e-01 4.513629832241012330e-01 -4.717338940924731272e-01
1403636580.713555574 5.359728672492924256e-02 5.837959267757781429e-02 -2.208392478002089154e-01 5.314218654984097512e-01 5.364021607922362378e-01 4.552980701168964361e-01 -4.717702726067419250e-01
1403636580.763555527 5.308723729141509584e-02 5.105370975104625564e-02 -1.905636563440754050e-01 5.285769662587933571e-01 5.342773787893960735e-01 4.606807748480145626e-01 -4.721517732043536419e-01
1403636580.813555479 5.282523650613249466e-02 4.258760540228626046e-02 -1.535804497793814283e-01 5.255428891687751181e-01 5.313917572794386590e-01 4.676296398579002367e-01 -4.719639730593609417e-01
1403636580.863555670 5.226221006855894663e-02 3.409758463233773101e-02 -1.167620071389832009e-01 5.226494810238236921e-01 5.270160703376549627e-01 4.758579653083629402e-01 -4.718588543663968515e-01
1403636580.913555384 5.117149444226720689e-02 2.446280818985142533e-02 -7.795595665001447960e-02 5.196786103156015857e-01 5.226569088056688406e-01 4.844815518595650961e-01 -4.712128219455571920e-01
1403636580.963555574 5.033813464982637292e-02 1.707891362856389650e-02 -3.896432234429378361e-02 5.159156606250839827e-01 5.190815857108967979e-01 4.906314120414518309e-01 -4.729335640614392156e-01
1403636581.013555527 4.888626865408855771e-02 8.779623732946483308e-03 -2.731036570880666144e-03 5.119541260956511630e-01 5.164192926664249450e-01 4.948419713215924665e-01 -4.757578274228475568e-01
1403636581.063555479 4.698198059623028000e-02 -1.171612469486007189e-03 2.980008269938421578e-02 5.084217226941513124e-01 5.131955695065851808e-01 4.978009114618732744e-01 -4.799290696334735373e-01
1403636581.113555431 4.637289880928913144e-02 -8.870114221434169735e-03 6.133201510575904403e-02 5.058089658226792018e-01 5.093293934581114568e-01 5.009401665782750035e-01 -4.835284981896249001e-01
1403636581.163555622 4.616558270918984935e-02 -1.594669301787534840e-02 8.955888963858012197e-02 5.035692501372036611e-01 5.037531451002982275e-01 5.037433702657851953e-01 -4.887672207002840552e-01
1403636581.213555574 4.644217714423584664e-02 -2.352486014952137258e-02 1.149189665612219968e-01 5.006223741354113299e-01 4.986302944875853349e-01 5.071726152179241165e-01 -4.934784760323998043e-01
1403636581.263555527 4.594596207054954529e-02 -2.793774153501887847e-02 1.407366695746838370e-01 4.976067120281406631e-01 4.931221005303125238e-01 5.101555746153286774e-01 -4.989583587855997981e-01
1403636581.313555479 4.771326269982568286e-02 -3.438260223417649586e-02 1.524170164789626913e-01 -4.929610687069301278e-01 -4.898291399647573541e-01 -5.141922035941580704e-01 5.026561211640531157e-01
1403636581.363555670 4.825686667853348183e-02 -3.703248659007606081e-02 1.612965929534130594e-01 -4.905752118618177393e-01 -4.869985622728386088e-01 -5.170558260977731191e-01 5.047986079113829794e-01
1403636581.413555384 4.946869021117515641e-02 -3.920893047423655575e-02 1.627783042534675650e-01 -4.898360206739555966e-01 -4.866055976715954468e-01 -5.198474415636276103e-01 5.030251511253929220e-01
1403636581.463555574 4.827432908692366048e-02 -3.956107999787773777e-02 1.556775460990505455e-01 4.903581164809429072e-01 4.885779239400276364e-01 5.208998863532794399e-01 -4.995035918157698096e-01
1403636581.513555527 5.102630331859989848e-02 -3.668498234871071795e-02 1.363509079201363772e-01 4.923004263889978471e-01 4.917349058262616146e-01 5.202390478189923284e-01 -4.951650287466159428e-01
1403636581.563555479 5.247231734736874237e-02 -2.956918847925493754e-02 1.178837082848039064e-01 4.964697269952249581e-01 4.942736574329733568e-01 5.167830339590020472e-01 -4.920839944127908261e-01
1403636581.613555431 5.447911174902873854e-02 -2.249011176027341727e-02 8.924524829570042173e-02 4.999500690146276294e-01 4.972630139700162655e-01 5.125173204666835236e-01 -4.900055302252981360e-01
1403636581.663555622 5.523699413003317626e-02 -1.350510789915645125e-02 5.686815087568510008e-02 5.032819656010943943e-01 4.987424218193119985e-01 5.086017469594351637e-01 -4.891702390459963246e-01
1403636581.713555574 5.916518605925081414e-02 -2.472373012656044113e-03 2.531458022520575654e-02 5.038452717474747322e-01 5.015622308037717136e-01 5.072993907819848269e-01 -4.870550265432895265e-01
1403636581.763555527 6.137999828393018303e-02 6.890285822802327473e-03 -7.029296615587165425e-03 5.049294762200831066e-01 5.022719275677428596e-01 5.049390692392140556e-01 -4.876532284086027569e-01
1403636581.813555479 6.307585698730530654e-02 1.571413984986708146e-02 -4.054219260340904962e-02 5.042183129801652841e-01 5.044394560686853435e-01 5.026085844855675555e-01 -4.885584292773781923e-01
1403636581.863555670 6.417623724357975068e-02 2.392597578305679859e-02 -7.482135273338709480e-02 5.051185193477416568e-01 5.057009173114976885e-01 5.005561642342828410e-01 -4.884315613157248492e-01
1403636581.913555384 6.516595020560045359e-02 3.168319777322572972e-02 -1.048655563587921891e-01 5.078573205836461879e-01 5.079586286930415362e-01 4.961717544746973574e-01 -4.877218095670780573e-01
1403636581.963555574 6.509772609918823560e-02 3.918229406709469731e-02 -1.377525198482249247e-01 5.127547786509214500e-01 5.094587865516756464e-01 4.933112060871724380e-01 -4.839197616596764839e-01
1403636582.013555527 6.513759319254629199e-02 4.628941071637732163e-02 -1.661193966132900601e-01 5.185682356014178485e-01 5.115310942850773701e-01 4.891440383092020006e-01 -4.797510129132712686e-01
1403636582.063555479 6.503912500095097859e-02 5.279876329081568259e-02 -1.929831430157341321e-01 5.234735672091599401e-01 5.147653562534545424e-01 4.857231100011966674e-01 -4.744102790257992974e-01
1403636582.113555431 6.491854040372808943e-02 5.776201697572624916e-02 -2.149682014556352216e-01 5.269878850476807930e-01 5.194119510978570942e-01 4.813812148517334077e-01 -4.698586170940777240e-01
1403636582.163555622 6.354798017208133920e-02 6.075609904709672326e-02 -2.307447549394625874e-01 5.298893827549234770e-01 5.234522471729889936e-01 4.764229599866524612e-01 -4.671575217961399518e-01
1403636582.213555574 6.189819465908681650e-02 6.229672120251784212e-02 -2.390166356291487104e-01 5.315165811832183174e-01 5.273035622430694014e-01 4.729746195196022907e-01 -4.644739890062309362e-01
1403636582.263555527 6.104561743971863991e-02 6.280089424629028971e-02 -2.383286454303754909e-01 5.325497341117306771e-01 5.294597253607532528e-01 4.706834184929765130e-01 -4.631633615412670824e-01
1403636582.313555479 5.881363233487456321e-02 6.056657701676489147e-02 -2.291565175383768471e-01 5.324622746113412131e-01 5.306359592811737969e-01 4.694489588307100281e-01 -4.631706811600098117e-01
1403636582.363555670 5.679964283590480806e-02 5.576647220028417562e-02 -2.110048370504786497e-01 5.310700681943959500e-01 5.297233818173702202e-01 4.699920413791278118e-01 -4.652582105285715253e-01
1403636582.413555384 5.461951972333498745e-02 4.902601024587684153e-02 -1.857352656705193450e-01 5.278992195616634131e-01 5.270750956284048216e-01 4.729550563180142109e-01 -4.688579446460504063e-01
1403636582.463555574 5.272174285646744063e-02 4.174643258792574974e-02 -1.584824423581934760e-01 5.244678885883887753e-01 5.231826027274693036e-01 4.768348540746986663e-01 -4.731193506743401334e-01
1403636582.513555527 5.167464066956443253e-02 3.531438872041381405e-02 -1.290790266996811042e-01 5.208755289831580315e-01 5.202542370636862312e-01 4.820003916933982557e-01 -4.750787666600221337e-01
1403636582.563555479 5.046646899187179347e-02 2.582779324612705443e-02 -9.658759259903833272e-02 5.191361069912073800e-01 5.173521865683996523e-01 4.856782311842677835e-01 -4.764043169668286670e-01
1403636582.613555431 4.998760371660353197e-02 1.751850014762241017e-02 -6.452673699969313503e-02 5.179077900652753197e-01 5.155813555318251584e-01 4.898751401154196605e-01 -4.753627392997545331e-01
1403636582.663555622 4.962098454972304479e-02 7.177266216809790461e-03 -3.091230990109330654e-02 5.180392191596377982e-01 5.131903595536078111e-01 4.925076818342506990e-01 -4.750865243384241321e-01
1403636582.713555574 5.044578828604055765e-02 -1.562485905241516038e-03 1.368049889046566272e-03 5.177359818162244887e-01 5.111971527419969519e-01 4.940910716776248379e-01 -4.759211458316617294e-01
1403636582.763555527 5.086721664519219116e-02 -8.914974730695175362e-03 3.396630708246307917e-02 5.180411338952951583e-01 5.075354702356694725e-01 4.960266426845675869e-01 -4.774920939578067847e-01
1403636582.813555479 5.290506412346605153e-02 -1.766490062980932002e-02 6.543212462856992651e-02 5.183796559960117678e-01 5.023720324148616134e-01 4.988031101616662299e-01 -4.796877427971935060e-01
1403636582.863555670 5.479550103692617385e-02 -2.529987031810495071e-02 9.720165796276870884e-02 5.184199999463391384e-01 4.955437793197532970e-01 5.033956201484458548e-01 -4.819438930503165408e-01
1403636582.913555384 5.518244583815074683e-02 -3.526793833691058144e-02 1.266258246632289142e-01 5.171670135041430694e-01 4.885843255242892091e-01 5.078418698278684973e-01 -4.857162466347151319e-01
1403636582.963555574 5.704890655832636076e-02 -3.976197002221255189e-02 1.519196170906768339e-01 5.137804621234350888e-01 4.833755168406305147e-01 5.128281596952647403e-01 -4.892698898183402423e-01
1403636583.013555527 5.841865016769932223e-02 -4.736859172529108569e-02 1.716385154771947474e-01 5.106963754922141385e-01 4.781413916132183362e-01 5.175370423285486909e-01 -4.926717279316000786e-01
1403636583.063555479 6.017203247103979774e-02 -5.214112886832676652e-02 1.850259879250230888e-01 5.071468939692207467e-01 4.762476563521123030e-01 5.208523665873843189e-01 -4.946746506309105396e-01
1403636583.113555431 5.972750051539377214e-02 -5.500653843750930722e-02 1.913273206770802759e-01 5.059465374206812971e-01 4.751689108115521587e-01 5.230313954011025501e-01 -4.946420593671367327e-01
1403636583.163555622 6.129636787023038519e-02 -5.636181624580095806e-02 1.903828269609469659e-01 5.058257461886773720e-01 4.753852257075822374e-01 5.249868879090325846e-01 -4.924814404576153826e-01
1403636583.213555574 6.277175602911254371e-02 -5.121370093346359897e-02 1.788211928692049202e-01 5.056311999776685884e-01 4.766439813697622152e-01 5.257328160325746014e-01 -4.906654774686965426e-01
1403636583.263555527 6.197709662551646737e-02 -4.563978657869287303e-02 1.626333234863737431e-01 5.058814616923714702e-01 4.783627711232377178e-01 5.248573588476973528e-01 -4.896710720296905128e-01
1403636583.313555479 6.340462924551075463e-02 -3.765803504228774218e-02 1.407620942819867993e-01 5.064029133150003137e-01 4.799357199518049510e-01 5.233131717438453956e-01 -4.892454582107224614e-01
1403636583.363555670 6.641795336981883013e-02 -2.828551478743949327e-02 1.117006046594242602e-01 5.068897616138203777e-01 4.815917334258968396e-01 5.220381017552210290e-01 -4.884755799246570107e-01
1403636583.413555384 6.767386288006344008e-02 -2.026795527374647757e-02 8.343538012792638126e-02 5.075055482532981888e-01 4.835483387329192473e-01 5.193104478811599867e-01 -4.888105781611342682e-01
1403636583.463555574 6.981534305741822488e-02 -9.003947044879915748e-03 4.968367180340921285e-02 5.070827324954899629e-01 4.871737122666585096e-01 5.174774228376151086e-01 -4.875920357579385245e-01
1403636583.513555527 7.204189410876986333e-02 1.362353789492843183e-04 1.763711373849728009e-02 5.076213944206035000e-01 4.899441480640998048e-01 5.155084630993663763e-01 -4.863396716053039470e-01
1403636583.563555479 7.461387235593078260e-02 9.948834092237325566e-03 -1.591625460841391768e-02 5.089133996427206430e-01 4.932038835604650728e-01 5.139154037960188548e-01 -4.833715327221271285e-01
1403636583.613555431 7.599506100344351200e-02 2.045842808957104228e-02 -4.848122369789328867e-02 5.121460828196330306e-01 4.956729066777308956e-01 5.130457838524599135e-01 -4.783291577035316822e-01
1403636583.663555622 7.667952670105548929e-02 2.951911624509234028e-02 -8.159913574088016597e-02 5.157826723354624887e-01 5.004202114458081718e-01 5.064655266395925448e-01 -4.764876884251068589e-01
1403636583.713555574 7.748950824781393465e-02 3.896287773079700617e-02 -1.152324719099136752e-01 5.225530916192848707e-01 5.041526599577513812e-01 4.976007831914499580e-01 -4.745121942204508225e-01
1403636583.763555527 7.764286666425480876e-02 4.711941562137435952e-02 -1.458843246192923493e-01 5.288293336248252041e-01 5.085130588306114863e-01 4.892103051909930667e-01 -4.716219695811399437e-01
1403636583.813555479 7.840824858260717067e-02 5.411238418921621163e-02 -1.729739591687816935e-01 5.348404633634682437e-01 5.122331933279193894e-01 4.824741322597216886e-01 -4.677408963330678127e-01
1403636583.863555670 7.856412216368265089e-02 5.943719686708875266e-02 -1.985949925548302908e-01 5.386687773236235044e-01 5.154290353552800630e-01 4.782665115666492328e-01 -4.641443759901287547e-01
1403636583.913555384 7.922631914978416068e-02 6.461013621450066580e-02 -2.205629696765327441e-01 5.399425125291064109e-01 5.191415591663847140e-01 4.772300802915159790e-01 -4.595710773917396352e-01
1403636583.963555574 7.911387285349988363e-02 6.753653303020400178e-02 -2.374035479327317733e-01 5.390902537177582055e-01 5.230700519772506496e-01 4.764404917519295957e-01 -4.569287437776471950e-01
1403636584.013555527 7.825295276640732711e-02 6.884098458400804421e-02 -2.492156918366928986e-01 5.376552735418422824e-01 5.256723734245125623e-01 4.750777283617171887e-01 -4.570519824544654885e-01
1403636584.063555479 7.608236276197208325e-02 6.801149212079209139e-02 -2.543040751091731888e-01 5.353161374496168134e-01 5.280943849777072208e-01 4.736942392531711676e-01 -4.584394411908727651e-01
1403636584.113555431 7.545345223065859364e-02 6.837939660151241827e-02 -2.516264995685691952e-01 5.339973644533712038e-01 5.292975312794230280e-01 4.720193271082788744e-01 -4.603136897536388439e-01
1403636584.163555622 7.435359938857083462e-02 6.622092889024852602e-02 -2.422512418793845712e-01 5.327581233112591574e-01 5.306881711531259427e-01 4.712422436745709597e-01 -4.609442426374060209e-01
1403636584.213555574 7.338607332400115535e-02 6.279790014965540290e-02 -2.257116416606322895e-01 5.318853969851680130e-01 5.313688786637966732e-01 4.714049373675978094e-01 -4.610015447771958486e-01
1403636584.263555527 7.220245964439540864e-02 5.731217335750099506e-02 -2.029301029343919816e-01 5.311703755090102508e-01 5.307999369454597938e-01 4.719391789433398099e-01 -4.619338377934650852e-01
1403636584.313555479 7.038478497832559300e-02 5.086384370014363637e-02 -1.768565988451530346e-01 5.301155018107717165e-01 5.299528708072303029e-01 4.733573358115071295e-01 -4.626665560601078697e-01
1403636584.363555670 6.925798954992187784e-02 4.461741185108798746e-02 -1.476027098158727013e-01 5.290395334256922100e-01 5.293435080317371311e-01 4.758182921310401547e-01 -4.620709636526409425e-01
1403636584.413555384 6.922842392580377813e-02 3.750897437303696985e-02 -1.135303012744299095e-01 5.283529145074291611e-01 5.283516766153487643e-01 4.802474966481509178e-01 -4.594018344678648114e-01
1403636584.463555574 6.954883546076344458e-02 3.086540394418481673e-02 -7.846748856501570279e-02 5.271185364125409167e-01 5.263324380602150132e-01 4.847644588395708110e-01 -4.583924439406357743e-01
1403636584.513555527 6.901524751606660790e-02 2.338150674432170131e-02 -4.223499127514328266e-02 5.250337461595376842e-01 5.236776136416724237e-01 4.890887368941170266e-01 -4.592314555946299670e-01
1403636584.563555479 6.855085009170153176e-02 1.668008446070908327e-02 -5.993831634489809462e-03 5.228865698740344792e-01 5.192372974654997364e-01 4.931808505073716486e-01 -4.623363631155528730e-01
1403636584.613555431 6.751567181831612252e-02 8.089355939580647123e-03 3.134697579450802102e-02 5.203015267849894210e-01 5.134459907073878338e-01 4.987070758932293235e-01 -4.657797637357626308e-01
1403636584.663555622 6.820080792593313790e-02 -6.675295698509150838e-04 6.600209886728440611e-02 5.176363898980015366e-01 5.058437611170732984e-01 5.050739242686228536e-01 -4.701861208247120616e-01
1403636584.713555574 6.575167957206348723e-02 -7.653639959820583531e-03 9.955324567402393243e-02 5.136784243620782231e-01 4.989225564534802149e-01 5.125024409386225166e-01 -4.738691876866130692e-01
1403636584.763555527 6.487377294932056282e-02 -1.872101560045131771e-02 1.333433876195740109e-01 5.109301178795462306e-01 4.919392217213015561e-01 5.190518261602408145e-01 -4.770025351458336282e-01
1403636584.813555479 6.377013834132211345e-02 -2.446769207859074771e-02 1.611087205828594382e-01 5.075698817629278325e-01 4.868343912940086837e-01 5.240884685283458966e-01 -4.803086171787597225e-01
1403636584.863555670 6.292411768134391348e-02 -3.073666184588678962e-02 1.818448537764792428e-01 5.056533872677799746e-01 4.815742022162725067e-01 5.268071823196793790e-01 -4.846391774926800955e-01
1403636584.913555384 6.258513773942762926e-02 -4.031803203523903062e-02 2.013192139173628215e-01 5.039180600187836978e-01 4.788514167316113013e-01 5.279504655264241064e-01 -4.878895524926378791e-01
1403636584.963555574 6.094686064523840985e-02 -4.190037674989331024e-02 2.137641409524813629e-01 5.046953916931231632e-01 4.756780962302359916e-01 5.280629738913580340e-01 -4.900636754295490394e-01
1403636585.013555527 6.005301685522720229e-02 -4.746850494031996243e-02 2.169938095369013109e-01 5.062919855050832529e-01 4.742943934778502957e-01 5.282481029522673177e-01 -4.895581635067782211e-01
1403636585.063555479 6.109396641933034083e-02 -4.577713991834496399e-02 2.145961437865907262e-01 5.086493903376195780e-01 4.735855419596529670e-01 5.275473061545394859e-01 -4.885553928932095946e-01
1403636585.113555431 5.967210117413564163e-02 -4.248784038419863712e-02 2.055548569906645584e-01 5.101125954780636462e-01 4.744843201430628543e-01 5.264168023370875416e-01 -4.873757483607535912e-01
1403636585.163555622 6.174134061514750804e-02 -3.637749185120033035e-02 1.898398741504428444e-01 5.130584314172899063e-01 4.742187966367164553e-01 5.258140549858490997e-01 -4.851877558712639482e-01
1403636585.213555574 6.432288806937198899e-02 -2.883749228314618981e-02 1.687922765593281027e-01 5.156697171920235911e-01 4.744761699584950088e-01 5.258475920601470843e-01 -4.821217863125053515e-01
1403636585.263555527 6.660901239196877210e-02 -1.960321956872316737e-02 1.449481986487956009e-01 5.172736849392859382e-01 4.760391181392347737e-01 5.272396158263661370e-01 -4.773186361057127347e-01
1403636585.313555479 6.983028378218231191e-02 -9.875184845223898208e-03 1.196619390222385115e-01 5.185227074722400520e-01 4.775745921591155740e-01 5.282726197085299003e-01 -4.732702716482404259e-01
1403636585.363555670 7.194564845002739129e-02 -1.697929390357189863e-03 9.492004077493566838e-02 5.185143909283712604e-01 4.807508640448819315e-01 5.294859270775592597e-01 -4.686854874509103208e-01
1403636585.413555384 7.593451974777963576e-02 7.306536594729977699e-03 6.797713401509782039e-02 5.194079873461181496e-01 4.834404459919156016e-01 5.287921994026515415e-01 -4.657032184890922411e-01
1403636585.463555574 7.770383299696191626e-02 1.475980100752134240e-02 4.160275426388231751e-02 5.194327369358772151e-01 4.882011394408294902e-01 5.257561661281175969e-01 -4.641440864928075838e-01
1403636585.513555527 7.873990913757390742e-02 1.976203282315596929e-02 1.646165954127759568e-02 5.202442940633940083e-01 4.929643542289836589e-01 5.224195645946915212e-01 -4.619630055348318276e-01
1403636585.563555479 8.094561047879182680e-02 2.464353421066678429e-02 -7.878830486870058020e-03 5.200214183026243830e-01 4.993502743313215086e-01 5.166850522914805399e-01 -4.618047041448483658e-01
1403636585.613555431 8.182233216029172196e-02 2.644338016284200274e-02 -3.007700237321788914e-02 5.201194630032107691e-01 5.055143051058768044e-01 5.099888948886013296e-01 -4.624309230889273037e-01
1403636585.663555622 8.209261187772258495e-02 2.544592246908058270e-02 -4.831201907674145118e-02 5.213716651716411299e-01 5.110874440270652963e-01 5.024356913765077870e-01 -4.631625927739007609e-01
1403636585.713555574 8.236508249022314598e-02 2.414019129171486935e-02 -6.313061963546727495e-02 5.233522404388875060e-01 5.164475462242787973e-01 4.940957146027424862e-01 -4.639545120350953566e-01
1403636585.763555527 8.243914435739756186e-02 2.153286027648981110e-02 -7.399072811348628154e-02 5.266840407870642116e-01 5.206523916777496819e-01 4.865930388854866062e-01 -4.634136626477866061e-01
1403636585.813555479 8.192982835332682234e-02 1.811945016448354012e-02 -8.194769594139915403e-02 5.305457510008781963e-01 5.245203332503037830e-01 4.780502152010309702e-01 -4.635381514483490895e-01
1403636585.863555670 8.190099662901312305e-02 1.464087428586455068e-02 -8.731648621676853239e-02 5.350310059473635249e-01 5.286824774681124772e-01 4.693770436728550433e-01 -4.625168662503691963e-01
1403636585.913555384 8.129146294879191492e-02 1.082031860916876122e-02 -9.015230664860730825e-02 5.395704992876123596e-01 5.326469414383324663e-01 4.618903569440386825e-01 -4.602262598298958451e-01
1403636585.963555574 8.062966867267490345e-02 6.556689396348896505e-03 -9.146355645539526458e-02 5.459896077439959639e-01 5.361144413136037512e-01 4.551139935673735870e-01 -4.553547044993788706e-01
1403636586.013555527 8.087903413532002150e-02 3.328531506487538132e-03 -9.206099326011561723e-02 5.541926877658237549e-01 5.386592583233229536e-01 4.490484239774651387e-01 -4.484107282088762858e-01
1403636586.063555479 8.069588700288039818e-02 1.022383274810453446e-03 -9.216028424519218110e-02 5.634641501410779796e-01 5.403962924493992404e-01 4.454151103622338015e-01 -4.382754591278588130e-01
1403636586.113555431 7.971399814656106309e-02 -2.693464239498320929e-03 -9.109314341656664371e-02 5.723620145317444008e-01 5.408120125134675549e-01 4.417582509560079584e-01 -4.298531599913918422e-01
1403636586.163555622 7.698210185836490416e-02 -6.419300502721997023e-03 -8.955737061746656125e-02 5.802785934877591201e-01 5.409703968043074740e-01 4.381171294229974644e-01 -4.227069488752352999e-01
1403636586.213555574 7.486228411100025182e-02 -9.660056305838294124e-03 -8.853882006167208829e-02 5.862980723185231557e-01 5.422201850913271892e-01 4.332727398951989328e-01 -4.177637779162021170e-01
1403636586.263555527 7.287619785353954827e-02 -1.436918580746953007e-02 -8.734113146010824558e-02 5.915360550920580884e-01 5.450827011034606873e-01 4.272968745370516741e-01 -4.127799964808714916e-01
1403636586.313555479 7.161595834242875935e-02 -1.873423715660107666e-02 -8.682740625104062859e-02 5.976778302157954581e-01 5.472978237089219933e-01 4.205207315840497895e-01 -4.079321239373435160e-01
1403636586.363555670 7.061366086412790288e-02 -2.386068010467672085e-02 -8.725742225546997966e-02 6.034846487105177681e-01 5.499339223938571886e-01 4.138462215567416669e-01 -4.026291900427220738e-01
1403636586.413555384 7.031500065068688188e-02 -2.940112678546384292e-02 -8.789289718202020207e-02 6.095158747147110256e-01 5.520428493521445379e-01 4.066980963449452480e-01 -3.979142487764463221e-01
1403636586.463555574 7.057978249402088733e-02 -3.554124241628369568e-02 -8.854768160016004974e-02 6.137144489490139465e-01 5.557964400776028713e-01 4.007591552417280045e-01 -3.922205907881538556e-01
1403636586.513555527 7.234273812631056289e-02 -4.080432678104426586e-02 -8.879736688287509505e-02 6.167040579008989942e-01 5.596787377250448392e-01 3.958772717836503974e-01 -3.869328122454838703e-01
1403636586.563555479 7.462982024138005432e-02 -4.554705234610265802e-02 -8.839369823445061836e-02 6.183403849646460504e-01 5.633323743087552682e-01 3.916075776723999535e-01 -3.833475048660017204e-01
1403636586.613555431 7.804442044644314957e-02 -4.881338964693641286e-02 -8.729522109860354817e-02 6.188496948073086701e-01 5.658349900306042235e-01 3.887293085634201395e-01 -3.817660853949343958e-01
1403636586.663555622 8.251308081456994181e-02 -5.073103305769735560e-02 -8.516075928748287338e-02 6.194533372906255719e-01 5.656159870485339969e-01 3.880424672999201463e-01 -3.818103739900337579e-01
1403636586.713555574 8.670940168537842607e-02 -5.151491473150256184e-02 -8.310866998242665005e-02 6.180754134627093332e-01 5.650524111855810272e-01 3.891964831061818786e-01 -3.836986492340592192e-01
1403636586.763555527 9.089870848228920330e-02 -5.114331313339404161e-02 -8.123532921178874822e-02 6.159269146014513252e-01 5.643312463061430639e-01 3.898772158338121296e-01 -3.875048862734079558e-01
1403636586.813555479 9.533498859681867332e-02 -5.004120568323072032e-02 -7.955097560027615811e-02 6.135093270712431712e-01 5.635071406140028660e-01 3.913130464666531583e-01 -3.910755780390892666e-01
1403636586.863555670 9.941966539133945124e-02 -4.828096619808256579e-02 -7.906104227094391812e-02 6.109191677862733094e-01 5.632355458526442371e-01 3.932766243648118110e-01 -3.935441360859286419e-01
1403636586.913555384 1.010211820668663468e-01 -4.643748026688947206e-02 -7.843283680500091892e-02 6.081113794906068959e-01 5.639357482176107217e-01 3.952210114055487167e-01 -3.949397095252005219e-01
1403636586.963555574 1.019260209786309324e-01 -4.431065771153706173e-02 -7.783402213276184589e-02 6.056112423415501711e-01 5.647523583526481428e-01 3.960437448971976804e-01 -3.967860242151297623e-01
1403636587.013555527 1.031869647685148550e-01 -4.116149571134605778e-02 -7.700422558354783065e-02 6.024335566814921217e-01 5.672579798920746041e-01 3.967491787579920381e-01 -3.973440363057045288e-01
1403636587.063555479 1.036786284971790012e-01 -3.871938509694934638e-02 -7.563298652665773059e-02 6.015449174150004907e-01 5.687618825972393655e-01 3.963538963548511318e-01 -3.969347831583324715e-01
1403636587.113555431 1.050758149233868149e-01 -3.600699155752058039e-02 -7.445070240505093084e-02 6.009993705069983649e-01 5.713416057777293000e-01 3.953500385588488708e-01 -3.950530004556784824e-01
1403636587.163555622 1.077681622619992702e-01 -3.335640270101686983e-02 -7.389550109378595355e-02 6.009208344462831919e-01 5.731765161547720533e-01 3.946193825843326564e-01 -3.932408612362418010e-01
1403636587.213555574 1.120661938845721461e-01 -3.017705510166432750e-02 -7.319448071211497042e-02 6.008802860465086715e-01 5.744664179354254108e-01 3.934091423224109207e-01 -3.926327332791450520e-01
1403636587.263555527 1.178590521186887036e-01 -2.708119746982219980e-02 -7.255579578928762763e-02 6.017032017947181455e-01 5.744711344681969756e-01 3.927363399518793985e-01 -3.920386969343832573e-01
1403636587.313555479 1.253459058104848256e-01 -2.434771712460882462e-02 -7.169513685788567181e-02 6.027547989779706850e-01 5.738649931197123966e-01 3.921826495825626591e-01 -3.918652719330198986e-01
1403636587.363555670 1.345854819709568495e-01 -2.081834423409698737e-02 -7.064528595915808840e-02 6.041550696772596263e-01 5.730426764401982398e-01 3.920984368971499046e-01 -3.909955991367830563e-01
1403636587.413555384 1.460322092978876274e-01 -1.809253449647288056e-02 -6.977285785345542501e-02 6.055102180081212149e-01 5.721457794803967989e-01 3.913509351864731811e-01 -3.909616713172784364e-01
1403636587.463555574 1.586355172055098073e-01 -1.479693693787815720e-02 -6.874344002102193707e-02 6.073674590948079377e-01 5.710753110040552860e-01 3.903590907031745383e-01 -3.906373498524293719e-01
1403636587.513555527 1.729912296233207802e-01 -1.201875016182615309e-02 -6.784720861148378634e-02 6.092859042451355123e-01 5.699857309517033510e-01 3.889487723453188828e-01 -3.906479308670525175e-01
1403636587.563555479 1.898293668851755434e-01 -9.223140906499487784e-03 -6.711778893062125828e-02 6.107498450579784688e-01 5.688157488988425659e-01 3.880121220995474407e-01 -3.909985468900240013e-01
1403636587.613555431 2.063964977129787715e-01 -7.551053150884973197e-03 -6.577850042524814589e-02 6.122274404651552038e-01 5.667488079079948671e-01 3.887397704167954160e-01 -3.909664189833301773e-01
1403636587.663555622 2.250658245260117873e-01 -4.777192861617076715e-03 -6.386350552602303166e-02 6.134310196246621771e-01 5.637476246040454830e-01 3.897801644675564225e-01 -3.923804573410712981e-01
1403636587.713555574 2.437502835094036424e-01 -2.731670620142366990e-03 -6.162698666049281487e-02 6.144810097003245986e-01 5.598436742107852915e-01 3.922001877812723025e-01 -3.939126322779870071e-01
1403636587.763555527 2.624890784574326896e-01 -7.744550771378003358e-04 -5.901782176861255363e-02 6.160121687999344786e-01 5.550844348891786906e-01 3.945212280485478895e-01 -3.959334270470580841e-01
1403636587.813555479 2.811974081131317083e-01 2.581984789298698399e-04 -5.731739374601217685e-02 6.173911437528196711e-01 5.511033198006012324e-01 3.971956305527971076e-01 -3.966723302552215835e-01
1403636587.863555670 2.998922594372077643e-01 1.475322932307016142e-03 -5.582143200779855069e-02 6.196517503914151792e-01 5.480005036854858069e-01 3.981645712194744613e-01 -3.964746277164799548e-01
1403636587.913555384 3.175128473646894323e-01 3.497746514021732658e-03 -5.613998571838296064e-02 6.223899624718284285e-01 5.459793742734379007e-01 3.985548360533004986e-01 -3.945773690175702897e-01
1403636587.963555574 3.348933460236163118e-01 4.910535693495129972e-03 -5.717733408521781524e-02 6.264280929181470503e-01 5.444821637753778365e-01 3.982333426041165803e-01 -3.905601395070522619e-01
1403636588.013555527 3.511174006666328840e-01 5.726029719120625562e-03 -5.836281734467163584e-02 6.313053923458156191e-01 5.437966978763505432e-01 3.973440665581108866e-01 -3.845209301779766164e-01
1403636588.063555479 3.656212830290122007e-01 6.740129974614315553e-03 -6.006914225220019721e-02 6.359103745594699708e-01 5.425835468995908739e-01 3.957953256624412441e-01 -3.802198710552305849e-01
1403636588.113555431 3.783502269435795040e-01 8.316313899229510823e-03 -6.206728933131162168e-02 6.384358326515415794e-01 5.426313481424842600e-01 3.933431576589082046e-01 -3.784601272558606455e-01
1403636588.163555622 3.897142383406378419e-01 9.336183443471909871e-03 -6.409807891673867386e-02 6.390257128915503015e-01 5.434169230015449825e-01 3.927192330078163596e-01 -3.769824798113716735e-01
1403636588.213555574 3.989226651105156618e-01 1.053835671645911645e-02 -6.586362308175290614e-02 6.389741124221350876e-01 5.437221873019407736e-01 3.922391566534135787e-01 -3.771295674933974329e-01
1403636588.263555527 4.056504185679372099e-01 1.101987028510859230e-02 -6.713944409147251657e-02 6.385418881990874151e-01 5.435652876328773697e-01 3.923171317835225103e-01 -3.780056920270932208e-01
1403636588.313555479 4.110255811749624621e-01 1.213541003580080602e-02 -6.848814983881661156e-02 6.376482322248693269e-01 5.431532271406762646e-01 3.921134001009282111e-01 -3.803109060340730263e-01
1403636588.363555670 4.131930340784067401e-01 1.211727511061420556e-02 -6.953079044486766558e-02 6.363230420936702991e-01 5.430470783158699577e-01 3.922708459548006621e-01 -3.825133203525852843e-01
1403636588.413555384 4.139282747751341085e-01 1.185005391827293787e-02 -7.044748379760994161e-02 6.359637021663117062e-01 5.421391438556525388e-01 3.923342959805759533e-01 -3.843294399649925808e-01
1403636588.463555574 4.126070742305309458e-01 1.161524960495846637e-02 -7.141936004405612104e-02 6.360324675303988817e-01 5.416563926997063350e-01 3.921873601698848133e-01 -3.850456168010627511e-01
1403636588.513555527 4.091672306852398022e-01 1.030793908276639650e-02 -7.143214938519122648e-02 6.365744612975923200e-01 5.414280669996813788e-01 3.931419590467673530e-01 -3.834944634874652425e-01
1403636588.563555479 4.038197935372866421e-01 8.815218562135834074e-03 -7.033995470003255590e-02 6.367096535900624854e-01 5.412751874659978979e-01 3.938469494680997829e-01 -3.827617651405942345e-01
1403636588.613555431 3.954044922751938640e-01 6.986553502984872016e-03 -6.919097320356341896e-02 6.363663121356137875e-01 5.413009850992278604e-01 3.942826860503567676e-01 -3.828476508879739004e-01
1403636588.663555622 3.849590086920874898e-01 4.455393867079458781e-03 -6.800004901906352150e-02 6.356711943547679322e-01 5.416481513987975172e-01 3.945277790098288828e-01 -3.832587172438740031e-01
1403636588.713555574 3.733366338443158128e-01 1.895050248080723618e-03 -6.790008130236217798e-02 6.351542065254435210e-01 5.426802821299947510e-01 3.928883431628023004e-01 -3.843383862264240780e-01
1403636588.763555527 3.595791029849115250e-01 -2.089562948600281545e-04 -6.884138791335954466e-02 6.340408412692264406e-01 5.449381026935643524e-01 3.917036791223646452e-01 -3.841912331084008092e-01
1403636588.813555479 3.449470120812825891e-01 -2.631458142845203695e-03 -6.938179943149365425e-02 6.333906954591548288e-01 5.470937427130181385e-01 3.898852733219790867e-01 -3.840496546498590735e-01
1403636588.863555670 3.291746044412502958e-01 -4.101585560221655997e-03 -7.036612072185935429e-02 6.325090284270888930e-01 5.488138484116802385e-01 3.881165954671877971e-01 -3.848391833905956405e-01
1403636588.913555384 3.106133861944490593e-01 -5.935387175981197798e-03 -7.082267856546285711e-02 6.310274339674626365e-01 5.503761914754811135e-01 3.870633991059205248e-01 -3.860988869576745808e-01
1403636588.963555574 2.911889137965374408e-01 -8.443526287417730050e-03 -7.101766705076938135e-02 6.290605613860705825e-01 5.519279979285809379e-01 3.867325910689027313e-01 -3.874225060787291897e-01
1403636589.013555527 2.711955780803978477e-01 -1.154181520953063804e-02 -7.035435977467198454e-02 6.264170835457957276e-01 5.535387100796413939e-01 3.864633882125831366e-01 -3.896698390388929067e-01
1403636589.063555479 2.494995524511630369e-01 -1.468541940826611353e-02 -6.995799083583312261e-02 6.231007991422540249e-01 5.548020680519187842e-01 3.875067557287407705e-01 -3.921461126393893659e-01
1403636589.113555431 2.277414172334696063e-01 -1.836458017606724946e-02 -6.839558625104170952e-02 6.196629407074198959e-01 5.563684055375627269e-01 3.884533676044635286e-01 -3.944312594485563372e-01
1403636589.163555622 2.050246722975821723e-01 -2.119882701179935311e-02 -6.670654712200989322e-02 6.169993966918485562e-01 5.573491957277887376e-01 3.893189842980675497e-01 -3.963639072476237701e-01
1403636589.213555574 1.816223110633013726e-01 -2.432003698745184225e-02 -6.540542001656267368e-02 6.151506777613288124e-01 5.581465459716299371e-01 3.895421762415142153e-01 -3.978931637999607029e-01
1403636589.263555527 1.579249535500614199e-01 -2.708402286560885469e-02 -6.472633569599822723e-02 6.137267527585613669e-01 5.598259049646038266e-01 3.888584694243506501e-01 -3.984012046115640304e-01
1403636589.313555479 1.334203446279407790e-01 -2.989739694601878384e-02 -6.442665751771320393e-02 6.119141865074655406e-01 5.627581911866790243e-01 3.879717887389355635e-01 -3.979222760111760238e-01
1403636589.363555670 1.090387720075871175e-01 -3.218476896645627167e-02 -6.509405465054074469e-02 6.108835682059154948e-01 5.656980445421226911e-01 3.858814371662652176e-01 -3.973694816511766370e-01
1403636589.413555384 8.477006414825732916e-02 -3.298757893390589363e-02 -6.664733063091080045e-02 6.094489787856903762e-01 5.685813823318938143e-01 3.850858422485873844e-01 -3.962272681458561818e-01
1403636589.463555574 6.107507899574378396e-02 -3.468463238269009485e-02 -6.764390834240349704e-02 6.079847018081012688e-01 5.705287438206315676e-01 3.852320327262783728e-01 -3.955348730558988501e-01
1403636589.513555527 3.710915518091811166e-02 -3.611316781374850765e-02 -6.920559105403338573e-02 6.067481153346124811e-01 5.710789606023092269e-01 3.854003957662151536e-01 -3.964745644281947867e-01
1403636589.563555479 1.305090798897090912e-02 -3.799688481974685533e-02 -7.120525315632500463e-02 6.049886062832023903e-01 5.717548897135910080e-01 3.856077637806251124e-01 -3.979846540612004824e-01
1403636589.613555431 -1.054290156361831557e-02 -3.923069003054999865e-02 -7.301827584576366104e-02 6.034121111963565154e-01 5.723684953086353167e-01 3.862875524339594024e-01 -3.988358766137591882e-01
1403636589.663555622 -3.353637398955702786e-02 -4.075053859312069426e-02 -7.493670426662354944e-02 6.015883279516348603e-01 5.731099640630801240e-01 3.864937525000277652e-01 -4.003236591089998075e-01
