1403637130.538319111 -0.066127295 0.003004338 -0.019126257 -0.790222225 0.015919308 0.015925233 0.612406562
1403637133.638319016 -0.057029876 -0.003312374 0.011377816 -0.803510713 0.026506703 0.002917862 0.594692706
1403637133.888319016 -0.047946953 -0.007398024 0.075569552 -0.807137192 0.037463653 -0.011622823 0.589059368
1403637134.088319063 -0.044926551 -0.006323671 0.194971462 -0.808520712 0.044131144 -0.024867538 0.586283469
1403637134.288318872 -0.045770920 -0.002079683 0.318023822 -0.797753845 0.045199696 -0.048810990 0.599302326
1403637134.538319111 -0.044030842 0.004677149 0.380217168 -0.779787131 0.056191509 -0.047181080 0.621730239
1403637134.738319159 -0.032413361 0.009581166 0.287729216 -0.796212820 0.054572077 -0.048945275 0.600559234
1403637134.888319016 -0.028281869 0.008274458 0.175433959 -0.819463897 0.053203197 -0.038928687 0.569326706
1403637135.038319111 -0.027572680 0.002552625 0.085458555 -0.830853812 0.058967432 -0.027883610 0.552654765
1403637135.288318872 -0.025451431 -0.006314831 0.050724976 -0.844268559 0.055938651 -0.029136344 0.532195962
1403637135.438319206 -0.023508709 -0.002686647 0.136327281 -0.837777405 0.055548939 -0.037214992 0.541902556
1403637135.588319063 -0.021091110 0.005684320 0.263989130 -0.817970031 0.051833205 -0.052269868 0.570531514
1403637135.838319063 -0.022887122 0.015068500 0.436853846 -0.790983104 0.062158988 -0.053859015 0.606284748
1403637136.238319159 -0.021378132 0.028124440 0.278073879 -0.810229509 0.062336412 -0.054259056 0.580257072
1403637136.438319206 -0.023893106 0.019131595 0.123278053 -0.838904489 0.064278219 -0.046341331 0.538479386
1403637136.638319016 -0.025398346 0.007344085 0.068885703 -0.852026434 0.067818236 -0.033869176 0.517981199
1403637136.838319063 -0.025358244 0.006566644 0.173689825 -0.847078175 0.064033914 -0.035942505 0.526370934
1403637137.038319111 -0.019044748 0.015419708 0.364190764 -0.820239986 0.070262471 -0.052459435 0.565258842
1403637137.288318872 -0.016689056 0.019877010 0.484064786 -0.791941068 0.080430823 -0.048905426 0.603298009
1403637137.588319063 -0.015442007 0.026335928 0.314733557 -0.804121620 0.068381765 -0.056041865 0.587853437
1403637137.788318872 -0.019080983 0.022064379 0.142910372 -0.834344226 0.068455743 -0.054566447 0.544248130
1403637137.988318920 -0.021052050 0.005173340 0.059986925 -0.852537757 0.063359740 -0.044983187 0.516857261
1403637138.188318968 -0.013558720 0.006587318 0.149799896 -0.853705562 0.057534781 -0.041038115 0.515938403
1403637138.388319016 -0.005268260 0.017466375 0.339511774 -0.818505371 0.053503725 -0.065164251 0.568278039
1403637138.588319063 -0.005830361 0.021630583 0.459031370 -0.788354793 0.063991907 -0.077929402 0.606900951
1403637138.938319206 -0.001246169 0.036107829 0.295931085 -0.804134830 0.069827224 -0.067616822 0.586446332
1403637139.138319016 -0.006547488 0.039916986 0.131455055 -0.817265830 0.070168887 -0.039335419 0.570618625
1403637139.338319063 -0.013530500 0.040073790 0.031823482 -0.823286065 0.063715308 -0.029622779 0.563260957
1403637139.788318872 -0.018855207 0.047580628 -0.016954820 -0.815787499 0.041633144 -0.019807847 0.576511133
1403637150.138319016 0.027881830 0.032031312 -0.004633993 -0.837538860 0.029607603 -0.031197650 0.544682250
1403637150.338319063 0.065182158 0.060125583 0.042640718 -0.832765569 0.033236822 -0.043291788 0.550928890
1403637150.588319063 0.109979318 0.127694758 0.114392369 -0.818687258 0.043226357 -0.046585594 0.570712220
1403637150.938319206 0.172530455 0.232128586 0.198415083 -0.811499728 0.045438905 -0.053519320 0.580119971
1403637151.388319016 0.231741401 0.339456431 0.277458026 -0.810906099 0.046799158 -0.041843943 0.581799124
1403637151.838319063 0.295435373 0.408631906 0.403202238 -0.815635804 0.040389929 -0.044087655 0.575467782
1403637152.388319016 0.383509672 0.501691101 0.498045626 -0.818916519 0.041278006 -0.039982242 0.571028266
1403637152.938319206 0.491914139 0.624264828 0.497675024 -0.811809890 0.041251338 -0.038045134 0.581219061
1403637153.788318872 0.680657097 0.786612034 0.578941038 -0.815909977 0.035919423 -0.047163595 0.575131550
1403637154.838319063 0.936848070 1.031171101 0.502377283 -0.826766857 0.050474465 -0.062418731 0.556787926
1403637155.438319206 1.125017378 1.308521452 0.559632678 -0.805596579 0.110048621 -0.095215725 0.574314739
1403637155.938319206 1.289219969 1.537586748 0.543348939 -0.793012414 0.188241385 -0.121640270 0.566480483
1403637156.288318872 1.456524013 1.658191143 0.485393801 -0.767249459 0.264754465 -0.165100922 0.560334745
1403637156.588319063 1.643110207 1.711292977 0.436910428 -0.740782522 0.331248344 -0.211056468 0.544950417
1403637156.888319016 1.855553657 1.712606026 0.357626370 -0.723807219 0.374374134 -0.258240342 0.518901766
1403637158.188318968 3.000979521 1.490935230 0.208549328 -0.720867860 0.367243634 -0.265069671 0.524613869
1403637158.688318968 3.533934444 1.259675116 0.254136695 -0.684288207 0.427484835 -0.288390441 0.515594142
1403637158.938319206 3.789291685 1.100484496 0.230230641 0.670770261 -0.458427906 0.312445432 -0.492228568
1403637159.588319063 4.432665791 0.613604806 0.188442020 0.671971244 -0.464460106 0.314278182 -0.483694823
1403637159.988318920 4.859074228 0.275189857 0.153383135 0.672540466 -0.465600499 0.332184049 -0.469637366
1403637160.288318872 5.197493676 0.027639328 0.128580592 0.626928597 -0.512897888 0.366677849 -0.457650136
1403637160.488318920 5.417901295 -0.143636019 0.088451734 0.593960682 -0.552050401 0.398199363 -0.428822027
1403637160.688318968 5.627674897 -0.317397920 0.035620218 -0.563229833 0.589350091 -0.426808146 0.391501509
1403637160.988318920 5.934991409 -0.552393808 -0.009026484 -0.543404984 0.618857496 -0.434613456 0.364468882
1403637161.588319063 6.588488926 -1.037819791 0.164396161 -0.512967638 0.637967951 -0.428681246 0.382221774
1403637161.938319206 6.949493645 -1.413037677 0.269998607 -0.480451848 0.627705362 -0.481630611 0.378396557
1403637162.688318968 7.319872483 -2.209615923 0.283868327 -0.472708002 0.642147778 -0.469417576 0.379263121
1403637162.988318920 7.330853839 -2.578413159 0.283842198 -0.429118029 0.650136560 -0.509003899 0.366190117
1403637163.188318968 7.283195391 -2.830078512 0.256554737 -0.390375637 0.674965974 -0.537244486 0.321552729
1403637163.388319016 7.196953943 -3.063260294 0.219098599 -0.339650895 0.701913482 -0.558775338 0.282355901
1403637163.588319063 7.073119339 -3.264803052 0.173910679 -0.295661744 0.734864527 -0.552211471 0.260039903
1403637163.788318872 6.916421991 -3.454286395 0.154307738 -0.275263831 0.762222506 -0.530781920 0.248026667
1403637164.238319159 6.457178513 -3.948859372 0.243657374 -0.265187811 0.760646555 -0.535933667 0.252719901
1403637164.638319016 5.929859579 -4.453631604 0.345303856 -0.283291827 0.760736606 -0.525735707 0.254219439
1403637164.938319206 5.493353258 -4.870005120 0.351380116 -0.294330604 0.748660562 -0.548011748 0.229259640
1403637165.188318968 5.118730748 -5.224107179 0.326839246 -0.263488488 0.752433049 -0.568286616 0.203638519
1403637165.388319016 4.812248046 -5.487436801 0.309001899 -0.231866297 0.770847519 -0.568375951 0.170237776
1403637165.588319063 4.510037923 -5.728673603 0.326135493 -0.212202143 0.786517060 -0.561386689 0.145623316
1403637165.788318872 4.221909677 -5.958333825 0.354970017 -0.216282157 0.786276665 -0.567924037 0.111594457
1403637166.038319111 3.910472602 -6.217037225 0.364248891 -0.241367852 0.778223040 -0.572492384 0.091449064
1403637166.388319016 3.604213617 -6.519882058 0.279706279 -0.260024085 0.749922420 -0.596520336 0.119026587
1403637166.538319111 3.516520187 -6.609036609 0.252804555 -0.263132757 0.733246154 -0.610922606 0.141013470
1403637166.738319159 3.404315901 -6.669174358 0.219216380 -0.283144102 0.752815567 -0.579407738 0.131851482
1403637167.338319063 3.334060169 -6.549651229 0.147512687 -0.330816685 0.715181722 -0.609441456 0.087501640
1403637167.538319111 3.440564731 -6.354667008 0.150987662 -0.305271350 0.745174042 -0.580046700 0.122763501
1403637167.738319159 3.587666519 -6.125887284 0.135856208 -0.280362186 0.764070971 -0.556365835 0.167480312
1403637167.938319206 3.744498268 -5.893938836 0.097807162 -0.298227859 0.768846488 -0.536687682 0.178610063
1403637168.288318872 4.056002802 -5.519323454 0.040578559 -0.319540120 0.758021689 -0.535897375 0.190029562
1403637168.588319063 4.345106599 -5.215133861 -0.104905385 -0.316018958 0.739880170 -0.557504137 0.204691206
1403637168.988318920 4.718494198 -4.786968373 -0.262635177 -0.323281172 0.747796193 -0.548151136 0.189262967
1403637169.338319063 5.080261313 -4.391431557 -0.363933003 -0.351694976 0.727795647 -0.553345523 0.201079270
1403637169.538319111 5.304139801 -4.131788330 -0.378734471 -0.390537654 0.702362009 -0.547594652 0.233040867
1403637169.688318968 5.471712919 -3.919105838 -0.375612261 -0.428619149 0.673616406 -0.543029642 0.260087237
1403637169.838319063 5.632803373 -3.689928511 -0.375761597 -0.464040994 0.649232875 -0.529260938 0.288176141
1403637170.038319111 5.837712817 -3.362981229 -0.401010982 -0.506559023 0.614804788 -0.517851369 0.311838082
1403637170.238319159 6.028634130 -3.001552695 -0.448944958 -0.540780809 0.583590120 -0.502304749 0.338627565
1403637170.438319206 6.200167795 -2.600951795 -0.512058800 0.564982955 -0.552266762 0.478618127 -0.383040954
1403637170.588319063 6.306180886 -2.282916840 -0.565033024 0.573190233 -0.525029351 0.455334531 -0.434128555
1403637170.738319159 6.380876173 -1.966908039 -0.629072549 0.586572585 -0.490872889 0.435733275 -0.474460664
1403637170.938319206 6.416143545 -1.562746082 -0.712471537 -0.626432411 0.450480273 -0.392689517 0.500444703
1403637171.138319016 6.391347228 -1.186775235 -0.766170229 -0.665298156 0.412773528 -0.344890206 0.517732676
1403637171.338319063 6.332807063 -0.843395106 -0.784614141 -0.680591896 0.383736023 -0.321388360 0.535024166
1403637171.638319016 6.180271406 -0.391343932 -0.760046588 -0.694062148 0.356876486 -0.330291136 0.530871618
1403637172.038319111 5.816535624 0.150067918 -0.761112986 -0.687367885 0.358291515 -0.349949800 0.526011139
1403637172.438319206 5.257420299 0.643423694 -0.794771995 -0.683596990 0.409904757 -0.298604918 0.524888891
1403637172.788318872 4.731288404 0.951838336 -0.732463204 -0.678396002 0.438324264 -0.276195415 0.520928783
1403637173.088319063 4.334831929 1.113163813 -0.687093820 0.692139353 -0.486053365 0.260996905 -0.465377113
1403637173.438319206 4.046083560 1.218522801 -0.741814839 0.643665062 -0.541757633 0.300840931 -0.449097640
1403637173.738319159 3.935238307 1.219376701 -0.817098059 -0.589166557 0.597597857 -0.322349105 0.438007562
1403637173.938319206 3.916192879 1.154213719 -0.890285636 -0.573501586 0.634059732 -0.320639843 0.407742908
1403637174.138319016 3.964037703 1.025086823 -0.916152700 -0.571326867 0.611921264 -0.381609512 0.391806276
1403637174.338319063 4.047003169 0.873880846 -0.883351802 -0.549665764 0.591384702 -0.417117601 0.417306349
1403637174.788318872 4.181333056 0.437806888 -0.747590968 -0.504091432 0.614236245 -0.444830311 0.413196876
1403637174.988318920 4.202575976 0.200271600 -0.711892582 -0.476128664 0.649829910 -0.458175973 0.375629286
1403637175.288318872 4.199523549 -0.173282360 -0.681438284 -0.424804526 0.664186615 -0.492843023 0.368107335
1403637175.688318968 4.057082507 -0.692247970 -0.698809531 -0.414514388 0.683780888 -0.478089960 0.363388924
1403637176.288318872 3.605970082 -1.585189152 -0.600095684 -0.428659530 0.654781046 -0.509474101 0.357699497
1403637176.588319063 3.279978957 -2.029998477 -0.570154817 -0.422882311 0.669327743 -0.508608580 0.338361103
1403637176.838319063 2.971018640 -2.388762205 -0.569697092 -0.409677523 0.693504437 -0.500603768 0.317193617
1403637177.088319063 2.652968878 -2.744009400 -0.596191892 -0.415731982 0.716922739 -0.477862497 0.291266440
1403637177.338319063 2.370332883 -3.114044469 -0.650966284 -0.424370794 0.737238927 -0.450031803 0.271771173
1403637177.638319016 2.137197342 -3.604717912 -0.738288793 -0.440490962 0.728684611 -0.467657669 0.237239867
1403637178.038319111 2.044381819 -4.251622827 -0.783438929 -0.411922664 0.729403591 -0.505050497 0.207880050
1403637178.288318872 2.089705012 -4.611524084 -0.828787199 -0.392175055 0.728994787 -0.537809834 0.159768300
1403637178.838319063 2.526625350 -5.071204604 -0.813320158 -0.350646071 0.724235056 -0.564376634 0.184417818
1403637179.488318920 3.216834686 -5.181724780 -0.860575969 -0.345253145 0.732105047 -0.549775062 0.206324616
1403637180.188318968 3.970608180 -4.989591300 -1.083169490 -0.344727082 0.725375026 -0.559814255 0.203966443
1403637180.538319111 4.369068365 -4.734966266 -1.203500591 -0.342677728 0.751903895 -0.521799582 0.211985152
1403637180.888319016 4.794297116 -4.482466357 -1.214336353 -0.348938075 0.730323150 -0.554817261 0.192478890
1403637181.238319159 5.266400817 -4.157520578 -1.133669032 -0.335661132 0.731889360 -0.560846149 0.192668542
1403637181.488318920 5.614703442 -3.872776342 -1.026016856 -0.323566713 0.728999726 -0.568549847 0.201531770
1403637181.788318872 6.013346266 -3.486556245 -0.856566107 -0.315786617 0.740171640 -0.559363396 0.198840003
1403637182.038319111 6.336947004 -3.149936586 -0.731402801 -0.308248541 0.740048157 -0.561143039 0.205985562
1403637182.238319159 6.581440218 -2.873826586 -0.647449271 -0.300314476 0.732866120 -0.568334590 0.222966945
1403637182.488318920 6.843223010 -2.519625373 -0.561274132 -0.293967663 0.721577102 -0.577887869 0.242806732
1403637182.838319063 7.087023639 -1.982110252 -0.411772337 -0.296030671 0.718646329 -0.579455448 0.245244121
1403637183.288318872 7.192961201 -1.238122009 -0.360889660 -0.272166330 0.728066130 -0.566253521 0.274230103
1403637183.788318872 6.953171106 -0.455996919 -0.486963039 -0.259761267 0.738633681 -0.550761439 0.289147377
1403637184.188318968 6.456500570 0.038241825 -0.542541017 -0.254134622 0.758338339 -0.524040732 0.292779558
1403637184.488318920 5.944027140 0.283549111 -0.599497538 -0.290206708 0.758123175 -0.531719050 0.241462565
1403637184.738319159 5.502730388 0.443445819 -0.684952246 -0.305269003 0.772008145 -0.510819652 0.223332808
1403637185.038319111 5.012573854 0.563083845 -0.732266563 -0.313070444 0.779574251 -0.498670922 0.213490507
1403637185.338319063 4.587681828 0.586173398 -0.704636944 -0.317653056 0.784763761 -0.491159240 0.204951156
1403637185.938319206 3.996831788 0.377257055 -0.502977378 -0.317154453 0.758882081 -0.532541010 0.199777658
1403637186.988318920 3.328196734 -0.090564559 -0.105528912 -0.280837520 0.769387495 -0.519303149 0.243920908
1403637187.438319206 2.991783566 -0.386833501 -0.080283742 -0.287934759 0.776813618 -0.520461869 0.206817843
1403637187.888319016 2.683048161 -0.795558509 -0.110324477 -0.283914498 0.789377356 -0.509384078 0.191843186
1403637188.788318872 2.368074549 -1.844218160 -0.302210723 -0.237949294 0.771944641 -0.556701339 0.193817499
1403637189.138319016 2.234945134 -2.234912794 -0.421282564 -0.213279686 0.793407457 -0.547445013 0.159123662
1403637189.938319206 1.876013779 -3.200484957 -0.615002876 -0.215794598 0.781569474 -0.564715360 0.153877905
1403637190.638319016 1.529985554 -3.922381966 -0.444682510 -0.214234406 0.774701141 -0.576709244 0.146110267
1403637191.788318872 0.921775028 -4.678600978 -0.428140907 -0.258386269 0.771111187 -0.559483132 0.160008434
1403637192.688318968 0.791792118 -4.953973896 -0.123175158 -0.259167576 0.793276802 -0.532241463 0.142348543
1403637193.338319063 1.072238910 -5.204656266 0.077500274 -0.238329179 0.799572368 -0.522346907 0.176173038
1403637193.988318920 1.444739460 -5.626186403 0.233713201 -0.261675373 0.777418484 -0.552851645 0.146634097
1403637194.788318872 2.109542336 -6.083897533 0.317639313 -0.257804595 0.785649611 -0.543044499 0.146267397
1403637195.188318968 2.523338398 -6.304756477 0.366128295 -0.249684294 0.773092407 -0.562336867 0.154152950
1403637195.738319159 3.102586194 -6.536699188 0.378844095 -0.266088220 0.761192917 -0.565999941 0.171541449
1403637196.238319159 3.625673674 -6.619577064 0.445828479 -0.301687154 0.726086484 -0.602699521 0.136149057
1403637196.538319111 3.984947848 -6.516029764 0.435144824 -0.300682176 0.712463959 -0.620212089 0.131614216
1403637196.888319016 4.430652463 -6.190517321 0.369696808 -0.287416077 0.721416361 -0.613367957 0.143979797
1403637197.088319063 4.686552619 -5.919745895 0.318691559 -0.278680730 0.728089497 -0.603706497 0.166616928
1403637197.338319063 4.989680941 -5.508905732 0.282011561 -0.309646999 0.730669253 -0.572843934 0.205160926
1403637197.538319111 5.211495286 -5.149401171 0.285410314 -0.367799549 0.713974121 -0.544304911 0.242273833
1403637197.688318968 5.367645698 -4.871350452 0.303429931 -0.422749888 0.688027832 -0.523968783 0.270844879
1403637197.838319063 5.516591074 -4.590572500 0.336834091 -0.473072320 0.651542560 -0.512760747 0.297945111
1403637197.988318920 5.657207202 -4.299504208 0.385725895 -0.514953512 0.617384649 -0.500842374 0.320649329
1403637198.138319016 5.784308667 -3.992309369 0.452583184 -0.546196464 0.588780470 -0.486094906 0.344555835
1403637198.338319063 5.935232941 -3.557434458 0.568273550 0.582783580 -0.552826871 0.466554422 -0.370233333
1403637198.538319111 6.066381588 -3.099890823 0.672815360 0.605578452 -0.516660117 0.467298295 -0.384667865
1403637198.788318872 6.195681553 -2.491275412 0.711321461 0.611238463 -0.501485910 0.470542986 -0.391776367
1403637199.038319111 6.270131378 -1.830117598 0.668372878 0.589509183 -0.502204216 0.465399669 -0.428570876
1403637199.288318872 6.258470034 -1.134955749 0.641511001 0.604628429 -0.495835274 0.432194339 -0.449199174
1403637199.488318920 6.189852063 -0.579858683 0.652779334 0.629878135 -0.461121438 0.412779905 -0.469290214
1403637199.688318968 6.072708509 -0.034872767 0.654622699 -0.650479368 0.425988881 -0.381225100 0.500077482
1403637199.838319063 5.953026374 0.361369157 0.627144793 -0.660015506 0.401775917 -0.343035749 0.534118076
1403637199.988318920 5.812562885 0.736802494 0.555518752 -0.661904055 0.371281692 -0.296830550 0.579589986
1403637200.138319016 5.647829664 1.067681075 0.467168599 -0.666966225 0.326599452 -0.258919863 0.617615866
1403637200.338319063 5.387302273 1.413702731 0.327893419 -0.709833012 0.268407326 -0.232590595 0.608273144
1403637200.538319111 5.092558377 1.676619235 0.204897113 -0.752033479 0.247887051 -0.209579461 0.573649812
1403637200.938319206 4.516972238 2.116506837 0.081413513 -0.748293816 0.274254161 -0.187405071 0.574212816
1403637201.638319016 3.644406133 2.490466514 0.089564723 -0.721754736 0.380248081 -0.168728320 0.553183742
1403637202.388319016 3.284358119 2.204423657 0.091819584 -0.752207167 0.366131331 -0.206871493 0.507283364
1403637203.188318968 3.459140059 1.666596390 0.162883513 -0.746428023 0.329989444 -0.254778402 0.518690793
1403637204.838319063 3.580258480 1.068593165 0.083056826 -0.736753080 0.344593577 -0.262447083 0.519202942
1403637208.938319206 2.789528381 0.677466301 0.242827085 -0.740549088 0.331732768 -0.258898443 0.523938942
1403637209.588319063 2.610923477 0.626946044 0.198781735 -0.782710486 0.297698161 -0.216857547 0.501709981
1403637210.438319206 2.652114279 1.048809098 0.168683786 0.821725959 -0.304390271 0.187107838 -0.443963589
1403637210.838319063 2.939208380 1.594759036 0.054128065 0.797806537 -0.300894811 0.188934927 -0.487104337
1403637211.238319159 3.346671808 2.236889232 -0.106011622 -0.769949202 0.303748020 -0.192826984 0.527003910
1403637211.788318872 3.985734702 3.067690927 -0.365999451 -0.768147470 0.310079920 -0.195119870 0.525098223
1403637212.338319063 4.696076415 3.809663358 -0.423529109 -0.752080501 0.298726997 -0.217414981 0.545772688
1403637212.988318920 5.488636139 4.558996239 -0.303675855 -0.768406472 0.299250223 -0.223707445 0.519572687
1403637213.638319016 6.254261752 5.316360103 -0.230319373 -0.765545855 0.287633314 -0.230564556 0.527301247
1403637214.388319016 6.936891235 6.247304256 -0.288371690 -0.767033018 0.236105958 -0.211153381 0.557968256
1403637214.638319016 7.062570362 6.549711897 -0.247798652 -0.777368437 0.165116593 -0.204329798 0.571562908
1403637214.988318920 7.089790771 6.950091406 -0.146922114 -0.778797610 0.121295059 -0.199573336 0.582178902
1403637215.438319206 6.831670052 7.397031051 -0.089238610 -0.764613313 0.120887343 -0.168806334 0.610128801
1403637215.638319016 6.622209017 7.536766871 -0.075261635 -0.761052361 0.096568411 -0.132770252 0.627571435
1403637215.938319206 6.237238139 7.641312855 -0.019157943 -0.790332186 0.039186534 -0.073325976 0.607011328
1403637216.188318968 5.889453558 7.665975452 0.066357807 -0.798391075 0.009155418 -0.027972856 0.601419479
1403637216.488318920 5.487237465 7.650415251 0.132596134 -0.788992005 -0.002371406 -0.007324669 0.614355224
1403637216.938319206 4.947806414 7.485481788 0.168784611 -0.766988518 0.007334436 -0.008010539 0.641568897
1403637217.488318920 4.433188619 6.932899299 0.210874111 -0.783554280 0.047079676 0.022152811 0.619140895
1403637217.888319016 4.217121113 6.354785476 0.158968269 -0.772959092 -0.038724813 0.007954481 0.633222992
1403637218.338319063 4.004072089 5.515825256 0.162647908 -0.782412080 -0.092721963 0.041470341 0.614421830
1403637218.688318968 3.845511727 4.784535506 0.138258685 -0.785634824 -0.094963707 0.040298829 0.610029361
1403637219.038319111 3.680064956 4.012464445 0.081506098 -0.792583051 -0.101057858 0.019304940 0.601021411
1403637219.388319016 3.468929671 3.210830999 -0.024996687 -0.796427754 -0.096633388 0.020019274 0.596627229
1403637219.638319016 3.284461494 2.621431398 -0.053700725 -0.816099534 -0.090008674 0.025567667 0.570286142
1403637219.988318920 2.996323586 1.855710760 -0.022311294 -0.825688063 -0.086320645 0.026980088 0.556830355
1403637220.338319063 2.673662050 1.205242621 0.106932481 -0.825312268 -0.078023605 0.037598947 0.557994889
1403637220.638319016 2.404831562 0.716922345 0.245497231 -0.818837318 -0.063698355 0.052952441 0.568017609
1403637220.988318920 2.136874565 0.205720715 0.338745459 -0.822517001 -0.063087220 0.049297133 0.563076885
1403637221.338319063 1.920080012 -0.225538979 0.359823857 -0.831043006 -0.031676980 0.020004363 0.554944968
1403637221.838319063 1.667901252 -0.688939624 0.281375563 -0.834180589 0.004258588 0.000951014 0.551474120
1403637222.238319159 1.537109492 -0.908801993 0.147565326 -0.831922129 0.067693422 -0.040874797 0.549228935
1403637222.738319159 1.447950582 -1.070577516 -0.007517679 -0.810135472 0.107218496 -0.076906552 0.571200571
1403637226.238319159 1.201890318 -1.180437004 0.155599096 -0.803651053 0.078641660 -0.079859380 0.584450985
1403637227.088319063 0.907456619 -1.210312557 0.171204400 -0.817740984 0.096625506 -0.057557226 0.564491240
1403637229.438319206 0.610443794 -1.123038711 0.122446122 -0.808643749 0.099828725 -0.089222826 0.572860193
1403637229.688318968 0.566085385 -1.160201054 0.077988924 -0.812704857 0.174758730 -0.088603616 0.548743656
1403637229.938319206 0.572555702 -1.184401195 0.020838744 -0.791485436 0.222220867 -0.160910886 0.546146846
1403637230.188318968 0.590772255 -1.199243941 -0.033723061 -0.774568629 0.280621733 -0.205016083 0.528453675
1403637230.888319016 0.623275003 -1.178486768 0.041978357 -0.730458555 0.366447810 -0.255368139 0.516655994
1403637231.088319063 0.639723862 -1.187434528 0.074538448 0.713575199 -0.423477069 0.275551744 -0.485333745
1403637231.288318872 0.679650506 -1.203397566 0.061757686 0.675602555 -0.485087702 0.309579122 -0.460881630
1403637231.488318920 0.740458875 -1.229794503 -0.013628090 0.621551560 -0.547857926 0.349473715 -0.437485398
1403637231.688318968 0.814392903 -1.277860581 -0.146679658 -0.566497710 0.609783987 -0.384350759 0.399397455
1403637231.888319016 0.905820138 -1.352567320 -0.268419654 -0.515144151 0.654208883 -0.416952984 0.364400124
1403637232.188318968 1.072889559 -1.517006990 -0.370732194 -0.433150563 0.692824447 -0.463260997 0.343167778
1403637232.538319111 1.230935140 -1.787480214 -0.402797589 -0.361079136 0.726378946 -0.503868992 0.296835853
1403637232.788318872 1.300594377 -2.020386955 -0.387805807 -0.301753545 0.773813484 -0.490291272 0.264143821
1403637233.038319111 1.339631357 -2.318835397 -0.342785931 -0.284686506 0.798864968 -0.481835781 0.220460054
1403637233.538319111 1.471439117 -3.133828255 -0.272588500 -0.317235995 0.804087673 -0.471789820 0.173835274
1403637233.988318920 1.819326304 -3.964604203 -0.413237708 -0.374893144 0.722868254 -0.568853076 0.115424415
1403637234.588319063 2.788495830 -4.457135831 -0.696918951 -0.361604209 0.704068887 -0.589216290 0.162337801
1403637234.788318872 3.185530487 -4.442062609 -0.815273080 -0.365924151 0.698725929 -0.576702169 0.212829038
1403637234.988318920 3.568756912 -4.368082974 -0.937239838 -0.379500040 0.692358658 -0.554452950 0.263061086
1403637235.238319159 4.003119591 -4.227856751 -1.057560904 -0.421480952 0.668083773 -0.538874706 0.292629339
1403637235.688318968 4.680541268 -3.876542452 -1.174877092 -0.482154298 0.664839089 -0.484500202 0.301290182
1403637235.888319016 4.979312403 -3.696871934 -1.174819746 -0.508756908 0.623178478 -0.504388368 0.313699484
1403637236.088319063 5.267869396 -3.474985014 -1.148034836 -0.544508879 0.585479259 -0.508993253 0.318825950
1403637236.288318872 5.536943624 -3.187592379 -1.089457058 0.575358952 -0.557891253 0.496405181 -0.333618527
1403637236.488318920 5.782622615 -2.832234287 -1.001650131 0.594718591 -0.538550407 0.473841828 -0.362969942
1403637236.688318968 6.010259519 -2.430529619 -0.910621027 0.599194497 -0.525827108 0.463862142 -0.386398396
1403637236.838319063 6.159834859 -2.104521225 -0.848739203 0.598605062 -0.509458086 0.462201187 -0.410480817
1403637236.988318920 6.279973025 -1.759826928 -0.774618336 0.593565529 -0.486657574 0.460789620 -0.445552796
1403637237.138319016 6.356603415 -1.406017550 -0.689189327 0.582040313 -0.465137307 0.460937354 -0.482092434
1403637237.338319063 6.368652826 -0.936299129 -0.558138172 -0.589407153 0.449172189 -0.436626170 0.510099148
1403637237.538319111 6.280592938 -0.492200412 -0.403449212 -0.600231786 0.441741595 -0.414526414 0.522258574
1403637237.738319159 6.099527844 -0.086517016 -0.222145903 -0.600729817 0.444109286 -0.393696186 0.535624815
1403637238.038319111 5.697687633 0.420745304 0.021449813 -0.596405423 0.486933809 -0.364763315 0.523587397
1403637238.338319063 5.221402153 0.777588250 0.208215304 -0.550017259 0.578685645 -0.342550684 0.495240313
1403637238.588319063 4.811523865 0.916947259 0.328345874 -0.482538934 0.650087740 -0.356657453 0.466194775
1403637238.788318872 4.471628471 0.911344711 0.397217774 -0.460014188 0.705470585 -0.334210223 0.423085956
1403637238.938319206 4.229870475 0.829253850 0.441370486 -0.461048598 0.738231985 -0.305346169 0.386278970
1403637239.138319016 3.969488876 0.594678019 0.506136795 -0.475165712 0.746086999 -0.313577049 0.345313148
1403637239.488318920 3.712894278 -0.073141195 0.618954514 -0.446037629 0.736879268 -0.395431463 0.318893926
1403637239.788318872 3.595583558 -0.781531442 0.582023817 -0.379944477 0.750967450 -0.458915351 0.284757412
1403637240.038319111 3.524957339 -1.418259126 0.461255308 -0.320592651 0.747047732 -0.528885248 0.243763065
1403637240.288318872 3.440368396 -2.038940418 0.302737317 -0.261274154 0.770528736 -0.547047086 0.196877549
1403637240.488318920 3.364852583 -2.516733919 0.171801980 -0.246482655 0.796171484 -0.530662175 0.154126330
1403637240.888319016 3.284882126 -3.471660339 0.016696767 -0.245015622 0.784490024 -0.553239630 0.135899447
1403637241.338319063 3.309153223 -4.470798651 -0.110588266 -0.261750304 0.771198627 -0.563825233 0.137260930
1403637241.688318968 3.408361000 -5.135222104 -0.230620199 -0.281786350 0.750598991 -0.584624395 0.124144771
1403637242.088319063 3.627991532 -5.669675884 -0.270580431 -0.259705862 0.732906542 -0.607765119 0.161314682
1403637242.938319206 4.149792574 -5.872941656 -0.237905736 -0.301660786 0.711237058 -0.607961410 0.183099813
1403637243.438319206 4.465060943 -5.421610922 -0.202832045 -0.321585267 0.723596589 -0.579789403 0.191924830
1403637243.838319063 4.693474432 -4.894578010 -0.178744735 -0.305299174 0.753490742 -0.542807311 0.210723371
1403637244.338319063 4.928043413 -4.272612093 0.034299748 -0.291585652 0.765359159 -0.532789674 0.212927989
1403637244.788318872 5.099806546 -3.818015857 0.301541294 -0.348311475 0.751633746 -0.520601888 0.206638578
1403637245.188318968 5.315035228 -3.475076278 0.452084126 -0.358693267 0.764176678 -0.482654246 0.233276710
1403637245.638319016 5.655985214 -3.225405026 0.527138164 -0.387247525 0.740595235 -0.499698645 0.227726407
1403637245.888319016 5.894799881 -3.105215773 0.530916776 -0.420106643 0.707308065 -0.502508220 0.265915772
1403637246.088319063 6.093433445 -3.002869730 0.509007099 -0.465456651 0.665978519 -0.493638534 0.310070503
1403637246.288318872 6.282484606 -2.889147784 0.466001681 -0.524130120 0.616234496 -0.466880719 0.357162509
1403637246.488318920 6.458766384 -2.767763762 0.406235514 0.587398661 -0.550331651 0.441193508 -0.396794879
1403637246.638319016 6.579090115 -2.669251886 0.351677663 0.622195623 -0.498968928 0.424422213 -0.428682168
1403637246.788318872 6.680497748 -2.558684020 0.297268976 0.648749204 -0.451760001 0.404688842 -0.459634977
1403637246.988318920 6.769639864 -2.393784417 0.243961604 0.686936489 -0.406864887 0.365406875 -0.478599039
1403637247.288318872 6.839806398 -2.120492947 0.182854025 0.716087755 -0.395468274 0.318481981 -0.478949265
1403637247.588319063 6.872370273 -1.826562621 0.098007852 -0.694515779 0.379923051 -0.332184003 0.512796350
1403637247.988318920 6.766879518 -1.433262106 -0.023318001 -0.712701777 0.332337936 -0.318680045 0.529198170
1403637248.288318872 6.559913343 -1.131798634 -0.066152096 -0.743800787 0.315129439 -0.268973075 0.524506732
1403637248.638319016 6.273068995 -0.779833994 -0.155190347 -0.740795675 0.303956186 -0.262860204 0.538272159
1403637249.288318872 5.627622380 -0.147114561 -0.116941046 -0.744504363 0.324712847 -0.265020764 0.519652590
1403637249.688318968 5.192291148 0.262941808 -0.109521185 -0.740438998 0.326044627 -0.266887118 0.523656622
1403637249.988318920 4.842357571 0.570049639 -0.157994314 -0.738970945 0.309435711 -0.257117091 0.540427872
1403637250.338319063 4.403224179 0.900260842 -0.161020240 -0.754580375 0.295010522 -0.207658886 0.548137789
1403637250.738319159 3.956278067 1.215559065 -0.201964638 -0.766043673 0.287288217 -0.180300241 0.546016844
1403637251.288318872 3.519135502 1.542954171 -0.097525196 -0.772844530 0.276766785 -0.153989344 0.549907957
1403637251.638319016 3.352491418 1.685025660 0.046464520 -0.779627718 0.226273390 -0.152437396 0.563687693
1403637252.138319016 3.186694105 1.815881803 0.160076600 -0.775076626 0.187742850 -0.155068911 0.583063014
1403637254.588319063 2.642990213 1.446622050 0.228805837 -0.799370100 0.160160311 -0.137664676 0.562498493
1403637255.388319016 2.357583955 1.217297367 0.249880799 -0.794436370 0.132368057 -0.109145661 0.582612029
1403637255.838319063 2.152053697 1.041383321 0.243545019 -0.809376976 0.065464307 -0.072557512 0.579101668
1403637256.238319159 1.951188582 0.879467391 0.310643486 -0.811773531 0.016693730 -0.042115478 0.582212453
1403637256.888319016 1.581916332 0.621255194 0.301821888 -0.818942843 0.035539012 -0.022287306 0.572339824
1403637257.388319016 1.314222085 0.426343725 0.301055956 -0.814889082 -0.004907445 -0.019332048 0.579273659
1403637257.888319016 1.032448296 0.254689699 0.309353433 -0.827529031 -0.020044663 -0.004034367 0.561050478
1403637258.138319016 0.883662112 0.197673497 0.278672375 -0.826705440 -0.047255270 0.022606671 0.560191033
1403637258.388319016 0.736880042 0.169710831 0.271989380 -0.811769534 -0.086312925 0.041546572 0.576067865
1403637258.688318968 0.565148618 0.149922987 0.229524923 -0.810465629 -0.092667716 0.065486730 0.574690914
1403637259.488318920 0.238125129 0.120572588 0.222098701 -0.805929621 -0.076622674 0.077348607 0.581913743
1403637260.488318920 0.187545315 0.050371541 0.136843092 -0.806624010 -0.101900894 0.041348992 0.580744501
1403637261.038319111 0.149647862 0.010939054 0.015150315 -0.805340480 -0.097378681 0.051384097 0.582497879
1403637261.338319063 0.109618056 -0.008708600 -0.046151250 -0.818838220 -0.098921286 0.049247755 0.563287855
1403637261.938319206 0.014129569 0.015958327 -0.053528981 -0.810045851 -0.093677895 0.052908019 0.576412104
1403637262.388319016 -0.032111809 0.043423805 -0.099916812 -0.791264351 -0.081860561 0.062046031 0.602785091
1403637262.488318920 -0.024552570 0.042191787 -0.106846737 -0.804244287 -0.049927422 0.052293792 0.589884512
