1770731344.524799109 -0.034624332 0.121752255 -0.057857242 -0.717447108 0.008957618 0.008891558 0.696498634
1770731346.332376957 -0.030722556 0.692929999 -0.069495603 -0.724096318 0.019612051 -0.007973349 0.689373858
1770731346.731041670 0.020742840 1.259239370 -0.091293292 -0.730555899 0.035627234 -0.014504726 0.681768576
1770731347.029953718 0.053508287 1.698546002 -0.111367206 -0.735049779 0.032451797 -0.006005634 0.677209448
1770731347.323266506 0.085190362 2.162218225 -0.146419684 -0.749096243 0.027323462 0.036588633 0.660885406
1770731347.527842522 0.033545017 2.437670005 -0.168448003 -0.741307189 0.000213703 0.035566449 0.670222824
1770731347.928534269 0.007512303 2.982787718 -0.188611892 -0.734760189 0.008551739 0.022060358 0.677914208
1770731348.326928139 0.032081102 3.468295555 -0.174154760 -0.720543271 0.025822307 -0.006908073 0.692894568
1770731348.626581430 0.066119949 3.913866603 -0.203301437 -0.732755018 0.032120048 -0.012977474 0.679610161
1770731348.826038122 0.131175812 4.220107069 -0.223171226 -0.738640731 0.049802115 0.004659299 0.672240962
1770731349.225999117 0.164150009 4.788175872 -0.226713639 -0.724501169 0.048572238 -0.001992420 0.687557142
1770731349.622526646 0.179127600 5.320309459 -0.224820216 -0.719203424 0.042207863 -0.013360998 0.693387637
1770731350.024737358 0.213403791 5.906059861 -0.231994825 -0.720006985 0.037953295 -0.009395744 0.692864495
1770731350.524124622 0.249642580 6.579502484 -0.223560675 -0.716874375 0.033526055 -0.002430493 0.696391575
1770731350.928531885 0.249833429 7.140303056 -0.218874736 -0.715689383 0.016304759 0.013080530 0.698105839
1770731351.329361677 0.254551710 7.701297545 -0.214705452 -0.717157725 0.015144072 0.008159993 0.696698549
1770731351.725770235 0.259199108 8.261971313 -0.219590119 -0.721265406 0.016439855 0.009607425 0.692397027
1770731352.124045849 0.258946763 8.821140663 -0.216260780 -0.718433059 0.012860686 0.006149574 0.695450017
1770731352.423515558 0.266786556 9.240476941 -0.210191116 -0.717852739 0.012307650 0.004963501 0.696068481
1770731352.824810982 0.277834109 9.787759366 -0.203242410 -0.711763685 0.010559314 0.002910082 0.702333603
1770731353.323761225 0.292759492 10.521919231 -0.232906875 -0.725856075 0.018097971 -0.008215103 0.687559404
1770731353.724512577 0.321126469 11.073302623 -0.237328141 -0.722230521 0.023213215 -0.012924040 0.691141946
1770731354.124536991 0.370517941 11.650367005 -0.251323694 -0.729505466 0.033865550 -0.001286835 0.683134865
1770731354.523998260 0.378069848 12.226997354 -0.262062368 -0.724095521 0.023059680 -0.003430568 0.689305562
1770731354.822061300 0.369514216 12.632262748 -0.270071498 -0.723400862 0.013954080 -0.005397452 0.690266140
1770731355.231951714 0.387675153 13.185146403 -0.273052475 -0.719499227 0.016313068 -0.004261175 0.694288549
1770731355.631370544 0.418519837 13.767463813 -0.282249703 -0.725488186 0.021981351 0.000216928 0.687883468
1770731356.023353577 0.424707446 14.310077037 -0.280020960 -0.718764337 0.020687749 -0.008094461 0.694898788
1770731356.345639944 0.458849395 14.807243971 -0.304227783 -0.730158132 0.029022393 -0.008222468 0.682612038
1770731356.722360849 0.478244822 15.312103760 -0.297055205 -0.716645368 0.030756164 -0.017827193 0.696531166
1770731357.020613432 0.488345890 15.754666269 -0.295161160 -0.719402552 0.025640593 -0.020907314 0.693805025
1770731357.421570539 0.553117355 16.376354946 -0.319134672 -0.732390603 0.034838593 0.001000380 0.679992115
1770731357.822072983 0.560762616 16.920782547 -0.323390664 -0.721540742 0.029410271 -0.004227790 0.691734139
1770731358.120628357 0.560021109 17.331824666 -0.324859952 -0.717622277 0.024372477 -0.011130790 0.695916918
1770731358.536736012 0.554177098 17.961367156 -0.346751673 -0.725517823 0.008337916 0.004781799 0.688136252
1770731358.916733503 0.571114337 18.474412810 -0.337285209 -0.719792629 0.012607636 0.014138450 0.693930632
1770731359.320137024 0.561413045 19.036675664 -0.338511546 -0.722571199 0.009833440 0.009706509 0.691158412
1770731359.720197678 0.567148267 19.611023712 -0.345428519 -0.724295012 0.016683537 0.006157900 0.689260818
1770731360.121160746 0.560857640 20.181624433 -0.357333565 -0.727939133 0.012795918 0.000540412 0.685522130
1770731360.531191826 0.575104651 20.761708360 -0.364773661 -0.725181967 0.018138116 -0.003954265 0.688306972
1770731360.919365883 0.598825842 21.310994883 -0.363568903 -0.720344976 0.024151459 -0.003196024 0.693188003
1770731361.220270634 0.596373868 21.722448211 -0.371721936 -0.719490949 0.022487152 -0.008447179 0.694086268
1770731361.619418859 0.631162894 22.295818149 -0.367223906 -0.721473358 0.028359870 -0.006690424 0.691828845
1770731362.017621040 0.665441915 22.876238373 -0.380960009 -0.728977882 0.031746414 -0.007939969 0.683754612
1770731362.418915272 0.698109776 23.230459326 -0.392692562 -0.727272132 0.043950647 -0.018258541 0.684697169
1770731363.217366695 0.721442809 23.688431306 -0.387185039 -0.717348727 0.040076834 -0.022967185 0.695181386
1770731363.620498419 0.713782992 24.271482773 -0.392050125 -0.717873764 0.020008519 -0.005690091 0.695862445
1770731363.917372227 0.727807290 24.693216983 -0.393901434 -0.718504687 0.023203503 -0.010119453 0.695061299
1770731364.218001842 0.741208620 25.139642217 -0.408817745 -0.723440855 0.023419008 -0.018375503 0.689744315
1770731364.617206573 0.763520682 25.695570605 -0.413832620 -0.720825651 0.025563663 -0.023621513 0.692241940
1770731364.917867184 0.804446291 26.164308451 -0.435996534 -0.728869070 0.034767225 -0.020116844 0.683473797
1770731365.218286514 0.840793169 26.569671448 -0.436482742 -0.724539299 0.039480895 -0.022392720 0.687737326
1770731365.614919662 0.884293336 27.125232847 -0.446084460 -0.725161920 0.041179449 -0.026486938 0.686835413
1770731365.921818733 0.929510900 27.557978087 -0.453752195 -0.723444649 0.048339239 -0.023954987 0.688271252
1770731366.317894459 0.986858581 28.121677719 -0.457232209 -0.722025110 0.049708864 -0.012768634 0.689960674
1770731366.717365980 0.971273692 28.703989666 -0.467144293 -0.728773644 0.008099799 0.019744535 0.684422035
1770731367.121746778 0.954038899 29.252989633 -0.466921359 -0.723649821 0.006465304 0.013808255 0.689998890
1770731367.515832424 0.962178479 29.827313004 -0.475818815 -0.721318533 0.012893961 0.012071135 0.692378226
1770731367.918135405 0.972224910 30.379451990 -0.480227191 -0.720997180 0.017504701 0.012899867 0.692596741
1770731368.317442656 0.976703917 30.953253693 -0.494557784 -0.725101793 0.015836665 0.001917567 0.688456907
1770731368.715066671 0.987029896 31.515908857 -0.500063505 -0.723535183 0.018243465 -0.004888909 0.690029068
1770731369.116521835 0.995703219 32.080922028 -0.508500413 -0.721143799 0.019707675 -0.011195112 0.692414542
1770731369.515887737 1.033934393 32.685855748 -0.520865804 -0.723043361 0.025368863 -0.003151760 0.690329476
1770731369.916147947 1.040179522 33.251918766 -0.530474336 -0.729486889 0.020874471 -0.010403214 0.683597036
1770731370.214717388 1.057330126 33.660680803 -0.532748027 -0.724958614 0.022507551 -0.010587169 0.688343178
1770731370.612741709 1.093430402 34.225882268 -0.544530348 -0.722585865 0.027517083 -0.013175275 0.690607624
1770731370.916949749 1.113391995 34.652448743 -0.550882429 -0.723416424 0.026100825 -0.015921317 0.689734685
1770731371.314207315 1.144825088 35.212828124 -0.569014536 -0.727914167 0.029814530 -0.018622495 0.684766575
1770731371.713511467 1.194744263 35.772143174 -0.571096903 -0.723240638 0.038857517 -0.017560766 0.689278386
1770731372.013580322 1.210364489 36.180641282 -0.584759282 -0.724707972 0.038478137 -0.021468395 0.687645909
1770731372.413470507 1.237847148 36.751599229 -0.594849264 -0.725931717 0.030741229 -0.018002226 0.686843533
1770731372.813209772 1.241687298 37.312446753 -0.612763417 -0.728453421 0.017052607 -0.004729883 0.684866739
1770731373.113745928 1.248478887 37.729188178 -0.628259215 -0.728130678 0.020010176 -0.006382593 0.685116465
1770731373.513001919 1.268043186 38.272288016 -0.636686687 -0.725933916 0.024735518 -0.002856780 0.687313569
1770731373.911689281 1.281856192 38.827443157 -0.643215254 -0.722361546 0.026996002 -0.012639121 0.690872828
1770731374.213121653 1.304691790 39.242004176 -0.653114902 -0.724219888 0.029981617 -0.012249184 0.688808111
1770731374.623194933 1.339266573 39.808068904 -0.662506357 -0.721798106 0.033805377 -0.017214033 0.691063215
1770731375.012282372 1.383377388 40.359470142 -0.687401028 -0.729196376 0.040573262 -0.018631283 0.682846492
1770731375.411345482 1.417011415 40.919859497 -0.691330190 -0.721226367 0.037575635 -0.017555772 0.691456719
1770731375.911076069 1.458272990 41.630701375 -0.703040968 -0.722190050 0.034487228 -0.009648528 0.690767015
1770731376.212030649 1.487710983 42.064841838 -0.722058854 -0.726956367 0.039322456 -0.008181498 0.685508022
1770731376.613900185 1.518016666 42.611458589 -0.730144142 -0.721982448 0.037201001 -0.011944940 0.690807316
1770731377.109355927 1.578209063 43.313646351 -0.740945676 -0.719909195 0.040088100 -0.013813981 0.692771874
1770731377.510495901 1.593981768 43.893580861 -0.749023154 -0.719330070 0.031089908 0.001542116 0.693970669
1770731377.916290283 1.608033549 44.456350499 -0.751324389 -0.718749085 0.026463365 0.004110405 0.694753588
1770731378.210241079 1.638203203 44.881944413 -0.761505140 -0.724078448 0.031817418 0.003933880 0.688972116
1770731378.609759331 1.653225660 45.423491266 -0.758248101 -0.717881956 0.032368866 -0.004855941 0.695394977
1770731379.009288311 1.681810941 45.997535921 -0.769758931 -0.721307936 0.036661871 -0.008336010 0.691593291
1770731379.508799791 1.711581687 46.694787542 -0.780237379 -0.717359771 0.038548559 -0.017941125 0.695404259
1770731379.908768892 1.755249054 47.282263254 -0.794960538 -0.717358661 0.043034643 -0.024169197 0.694953539
1770731380.415216208 1.821251329 47.985362982 -0.801413457 -0.715861255 0.041805260 -0.022304569 0.696632966
1770731380.907783747 1.846554423 48.717246930 -0.828063043 -0.721999861 0.029943623 -0.014009874 0.691102961
1770731381.308243752 1.864326523 49.290057052 -0.826629229 -0.717246303 0.029116625 -0.012689037 0.696095505
1770731381.605559826 1.910428798 49.744061565 -0.847378681 -0.726899794 0.034620342 -0.008013467 0.685823524
1770731381.906940937 1.941722008 50.175024563 -0.855372292 -0.724889533 0.037927399 -0.009241246 0.687758152
1770731382.207576752 1.955655105 50.582149150 -0.854818153 -0.719848540 0.037913077 -0.016127412 0.692907342
1770731382.807344913 1.984372269 51.186846543 -0.864884164 -0.719914461 0.030002829 -0.004689569 0.693398160
1770731383.706245184 1.913820280 51.479213103 -0.881465548 -0.717922947 -0.037178780 0.059896469 0.692543713
1770731384.405265570 1.784918818 51.751770835 -0.897505517 -0.709849700 -0.119317228 0.135120704 0.680895879
1770731385.305864334 1.464792572 52.122651911 -0.939448604 -0.704594816 -0.204597437 0.170007506 0.657862814
1770731385.904924870 1.270109907 52.287876198 -0.964821879 -0.683745018 -0.271453518 0.244663612 0.631621291
1770731386.508337498 1.038148538 52.426622419 -0.982035829 -0.663677435 -0.318441566 0.301945700 0.605768954
1770731387.104762554 0.729870189 52.551538855 -0.992889350 -0.625915674 -0.364820326 0.363919093 0.585404639
1770731387.703905821 0.368934730 52.629543571 -1.005642927 -0.581030017 -0.406652789 0.416845601 0.568574861
1770731388.521011353 -0.016936895 52.632679301 -1.035399293 -0.536263343 -0.463949348 0.469344292 0.526202020
1770731389.306677341 -0.314710645 52.562973261 -1.061881928 0.486474365 0.525959268 -0.522174780 -0.462647857
1770731390.103229761 -0.542956804 52.452112984 -1.079594949 0.428692372 0.581468230 -0.572382098 -0.387938503
1770731391.102589369 -0.608219673 52.343464432 -1.092732489 0.358954806 0.628307144 -0.615112488 -0.313078595
1770731391.702221155 -0.551394024 52.294350640 -1.098851890 0.300510963 0.653639791 -0.642263838 -0.264471826
1770731392.400914907 -0.497998196 52.252389695 -1.106621905 0.243493631 0.676013683 -0.662187098 -0.212660761
1770731393.809567690 -0.580550961 52.021390161 -1.103780978 0.176147139 0.690060199 -0.685381513 -0.151793574
1770731394.499139309 -0.566791159 51.889462255 -1.106569499 0.110436781 0.705212794 -0.694979956 -0.086495626
1770731395.403187990 -0.588792069 51.683728237 -1.112293035 0.089524055 0.708437444 -0.695759329 -0.077593735
1770731396.200204611 -0.605765454 51.504510216 -1.127702999 0.071308340 0.720374303 -0.687421918 -0.058541355
1770731396.603182793 -0.627259599 51.322802907 -1.142965784 0.064569628 0.729511550 -0.678717396 -0.054647585
1770731397.295635700 -0.626123327 51.072179962 -1.145052895 0.040383090 0.724553517 -0.687409060 -0.029329009
1770731398.101450920 -0.622960734 50.596350703 -1.091160321 -0.022769556 -0.686481218 0.726679450 0.012730337
1770731398.398816586 -0.671742078 50.156610665 -1.107123824 0.033339404 0.715660780 -0.697457497 -0.016467331
1770731398.697867393 -0.700199641 49.747104346 -1.096720996 0.035912197 0.710171507 -0.702802112 -0.020879081
1770731398.999024391 -0.734369034 49.365295287 -1.088590999 0.040176481 0.708009430 -0.704824995 -0.018172092
1770731399.299550056 -0.774193661 48.975945326 -1.077514894 -0.044280890 -0.703872471 0.708702158 0.018547195
1770731399.898464918 -0.817814563 48.153981771 -1.061924775 0.030244145 0.708047839 -0.705516480 -0.000212715
1770731400.303698063 -0.841931748 47.607480763 -1.055786178 0.039993733 0.712233921 -0.700778894 -0.005681975
1770731400.598135710 -0.868648956 47.198095267 -1.042908938 0.046535108 0.708193317 -0.704424712 -0.009084876
1770731400.997963190 -0.918586635 46.658094407 -1.025686850 0.054979557 0.706301230 -0.705633312 -0.014051658
1770731401.397531509 -0.956740205 46.122586707 -1.006701354 -0.054705685 -0.704770612 0.707149172 0.015675473
1770731401.796900749 -0.980695175 45.574166598 -0.985185188 -0.047262353 -0.701912949 0.710596127 0.011731412
1770731402.296544552 -1.026304897 44.875809874 -0.983099287 0.046183046 0.709263703 -0.703427537 -0.001351159
1770731402.594030142 -1.061730964 44.504092632 -0.966588083 -0.048584619 -0.702083857 0.710368861 0.009688852
1770731402.997308254 -1.113009877 43.969477824 -0.954526190 -0.056852218 -0.705543625 0.706116089 0.019392979
1770731403.396965981 -1.159148490 43.448617436 -0.938108680 -0.050854006 -0.705658510 0.706624478 0.011907346
1770731403.695621967 -1.174838124 43.063117556 -0.925229920 -0.036272657 -0.704767084 0.708502569 0.003429370
1770731404.198287725 -1.179447412 42.419361831 -0.899240724 -0.031732675 -0.700358450 0.713066532 0.005215335
1770731404.593496084 -1.210937665 41.857780940 -0.898792681 0.039856473 0.711788427 -0.701059799 -0.016847974
1770731404.995439053 -1.259416963 41.346210200 -0.874301895 0.050110041 0.707256390 -0.704726386 -0.025260710
1770731405.394902468 -1.338801270 40.820652368 -0.852881187 -0.064537977 -0.700992628 0.709733861 0.026870646
1770731405.693876266 -1.367728183 40.430344042 -0.847600318 0.057522924 0.708488610 -0.703050317 -0.021336703
1770731406.294706345 -1.395649484 39.664699480 -0.812128565 -0.044532775 -0.703878679 0.708810726 0.012609215
1770731406.695270538 -1.440486106 39.128276666 -0.799872917 0.057933291 0.708312543 -0.703163983 -0.022304459
1770731407.100538969 -1.479974622 38.599021112 -0.780563136 0.056761859 0.707906315 -0.703673413 -0.022146526
1770731407.495409250 -1.537844544 38.099352609 -0.757978361 -0.063386415 -0.702202868 0.708825765 0.021431959
1770731407.794894934 -1.574777304 37.705266029 -0.745177596 -0.058313665 -0.702128809 0.709351678 0.020853054
1770731408.294513702 -1.601078026 37.058826546 -0.717996675 -0.036603302 -0.700798454 0.712340390 0.010625104
1770731408.593811989 -1.622255818 36.648362371 -0.714989789 0.038785893 0.707836090 -0.705196351 -0.012721288
1770731408.992770910 -1.664900086 36.110746718 -0.701014700 -0.044360646 -0.703875481 0.708786241 0.014611805
1770731409.288191795 -1.695589314 35.718853014 -0.688959116 -0.045133119 -0.704436168 0.708262276 0.009860788
1770731409.691715002 -1.732461069 35.182449211 -0.680012531 0.053949217 0.708537402 -0.703351015 -0.019015305
1770731409.993549585 -1.777033764 34.798995700 -0.660768531 -0.054190870 -0.703308007 0.708684948 0.013668979
1770731410.492619514 -1.799213460 34.146756548 -0.643189949 0.030312773 0.711008647 -0.702526429 0.002111213
1770731410.892751932 -1.829055550 33.655910370 -0.613159731 -0.034946444 -0.702883080 0.710414182 0.006768471
1770731411.291286469 -1.890892478 33.109587298 -0.605008433 0.046583048 0.709552982 -0.703023563 -0.011065958
1770731411.691739082 -1.949268248 32.594379518 -0.585891304 -0.052981278 -0.704399258 0.707676949 0.014422402
1770731411.990700245 -1.983698702 32.224144678 -0.568234255 -0.054139171 -0.699459778 0.712453514 0.015328382
1770731412.192129850 -2.008167247 31.955258252 -0.561307550 -0.049414923 -0.702897207 0.709505687 0.009765304
1770731412.591371298 -2.041707528 31.428789835 -0.540351495 -0.048890623 -0.700607422 0.711646922 0.017821478
1770731412.891127825 -2.091544699 31.017945288 -0.534781875 0.057480471 0.707027428 -0.704515368 -0.021594144
1770731413.289790630 -2.154313616 30.511107884 -0.509097152 -0.063953844 -0.698406171 0.712144161 0.031455050
1770731413.788947821 -2.225033631 29.820275452 -0.498666945 -0.055032857 -0.704440624 0.707235438 0.023512295
1770731414.090448618 -2.238942910 29.436990136 -0.479717030 -0.039633860 -0.699062716 0.713781170 0.016028648
1770731414.290691137 -2.258551503 29.181922698 -0.475408601 -0.038304311 -0.700378923 0.712643259 0.011905018
1770731414.695997953 -2.312428066 28.633462514 -0.467254342 0.049260104 0.707134309 -0.705197882 -0.015180872
1770731415.089550495 -2.365734210 28.126963349 -0.451962116 -0.057783909 -0.704573431 0.706714914 0.028130619
1770731415.498576641 -2.441085313 27.591861088 -0.446886338 0.066426994 0.706954042 -0.703175034 -0.036719332
1770731415.888825655 -2.492173876 27.098285716 -0.434266706 0.056671075 0.707093160 -0.704116270 -0.032061359
1770731416.289554119 -2.503015882 26.618744453 -0.422429625 0.041577816 0.706959929 -0.705563819 -0.025664003
1770731416.690385342 -2.539141321 26.154320010 -0.403055982 -0.049839182 -0.702064610 0.709513625 0.034810279
1770731417.190232277 -2.618991820 25.555439694 -0.386333118 -0.060421007 -0.704252654 0.705945369 0.044929254
1770731417.688377380 -2.659762860 25.007962619 -0.374278083 0.054258839 0.709223086 -0.701787366 -0.039409210
1770731418.187712431 -2.738762501 24.423098454 -0.357449789 0.072775307 0.708139338 -0.700011138 -0.056805272
1770731418.487434864 -2.775757510 24.040950749 -0.355114431 0.061545293 0.710274901 -0.698883435 -0.057303459
1770731418.789179564 -2.777554866 23.669001301 -0.351311941 0.034816194 0.711789656 -0.700117669 -0.044481094
1770731420.289939880 -2.829489881 22.960301666 -0.306000469 0.024856271 0.708603110 -0.703535669 -0.047972496
1770731420.686504602 -2.858411503 22.406690653 -0.307809120 0.015140338 0.715029617 -0.698163204 -0.032734652
1770731421.288019657 -2.925153054 21.911271109 -0.316531664 0.016887441 0.721504258 -0.692193312 -0.003851979
1770731422.086609125 -2.933722154 21.517147351 -0.300807024 0.016318940 0.708477378 -0.705541645 0.002117782
1770731422.685359716 -2.935396411 21.174806265 -0.308897191 0.023331440 0.708421722 -0.705189936 -0.017362651
1770731423.182401896 -2.976135352 20.657408272 -0.295672656 -0.038632571 -0.706018989 0.706485010 0.030391478
1770731423.684291363 -3.040673829 20.094813720 -0.289860206 0.050579648 0.706607262 -0.704723778 -0.038887955
1770731424.085114479 -3.112047509 19.640052772 -0.281677122 0.065893702 0.704831431 -0.704631134 -0.048637834
1770731424.584238291 -3.185407611 19.167275684 -0.271620577 0.073031626 0.706167444 -0.702075565 -0.055532183
1770731425.182409286 -3.213214686 18.635040424 -0.247615186 -0.045488244 -0.703282200 0.708611645 0.034561590
1770731425.481611013 -3.227618650 18.343237154 -0.233824486 -0.036954920 -0.702188765 0.710366944 0.030725835
1770731425.983929873 -3.289832593 17.798870431 -0.209718206 -0.043860265 -0.697207180 0.714439848 0.039422451
1770731426.483103275 -3.346249695 17.225339853 -0.206015733 0.043608323 0.713741303 -0.697579208 -0.045331168
1770731426.983189344 -3.375507626 16.708466799 -0.184357720 0.028929772 0.708770388 -0.704046678 -0.033554148
1770731427.384297132 -3.413441188 16.222037941 -0.182731037 0.025302490 0.709011660 -0.704525044 -0.017513195
1770731427.684325695 -3.440497608 15.865342475 -0.171279867 -0.033738474 -0.704763056 0.708372644 0.019466582
1770731427.984046221 -3.464895053 15.498133008 -0.164375746 0.042200988 0.706929570 -0.705332830 -0.031229134
1770731428.581855059 -3.586503951 14.718210587 -0.145177115 -0.079802327 -0.699247157 0.707338122 0.066013503
1770731429.083459377 -3.716230204 14.053873845 -0.144007804 0.083568565 0.703638250 -0.702170891 -0.069753487
1770731430.777047157 -3.738962920 13.577133248 -0.147007638 0.032225557 0.710328436 -0.702042742 -0.039128195
1770731431.580135107 -3.721661927 13.165989344 -0.145293239 -0.012886952 0.711391145 -0.702678086 0.000269866
1770731432.079556465 -3.711482679 12.929406357 -0.135480767 0.019947667 -0.704804230 0.708819387 -0.020692143
1770731432.680576801 -3.681381462 12.532805212 -0.144035015 -0.006265770 0.713831046 -0.700250281 0.007451276
1770731433.279270887 -3.674669567 12.087295664 -0.121232669 -0.016285876 -0.705366658 0.708373129 0.020003927
1770731433.978175163 -3.714773970 11.425771011 -0.110683741 0.025432861 0.710630970 -0.702515663 -0.028784324
1770731434.478126526 -3.778673651 10.873936895 -0.099973412 0.032754959 0.709424837 -0.703262698 -0.032635724
1770731434.877851248 -3.838880724 10.432510815 -0.095983104 0.040442023 0.711558304 -0.700743210 -0.031751792
1770731435.177484989 -3.863365075 10.112211065 -0.083006376 0.040896306 0.710491551 -0.701679972 -0.034270461
1770731435.879268408 -3.953614482 9.453775057 -0.058619124 0.053985757 0.706807755 -0.704464042 -0.035195866
1770731436.377270699 -4.022162979 9.003032268 -0.041278244 0.064664993 0.706297503 -0.703992364 -0.036837855
1770731436.973484516 -4.077479808 8.517033314 -0.022505740 -0.058944242 -0.703803435 0.706475554 0.045591577
1770731437.576763153 -4.136355181 8.019490839 -0.011459363 0.057964985 0.708981057 -0.701685800 -0.040285980
1770731437.976641655 -4.159820797 7.702189809 -0.000382305 0.051092463 0.708140307 -0.703407665 -0.033830784
1770731438.671940804 -4.206650270 7.049402891 0.013029259 0.038412051 0.709126438 -0.703489357 -0.027693569
1770731439.174944162 -4.239725705 6.531501232 0.030206952 -0.032804277 -0.704766749 0.708256951 0.024490813
1770731439.573855400 -4.267633289 6.160966794 0.042370156 -0.033256390 -0.703271026 0.709373226 0.033068162
1770731439.874350786 -4.300361511 5.907207422 0.043880694 -0.039603266 -0.703386373 0.708936662 0.032984850
1770731440.372972727 -4.318836484 5.507772155 0.065767071 -0.036044351 -0.694447092 0.717996667 0.030410980
1770731441.872298241 -4.468812751 4.447686693 0.105301963 -0.020701500 -0.680447567 0.732335555 -0.015722352
1770731442.572604179 -4.388259558 4.226627494 0.122911673 0.045825846 -0.671937738 0.736429969 -0.063801016
1770731443.469436884 -4.167570391 3.798867655 0.113937803 0.142373047 -0.682045247 0.702766775 -0.143746502
1770731444.270892382 -3.823229174 3.386150996 0.079543317 -0.230711337 0.679414569 -0.661852972 0.217068575
1770731444.870804310 -3.597192702 3.244979381 0.061151883 -0.301759926 0.654276376 -0.630370741 0.288956916
1770731445.371492386 -3.381168332 3.189161161 0.034669818 -0.358914912 0.625166033 -0.610811001 0.327501814
1770731445.870865107 -3.253062338 3.186626495 0.017809621 -0.407558926 0.592382119 -0.577484465 0.386640453
1770731446.470367193 -2.977412618 3.175287523 -0.002627720 -0.457586923 0.557428706 -0.537934204 0.436479367
1770731447.068598032 -2.619634948 3.225077006 -0.056298003 0.519145875 -0.513852308 0.489684909 -0.476079884
1770731447.668229342 -2.393385297 3.311637808 -0.083809241 -0.559410485 0.471010845 -0.440045565 0.521122437
1770731448.269483566 -2.166987860 3.483759568 -0.103307263 -0.603778691 0.412427509 -0.389570654 0.559990668
1770731448.877100945 -1.961813944 3.669412663 -0.128735094 -0.643015183 0.346800910 -0.324360240 0.600875226
1770731449.469891548 -1.828085579 3.861851614 -0.152862405 -0.678106001 0.271642641 -0.249382218 0.635760204
1770731450.068150282 -1.788663590 4.051982518 -0.173294914 -0.701245016 0.213334215 -0.184682099 0.654703340
1770731450.667364359 -1.747818082 4.290739841 -0.197008577 -0.726092378 0.146571646 -0.109520082 0.662806127
1770731451.069545984 -1.771198877 4.410003878 -0.204655472 -0.734835090 0.077046997 -0.043659172 0.672439608
1770731451.668857098 -1.776499216 4.627320902 -0.225886759 -0.744296567 0.031959466 0.012878489 0.666959787
1770731452.166831017 -1.754991637 5.013106705 -0.254356745 -0.746258126 0.043561670 0.001024064 0.664228983
1770731452.467823982 -1.681262767 5.408950645 -0.300916579 -0.751235804 0.072131475 -0.016168528 0.655881388
1770731452.976376772 -1.611838568 6.031774561 -0.298021633 -0.725060597 0.063552995 -0.037160765 0.684738800
1770731453.269231319 -1.573607123 6.461474401 -0.324964180 -0.730634144 0.047669740 -0.018220770 0.680859271
1770731453.566951275 -1.522163265 6.909163089 -0.371710736 -0.742994710 0.051831196 -0.002816321 0.667281392
1770731454.067118406 -1.491515688 7.524271168 -0.370224698 -0.723519066 0.038751566 0.005237742 0.689195940
1770731454.565794945 -1.510978249 8.189380404 -0.377558338 -0.723492629 0.019739089 0.004652274 0.690034159
1770731454.965021610 -1.484759701 8.719800549 -0.376011388 -0.720992373 0.026343925 0.006508515 0.692411464
1770731455.375344992 -1.468601770 9.264970595 -0.382960650 -0.724130499 0.026143514 -0.000649731 0.689166971
1770731455.865572929 -1.445229034 9.921736585 -0.393054216 -0.722716918 0.025286535 -0.009760401 0.690612468
1770731456.266863823 -1.416313073 10.457433794 -0.402547183 -0.722498533 0.025956381 -0.014429474 0.690734339
1770731456.665137291 -1.379540760 10.985982143 -0.409224725 -0.720393267 0.025648535 -0.017193876 0.692878102
1770731457.071307182 -1.338774379 11.518047050 -0.415845487 -0.719770404 0.027688644 -0.025613554 0.693186736
1770731457.464492083 -1.296552555 12.040822751 -0.411464987 -0.716920250 0.026874062 -0.036012593 0.695705565
1770731457.765311241 -1.265401205 12.441387483 -0.424963378 -0.722844710 0.025493857 -0.040338369 0.689360867
1770731458.163870335 -1.189015551 13.019003777 -0.448133664 -0.729742300 0.042080509 -0.035215213 0.681516907
1770731458.663672924 -1.112069876 13.685662063 -0.466987867 -0.727317623 0.048806899 -0.040135197 0.683385782
1770731459.063441515 -1.045550269 14.240440609 -0.490129621 -0.728200940 0.049892189 -0.047165710 0.681916092
1770731459.462592840 -0.969114830 14.779990598 -0.497215484 -0.721913495 0.053682844 -0.046530633 0.688326927
1770731459.760509729 -0.903948980 15.179355163 -0.502551826 -0.722795839 0.058391841 -0.042809651 0.687258249
1770731460.263955832 -0.803252417 15.868666400 -0.516402349 -0.727243252 0.062946647 -0.048968008 0.681730963
1770731460.663679838 -0.722463717 16.399044335 -0.516592499 -0.717800084 0.064806575 -0.056518425 0.690918820
1770731460.962689161 -0.642032149 16.809853180 -0.539039116 -0.726526758 0.074475819 -0.057684416 0.680650226
1770731461.362968206 -0.559225924 17.322533879 -0.541479178 -0.717320107 0.076616922 -0.067350524 0.689235531
1770731461.663807392 -0.479176823 17.721629252 -0.537576902 -0.715182902 0.077171400 -0.076773332 0.690408464
1770731462.060759783 -0.317813267 18.301913393 -0.566923266 -0.728883791 0.093746924 -0.053312058 0.676090052
1770731462.461830854 -0.249888839 18.891340916 -0.587924475 -0.726646146 0.063269326 -0.034252827 0.683234305
1770731462.860822916 -0.222217642 19.393400913 -0.579541721 -0.717412993 0.046059247 -0.031438776 0.694412519
1770731463.162505865 -0.168455084 19.838262138 -0.601786371 -0.726191934 0.051879283 -0.032263045 0.684772160
1770731463.657766581 -0.076202503 20.519041615 -0.592487405 -0.712811945 0.057414013 -0.031939795 0.698271159
1770731464.066648483 -0.020185092 21.106185479 -0.606401882 -0.721452561 0.052439699 -0.025401482 0.690008004
1770731464.456698656 0.050233273 21.653773989 -0.613564221 -0.720454890 0.056876103 -0.022677545 0.690793449
1770731464.859033108 0.115191719 22.231059334 -0.640300616 -0.728173684 0.059475715 -0.029454396 0.682171653
1770731465.259291887 0.186166694 22.768589054 -0.643711532 -0.721196486 0.064048291 -0.030234348 0.689100377
1770731465.660260677 0.253256290 23.329696688 -0.643939994 -0.720894743 0.061683755 -0.020639729 0.689985424
1770731465.956841707 0.272164792 23.733173958 -0.643758945 -0.721306006 0.049536803 -0.023758425 0.690434130
1770731466.361618757 0.324266198 24.292222099 -0.649046113 -0.724324500 0.045702347 -0.018012406 0.687706963
1770731466.757951498 0.364816484 24.845494575 -0.661309978 -0.722683240 0.040971204 -0.020212828 0.689667845
1770731467.060141087 0.399416197 25.262161197 -0.668439067 -0.721598292 0.041024925 -0.024660597 0.690655280
1770731467.459044456 0.446001107 25.809231849 -0.674135482 -0.720621427 0.042612498 -0.024826437 0.691572543
1770731467.869417429 0.497667574 26.371421393 -0.676342787 -0.718539868 0.041330379 -0.034077131 0.693419792
1770731468.258790016 0.564061939 26.937803964 -0.697511954 -0.725697145 0.047196275 -0.039516706 0.685255132
1770731468.659141541 0.617556535 27.467951579 -0.699751052 -0.722469844 0.045701675 -0.045871784 0.688363611
1770731468.958625793 0.693552640 27.930610853 -0.723162603 -0.734001740 0.054881134 -0.038779125 0.675814831
1770731469.358239889 0.762399118 28.459569659 -0.726091639 -0.724323755 0.054133542 -0.038786159 0.686236324
1770731469.757319689 0.827576517 29.034099216 -0.745714554 -0.726333101 0.047196632 -0.025733024 0.685237561
1770731470.055825949 0.840687014 29.447667528 -0.758707716 -0.728723318 0.026277121 -0.015034905 0.684138721
1770731470.457055569 0.875254054 29.979458157 -0.756302454 -0.720028372 0.028882909 -0.014499424 0.693191667
1770731470.856728077 0.914837243 30.557421858 -0.777032974 -0.725750410 0.032603036 -0.015985878 0.686999153
1770731471.264532804 0.956415128 31.112989730 -0.790610563 -0.725585821 0.032734638 -0.022140084 0.686995980
1770731471.555666685 1.009989889 31.538919875 -0.803263419 -0.727211698 0.040793044 -0.015314080 0.685028870
1770731471.955377340 1.050346225 32.089059772 -0.810411494 -0.721217036 0.038870566 -0.020849597 0.691303378
1770731472.355705738 1.096426978 32.671136985 -0.832361207 -0.726894254 0.043811820 -0.022970640 0.684965414
1770731472.754207373 1.141304619 33.223824540 -0.843538526 -0.724459984 0.043433259 -0.031051837 0.687246002
1770731473.156114101 1.196021010 33.781392108 -0.846687586 -0.720408423 0.044726583 -0.044285074 0.690688113
1770731473.558273315 1.289468852 34.374930474 -0.865575182 -0.729883061 0.056046866 -0.041618988 0.679998034
1770731473.953294992 1.357484179 34.909737782 -0.869927208 -0.722500582 0.060843194 -0.050225254 0.686854016
1770731474.154658079 1.403453968 35.216358026 -0.887956205 -0.728649754 0.064539821 -0.057131186 0.679441075
1770731474.555066824 1.521155972 35.766866578 -0.900691090 -0.726701421 0.076373483 -0.045816752 0.681155607
1770731474.953326225 1.601232889 36.325924047 -0.918579553 -0.722234337 0.073484586 -0.056527205 0.685406634
1770731475.354583025 1.690720075 36.902873370 -0.940441049 -0.726440760 0.071395999 -0.054460342 0.681337292
1770731475.754946709 1.795897113 37.478739103 -0.953609706 -0.724496395 0.071632256 -0.041644073 0.684280326
1770731476.048006058 1.828573213 37.882422653 -0.973364591 -0.724976397 0.063284582 -0.043179168 0.684499704
1770731476.357591629 1.892014912 38.313368885 -0.981964107 -0.725034346 0.067658084 -0.051719557 0.683427149
1770731476.754754305 1.982782969 38.894978557 -1.007703743 -0.730893212 0.064012676 -0.038304547 0.678402721
1770731477.152878761 2.007043111 39.441882122 -1.019877048 -0.727451249 0.041060620 -0.022709669 0.684553122
1770731477.553283691 2.061661331 39.978557351 -1.033841161 -0.726341419 0.044746095 -0.020308434 0.685575304
1770731477.953563213 2.101210278 40.535673374 -1.043159854 -0.722523479 0.046408980 -0.032639170 0.689014306
1770731478.261201620 2.137658237 40.960190989 -1.053519161 -0.724035417 0.048232566 -0.030579244 0.687394533
1770731478.651923895 2.202982176 41.507076077 -1.066580459 -0.719758898 0.053003766 -0.036513001 0.691234063
1770731479.051958799 2.265888496 42.070182913 -1.089863306 -0.729465852 0.052978993 -0.031362562 0.681240917
1770731479.450394869 2.314901238 42.600514658 -1.092223559 -0.723126806 0.044360949 -0.031606429 0.688564276
1770731479.852649450 2.381654742 43.161598142 -1.105778728 -0.727098388 0.044583334 -0.026077679 0.684587625
1770731480.153074026 2.402759161 43.594942296 -1.123541151 -0.728646951 0.034113915 -0.015429761 0.683865326
1770731480.452260494 2.423510300 44.001322586 -1.138021575 -0.727745717 0.031157206 -0.023856953 0.684723481
1770731480.855732679 2.476722369 44.555231111 -1.151343305 -0.725754112 0.037308153 -0.029763453 0.686296734
1770731481.251733541 2.540286315 45.086067230 -1.159805300 -0.723523095 0.046917238 -0.026795392 0.688182469
1770731481.753454208 2.617143205 45.750466368 -1.167942136 -0.716743352 0.052344578 -0.041845871 0.694109455
1770731482.150362968 2.701779438 46.295702976 -1.172382788 -0.720623584 0.060134211 -0.042898120 0.689380358
1770731482.451227188 2.757769156 46.711005040 -1.183378522 -0.719211961 0.060545028 -0.049609616 0.690367540
1770731482.968445063 2.871070813 47.405682731 -1.202344233 -0.722555976 0.067409679 -0.051790801 0.686065965
1770731483.349936724 2.963488726 47.919569008 -1.212234204 -0.719744893 0.071202101 -0.053843991 0.688475399
1770731483.749829769 3.049810298 48.476337054 -1.232164148 -0.724365276 0.064601214 -0.045692785 0.684860423
1770731484.249006033 3.146392102 49.173795456 -1.229335636 -0.717643489 0.057971505 -0.032908891 0.693212905
1770731484.650258780 3.216001663 49.716692757 -1.268571438 -0.729376233 0.058019758 -0.037732791 0.680602861
1770731485.248978138 3.296897400 50.358936902 -1.276334777 -0.721446422 0.057402026 -0.039084671 0.688979286
1770731485.647937536 3.382345674 50.908145174 -1.277863331 -0.721827133 0.061037210 -0.040440945 0.688189348
1770731485.949116468 3.454704673 51.362843042 -1.298889392 -0.727588567 0.064971480 -0.040073093 0.681753424
1770731486.248140097 3.514695646 51.767655352 -1.302762219 -0.719523495 0.070881888 -0.044411756 0.689412281
1770731486.647632360 3.552934685 52.171768562 -1.303292644 -0.714161075 0.061504844 -0.042900789 0.695953042
1770731487.343911171 3.522947551 52.775033307 -1.317449947 -0.715899965 -0.010077237 0.020191195 0.697838094
1770731487.848594427 3.407218008 53.195658380 -1.345371320 -0.717915961 -0.079013872 0.074517553 0.687604985
1770731488.546092510 3.205798388 53.572436487 -1.377208571 -0.713163009 -0.150734847 0.125756328 0.672950871
1770731489.146619558 2.976818719 53.849994790 -1.394677438 -0.699751430 -0.212410817 0.180805620 0.657676903
1770731489.754509926 2.799301926 54.079078211 -1.418117313 -0.697438662 -0.253036019 0.260277068 0.617906088
1770731490.447029114 2.525649283 54.190250011 -1.412798160 -0.647814483 -0.314339912 0.323963511 0.613656630
1770731490.945523977 2.353529423 54.204748424 -1.420765376 -0.613076114 -0.351579656 0.366916393 0.604898160
1770731491.545289040 2.074587264 54.245705243 -1.449801653 -0.579337989 -0.416564372 0.418719989 0.561707388
1770731492.143376589 1.860983330 54.232931345 -1.470125087 -0.541780123 -0.460321050 0.467337332 0.525523212
1770731493.046364546 1.523123134 54.152936490 -1.497753346 -0.483421821 -0.523162305 0.524560538 0.466305466
1770731493.744677067 1.245229156 54.029302559 -1.522063793 0.432834066 0.579101930 -0.564904884 -0.397716102
1770731494.260426283 1.216812577 53.956822938 -1.532537805 0.376837908 0.614525005 -0.602285179 -0.342935522
1770731494.942559958 1.201461516 53.856464024 -1.543676404 0.311281933 0.649325732 -0.636658504 -0.275944925
1770731495.538880825 1.172245785 53.717305879 -1.541465962 0.251457818 0.670171485 -0.663181336 -0.218699937
1770731496.142619610 1.130221500 53.528047951 -1.543908355 0.189709975 0.687427455 -0.681712118 -0.163469287
1770731496.740597963 1.123026163 53.342757928 -1.553850344 0.123368892 0.704308368 -0.691282758 -0.104201668
1770731497.543180943 1.067328860 53.092846336 -1.568961150 0.110957494 0.715498702 -0.682063006 -0.102664976
1770731498.041866779 1.032134915 52.881313267 -1.582226907 0.091115760 0.725511401 -0.677765957 -0.077229747
1770731498.842369080 0.958888551 52.560174612 -1.579229131 0.081658168 0.719835129 -0.687123232 -0.055054468
1770731499.340375900 1.002596635 52.468226282 -1.531703845 -0.040107609 -0.687676242 0.723429437 0.046288393
1770731500.040872812 0.928789357 52.061724311 -1.543442183 -0.050236143 -0.701726010 0.710109534 0.028308787
1770731500.341932297 0.894667300 51.698817379 -1.552692671 0.051818083 0.715347496 -0.695731743 -0.039372422
1770731500.843873262 0.822637946 51.251160565 -1.550035708 0.060186863 0.711082738 -0.699097420 -0.044740128
1770731501.240476370 0.779058301 50.942043499 -1.538949105 0.059174881 0.707608759 -0.702840367 -0.042468761
1770731501.635951757 0.734354492 50.619847582 -1.527008907 0.061566506 0.706144103 -0.704628557 -0.032690482
1770731502.340744257 0.676896371 50.137488025 -1.510342663 -0.063147760 -0.703582956 0.706824185 0.037188114
1770731503.139393806 0.591826213 49.564531997 -1.498126818 -0.063264038 -0.702890540 0.707439797 0.038359942
1770731503.638658524 0.548118447 49.181225070 -1.495214256 0.056666081 0.707116030 -0.703987520 -0.034313944
1770731504.138160706 0.484297333 48.810271142 -1.492234276 0.065886215 0.707595493 -0.702822663 -0.031747907
1770731504.738550425 0.423087248 48.375489905 -1.475011898 -0.069549957 -0.704311377 0.705534134 0.036467442
1770731505.339154959 0.361822950 47.968580132 -1.462957281 -0.076814340 -0.704084638 0.704916193 0.038177756
1770731505.936783552 0.328835420 47.695776842 -1.455218947 -0.073456256 -0.703188988 0.706217603 0.037230671
1770731506.937215328 0.264828370 47.136822416 -1.434435143 -0.065964334 -0.700823522 0.709414683 0.035012914
1770731507.537560225 0.171142901 46.646166400 -1.427124843 0.081813739 0.705599963 -0.702708305 -0.040450498
1770731508.036599636 0.098229358 46.240399045 -1.407031248 -0.087437037 -0.698827693 0.708002619 0.052219845
1770731508.639559507 0.005993914 45.721216972 -1.396227520 -0.082041061 -0.701218175 0.706249224 0.052672269
1770731509.135978460 -0.049211304 45.311909021 -1.386736483 -0.068469167 -0.704556375 0.704940216 0.044402470
1770731509.536146402 -0.081446833 45.058604071 -1.375235564 -0.059344334 -0.702793409 0.708117964 0.033594998
1770731510.034944773 -0.096290524 44.754037379 -1.357236293 -0.049338937 -0.702198158 0.709723091 0.027866665
1770731510.738195896 -0.152753772 44.196259181 -1.336261030 -0.052554962 -0.702445962 0.709096391 0.031463539
1770731511.334502220 -0.214346539 43.704570303 -1.324282077 0.056153443 0.705574293 -0.705422323 -0.037296844
1770731511.733389854 -0.266366359 43.337053969 -1.313139419 -0.061478552 -0.703779726 0.706512925 0.041880449
1770731512.342509747 -0.333024446 42.881799375 -1.306530378 0.067411612 0.706469714 -0.702998222 -0.046365051
1770731512.833338261 -0.388252717 42.526210466 -1.295289352 -0.070503524 -0.701994626 0.707464548 0.041553729
1770731513.333519936 -0.439635292 42.160444012 -1.293944198 0.068861705 0.705181603 -0.704972672 -0.031472278
1770731513.832671642 -0.466772238 41.814109672 -1.282494266 -0.056942089 -0.703884746 0.707378598 0.030321308
1770731514.532618761 -0.521815737 41.305286628 -1.277994323 0.051448821 0.706400225 -0.705634932 -0.020762538
1770731515.031858206 -0.570265970 40.912441084 -1.263217786 -0.057396521 -0.703304947 0.707864102 0.031562692
1770731515.432510853 -0.649014043 40.452620984 -1.266992132 0.069798568 0.711183416 -0.698724180 -0.033627809
1770731515.931779385 -0.716645122 40.049862352 -1.249100894 -0.079313022 -0.702516393 0.705994414 0.041857500
1770731516.531733513 -0.784651268 39.564925208 -1.218896908 -0.069931125 -0.697408363 0.712398616 0.034920265
1770731516.825343132 -0.804701498 39.302573080 -1.216283379 -0.060072543 -0.701192430 0.709704378 0.032251535
1770731517.332435608 -0.842757994 38.916535469 -1.197706861 -0.050615025 -0.700181352 0.711550022 0.029677578
1770731517.936326027 -0.929223203 38.315427987 -1.183601612 -0.063760858 -0.704990395 0.705479441 0.034955040
1770731518.429704666 -0.991218083 37.884245433 -1.173630038 -0.069152180 -0.703137845 0.706316051 0.043963440
1770731518.937870026 -1.047360745 37.424416464 -1.168346818 0.060968010 0.708324956 -0.702529422 -0.031797311
1770731519.430902481 -1.099338895 37.000881509 -1.149101884 -0.062293456 -0.700538245 0.710076688 0.034011616
1770731519.837549448 -1.155751242 36.616527114 -1.138963301 -0.066687090 -0.701126282 0.709029254 0.035387650
1770731520.129409075 -1.189005433 36.336661405 -1.128562690 -0.061187738 -0.699701308 0.711084158 0.032147477
1770731520.729321957 -1.247931506 35.788926134 -1.118409786 0.060616748 0.705964332 -0.705017198 -0.029844961
1770731521.229120016 -1.309133202 35.282447601 -1.087941582 -0.066399359 -0.696071856 0.713748516 0.040474084
1770731521.628923893 -1.392555975 34.839488410 -1.079115464 -0.078732613 -0.703464482 0.704825595 0.046473420
1770731522.327032566 -1.504743633 34.256881791 -1.059474062 -0.081779131 -0.703379594 0.704628146 0.045480718
1770731522.828927994 -1.555487209 33.847333913 -1.033043733 -0.067845535 -0.695024167 0.714779267 0.037801989
1770731523.128398180 -1.582293945 33.613884559 -1.021678091 -0.060219966 -0.695700428 0.715199013 0.029408192
1770731523.828016758 -1.608553289 33.094492336 -1.010729403 -0.039915706 -0.701638760 0.711386765 0.006217509
1770731524.526574373 -1.648155614 32.618302459 -1.002190987 -0.047827569 -0.705900184 0.706517386 0.015831500
1770731525.027549982 -1.682272058 32.214795775 -0.978188072 -0.048929152 -0.701895458 0.710045796 0.027994156
1770731525.743105412 -1.777112314 31.577924651 -0.951210334 -0.060346306 -0.703377828 0.707510035 0.032365176
1770731526.130025864 -1.848098252 31.149374845 -0.944118684 0.067823097 0.705251977 -0.704698700 -0.037675179
1770731526.626537085 -1.901263743 30.878342912 -0.929613353 -0.075314662 -0.700406731 0.708598063 0.040581994
1770731527.125645876 -1.929386149 30.596556163 -0.920878336 -0.065880648 -0.699941003 0.709756238 0.044591665
1770731527.625797272 -1.981666426 30.172033859 -0.910093336 -0.054179654 -0.705539326 0.706259638 0.021820830
1770731528.125604391 -2.041238188 29.717422885 -0.897951116 0.061640829 0.708197675 -0.702877946 -0.024880794
1770731528.624149561 -2.100166920 29.268662501 -0.884927226 0.064650666 0.706747481 -0.703809220 -0.031318855
1770731529.331751585 -2.199369615 28.675150762 -0.879433587 0.070253785 0.711811022 -0.697930608 -0.035809799
1770731529.924688816 -2.234560571 28.226735160 -0.862963519 0.049337891 0.708371362 -0.703749459 -0.022638122
1770731530.325619698 -2.262455607 27.910323494 -0.848851758 0.048241544 0.706216951 -0.706138952 -0.017267045
1770731530.923806190 -2.333942647 27.360376014 -0.837344601 0.063611588 0.711456218 -0.699486834 -0.022400568
1770731531.626826048 -2.409038412 26.860327131 -0.824327733 0.074334282 0.708773226 -0.700627134 -0.035164583
1770731532.323021889 -2.472486831 26.411741927 -0.810226346 0.066441628 0.706287496 -0.704191325 -0.029292690
1770731532.922580242 -2.543532658 25.929673553 -0.805872064 0.071276013 0.707524254 -0.702090754 -0.037386277
1770731533.524116039 -2.631503407 25.423789312 -0.792214049 0.083251933 0.704588897 -0.702395088 -0.057137923
1770731533.920052767 -2.689578904 25.111150820 -0.784912116 0.083251756 0.703986902 -0.703044672 -0.056566559
1770731534.620922327 -2.752673903 24.583537428 -0.777172480 0.061237053 0.707148491 -0.702979307 -0.044845608
1770731535.422530890 -2.817035741 23.983876316 -0.763125640 0.055382469 0.711617656 -0.699099283 -0.042347209
1770731536.021851540 -2.878927508 23.482411421 -0.756842393 0.052638570 0.709895129 -0.701352027 -0.037194376
1770731536.621910810 -2.985578726 23.010674376 -0.753509935 0.093157233 0.705086093 -0.700505506 -0.058884356
1770731537.420859814 -3.060917844 22.534858685 -0.731899576 -0.078623540 -0.698614080 0.709260481 0.052021892
1770731537.719626188 -3.067312302 22.306372712 -0.734323921 -0.057692568 -0.702720937 0.707617635 0.046175046
1770731538.221895695 -3.112836960 21.951764890 -0.720649025 -0.056957130 -0.702316171 0.708452596 0.040034983
1770731538.920051813 -3.172854954 21.403662702 -0.707452013 0.050449924 0.706540078 -0.704702078 -0.040631317
1770731539.419454813 -3.214534449 20.977901667 -0.709635446 0.043902719 0.712783351 -0.699224199 -0.033135566
1770731539.918439150 -3.254560008 20.610659803 -0.705617718 0.042452572 0.714485347 -0.698070692 -0.020143904
1770731540.519650459 -3.292048274 20.092014598 -0.686362673 0.041613743 0.710257919 -0.702352045 -0.022440809
1770731540.913878679 -3.329670380 19.713888951 -0.676514437 0.046596605 0.709196383 -0.702968254 -0.026549603
1770731541.217358589 -3.359635059 19.425851422 -0.662626150 -0.048259660 -0.703457687 0.708323769 0.033101758
1770731541.917459011 -3.434807430 18.890722976 -0.640771798 -0.056373585 -0.699896435 0.711033514 0.037394415
1770731542.517611265 -3.500090425 18.338522373 -0.627927409 0.052580050 0.705758876 -0.705625845 -0.035098619
1770731543.115664005 -3.559471352 17.866630470 -0.619505840 0.050127774 0.708952068 -0.702778047 -0.031260003
1770731543.715138435 -3.635927634 17.375643618 -0.618463009 0.064752051 0.707177499 -0.702708752 -0.043675693
1770731544.316593647 -3.708709317 16.921017067 -0.598637342 -0.072125596 -0.697577899 0.711295280 0.047349741
1770731544.715322256 -3.744283060 16.606229477 -0.592845891 -0.066811168 -0.700761830 0.708925279 0.043520955
1770731545.618664503 -3.773956198 15.979175262 -0.577649936 -0.044227195 -0.704171973 0.708026709 0.029731576
1770731546.120452404 -3.836781731 15.583645555 -0.574369117 0.057235905 0.706006638 -0.704970317 -0.035993467
1770731546.916220903 -3.894745759 15.005969128 -0.560564562 0.034172314 0.709595950 -0.703561185 -0.017535677
1770731547.414232731 -3.907539945 14.601622051 -0.567555146 0.025510231 0.713972230 -0.699602198 -0.012233038
1770731547.914274216 -3.948708841 14.210596676 -0.564392634 0.038759666 0.707696254 -0.705013854 -0.024883047
1770731548.412942648 -3.971514878 13.815811474 -0.557185532 -0.044034871 -0.703116600 0.708432744 0.042556134
1770731549.113392830 -4.037896163 13.224874186 -0.544523436 -0.052593605 -0.703401780 0.706541745 0.057084244
1770731549.713444948 -4.107129526 12.727723222 -0.537431875 0.054617308 0.706958114 -0.702359894 -0.062591955
1770731550.512707710 -4.185573479 12.146515724 -0.536348337 0.053361160 0.711495314 -0.698317099 -0.057273327
1770731551.212444544 -4.236066141 11.666413279 -0.526841772 0.049034610 0.709820684 -0.701087712 -0.047182887
1770731551.616517305 -4.264502684 11.389355309 -0.522540185 0.049579197 0.708896772 -0.701929388 -0.047983361
1770731552.512270689 -4.332037704 10.736500627 -0.520493859 0.040426908 0.709774581 -0.702096335 -0.040576415
1770731553.010974407 -4.385385588 10.386560873 -0.517193360 0.043005941 0.714176338 -0.698112480 -0.027232576
1770731553.816076994 -4.433424452 9.780319850 -0.508773002 -0.044237666 -0.705815562 0.706222850 0.033417188
1770731554.410226107 -4.505999384 9.269078626 -0.498020440 0.055468204 0.710816954 -0.700528296 -0.030375025
1770731554.910106182 -4.552006024 8.874208552 -0.481092151 0.059461538 0.708026534 -0.702595308 -0.039020326
1770731555.610901833 -4.625075404 8.334384913 -0.456894145 -0.066298946 -0.703440618 0.705852186 0.050482055
1770731556.312723398 -4.698717270 7.742872178 -0.441451823 -0.054527982 -0.703584228 0.707222991 0.042796895
1770731556.708453894 -4.723934341 7.388674728 -0.433123354 -0.040610420 -0.705943270 0.706295045 0.033796495
1770731557.109391689 -4.756289809 7.060360342 -0.424942533 -0.040199475 -0.703452579 0.708887886 0.031881606
1770731557.506529570 -4.788941006 6.763682591 -0.403458717 -0.043541737 -0.696568202 0.715273725 0.035782051
1770731559.305121422 -5.013873068 5.450878367 -0.328152820 -0.064325311 -0.669027986 0.740185100 0.019744031
1770731560.404387474 -4.917979332 4.663998917 -0.333006468 0.023708776 -0.699375908 0.712715867 -0.048449212
1770731561.304566860 -4.732881797 4.240763811 -0.352728879 -0.104475024 0.705336852 -0.692722407 0.108261536
1770731562.803632259 -4.375686830 3.499193123 -0.351696496 -0.135917861 0.699753630 -0.687663380 0.137805181
1770731563.802694082 -4.139830435 2.764578792 -0.380834221 -0.113972015 0.701467580 -0.691523032 0.129419895
1770731564.502247334 -3.920097138 2.474073937 -0.373845326 0.169298577 -0.685005391 0.687495358 -0.171626744
1770731565.101383924 -3.621564561 2.213020089 -0.393475033 -0.246052355 0.673889697 -0.655646709 0.235495875
1770731565.601165533 -3.434319867 2.097528177 -0.417053338 -0.299121279 0.654019500 -0.627926563 0.297478042
1770731566.197646141 -3.237822868 2.055535578 -0.441359520 -0.361287654 0.629782040 -0.591580087 0.350540745
1770731566.902261496 -3.044403215 2.059109188 -0.459213131 -0.416232551 0.592301209 -0.554983770 0.409783792
1770731567.600380421 -2.920939725 2.094582876 -0.476039903 -0.465480225 0.550710655 -0.517843633 0.460308490
1770731568.401573181 -2.791807601 2.151712776 -0.489134724 -0.505088882 0.516305712 -0.473761127 0.503849211
1770731569.199484825 -2.579625836 2.262811799 -0.498591442 -0.548345952 0.465453528 -0.434578009 0.542043988
1770731569.799995422 -2.468375025 2.383807576 -0.523093912 -0.591746221 0.398569504 -0.385151711 0.585351962
1770731570.400584221 -2.397625668 2.479161281 -0.557183614 -0.632463950 0.354557641 -0.317874600 0.610928777
1770731571.099958420 -2.400893853 2.543604208 -0.578218204 -0.661101527 0.297813864 -0.261632195 0.637024543
1770731573.193945169 -2.438761107 2.628322763 -0.601260893 -0.670853009 0.243147218 -0.231998136 0.661069237
1770731574.594523191 -2.488714619 2.729532566 -0.623038170 -0.682311695 0.188849565 -0.182649414 0.682221214
1770731575.697595596 -2.496735211 2.833640647 -0.636314482 -0.689602855 0.135942176 -0.115354307 0.701898148
1770731576.897182941 -2.556864342 2.883437817 -0.649158640 -0.694082023 0.078568304 -0.057819854 0.713255937
1770731579.498326540 -2.563676580 3.517531554 -0.671784761 -0.718158169 0.005979149 0.014592605 0.695701193
1770731580.894572258 -2.494119384 3.703142170 -0.672083686 -0.718824137 0.062690547 -0.040393702 0.691180226
