1403636579.963555574 -0.118355252 1.142066479 0.348457277 -0.603927076 -0.552618742 -0.405226409 0.407033443
1403636582.463555574 -0.134158045 1.131593704 0.246253818 -0.618340135 -0.565759838 -0.391600609 0.379763514
1403636585.413555384 -0.102459654 1.167740107 0.473272681 -0.612457633 -0.534623206 -0.449053138 0.370708793
1403636588.163555622 0.205388233 1.106236935 0.337055981 -0.715171993 -0.570442140 -0.300652653 0.269690067
1403636590.663555622 -0.296111345 1.064263105 0.356371760 -0.670302570 -0.609436393 -0.291257977 0.307328135
1403636593.263555527 -0.192206532 1.293473601 0.308487862 -0.616555750 -0.648084402 -0.248779237 0.371422321
1403636594.213555574 -0.044126570 0.960356414 0.289932370 -0.737446666 -0.520852506 -0.320982367 0.286103815
1403636594.663555622 0.173085839 1.121398926 0.284784287 -0.740012050 -0.497472376 -0.361075044 0.272998661
1403636596.363555670 -0.026294112 0.919430017 0.255163282 -0.703918397 -0.559786022 -0.325159550 0.292249560
1403636596.563555479 -0.107193083 0.851937950 0.280212522 -0.694478810 -0.563865364 -0.334334821 0.296606481
1403636597.063555479 -0.131688669 0.916758597 0.279700160 -0.685299695 -0.575831831 -0.340387851 0.287955374
1403636598.563555479 -0.126718581 1.088080168 0.214994222 -0.606801867 -0.670032799 -0.283924431 0.319741338
1403636600.513555527 -0.059337087 1.292352438 0.052573979 -0.541103005 -0.585746706 -0.378744692 0.469745547
1403636603.013555527 -0.059336513 1.292311549 0.052546844 -0.541441679 -0.585647106 -0.378434688 0.469729215
1403636605.513555527 -0.059339613 1.292309761 0.052525505 -0.541512668 -0.585543931 -0.378418148 0.469789416
1403636608.013555527 -0.059360623 1.292284131 0.052552894 -0.541407585 -0.585625172 -0.378546864 0.469705611
1403636610.513555527 -0.059318535 1.292366743 0.052479114 -0.541574657 -0.585523248 -0.378346503 0.469801426
1403636613.013555527 -0.058791578 1.292504668 0.052276209 -0.541120172 -0.585736513 -0.379058361 0.469485462
1403636615.513555527 -0.058874361 1.292613149 0.052144796 -0.541263998 -0.585480988 -0.378866613 0.469792843
1403636618.013555527 -0.058850698 1.292536139 0.052175514 -0.541351795 -0.585401118 -0.378768742 0.469870150
1403636620.513555527 -0.058829829 1.292778492 0.052027039 -0.541331530 -0.585324109 -0.378854275 0.469920605
1403636623.013555527 -0.058552831 1.292520642 0.052031875 -0.541682899 -0.584648192 -0.378717482 0.470467091
1403636625.863555670 0.014942124 1.245883107 0.198202819 -0.543522656 -0.614536166 -0.380147129 0.427102625
1403636628.513555527 0.212250262 1.305431843 0.520481825 -0.580384433 -0.570479453 -0.397057205 0.424326181
1403636631.463555574 1.307220459 2.050221920 0.508755744 -0.667887568 -0.472842425 -0.466310531 0.336007178
1403636634.413555384 2.080029488 3.509032488 0.315727770 -0.613372207 -0.545935273 -0.421002060 0.385339469
1403636635.963555574 2.537539244 4.598454952 0.393239468 -0.600046575 -0.562120259 -0.390829861 0.413783759
1403636637.613555431 2.956444502 5.569375038 0.564918458 -0.584579110 -0.581219494 -0.401477754 0.399082571
1403636638.863555670 3.035227776 6.183656693 0.585215747 -0.586510599 -0.584035516 -0.390956819 0.402567416
1403636639.363555670 3.148782730 6.524183750 0.587142944 -0.591214418 -0.574181259 -0.382862717 0.417369962
1403636642.163555622 3.824696779 7.825614452 0.430128038 -0.561366498 -0.585354745 -0.405754864 0.421414882
1403636643.663555622 4.058414459 8.061940193 0.405187219 -0.598415434 -0.574589372 -0.396465719 0.393142462
1403636644.513555527 4.253262043 8.443554878 0.433192372 -0.596359849 -0.552154064 -0.397345632 0.426142246
1403636644.813555479 4.372727871 8.604659081 0.333125859 -0.584785342 -0.560077906 -0.415508062 0.414357245
1403636647.163555622 5.478971481 10.239989281 0.336748183 -0.674378335 -0.457128733 -0.474295914 0.333602428
1403636649.713555574 6.791514397 10.564065933 0.503339052 -0.747573256 -0.308437645 -0.538208008 0.237345144
1403636650.063555479 6.925832748 10.521555901 0.608844578 -0.750362873 -0.291087925 -0.550122857 0.222684011
1403636652.313555479 7.118725777 9.717630386 0.554554999 -0.813083172 -0.073141813 -0.573645353 0.066910937
1403636654.513555527 7.176419258 8.655483246 0.533157885 0.812797248 -0.021796234 0.582013011 0.012097389
1403636654.763555527 7.131433010 8.559780121 0.572434187 0.817257345 -0.059388049 0.572210431 0.033747654
1403636655.113555431 7.075038910 8.438958168 0.569018900 0.806318998 -0.076291054 0.584428132 0.049732026
1403636655.463555574 6.990592480 8.330128670 0.532826543 0.796702981 -0.095576517 0.594134271 0.055982299
1403636657.163555622 6.319863319 7.606640339 0.453950137 0.781732380 -0.183190137 0.584538400 0.116837122
1403636657.513555527 6.139586449 7.454203606 0.427278459 0.795002520 -0.192420751 0.566054523 0.102604307
1403636658.663555622 5.519315243 6.711381912 0.298052907 0.804884493 -0.189025000 0.544588029 0.140905604
1403636658.963555574 5.413736343 6.517200947 0.242121339 0.795697272 -0.185428217 0.557366788 0.147731751
1403636659.313555479 5.309237957 6.341412544 0.143356442 0.788196087 -0.190236956 0.568244755 0.140195116
1403636659.763555527 5.177148342 6.174123764 0.063873827 0.792881548 -0.191274032 0.560600877 0.143107757
1403636662.613555431 5.166757107 6.361557961 -0.543578207 0.799987257 -0.198478520 0.548647165 0.140046462
1403636663.463555574 5.121904373 6.513194084 -0.690208435 0.815423191 -0.203244030 0.523060203 0.142073452
1403636663.813555479 5.199799538 6.503035545 -0.792193651 0.820696592 -0.187801838 0.515078366 0.160878927
1403636664.163555622 5.399875164 6.534728050 -0.825458586 0.803883255 -0.170377135 0.543538153 0.171200737
1403636666.963555574 6.903816223 7.971553802 -0.798938036 0.814426541 -0.184894323 0.542241454 0.092183053
1403636668.913555384 7.689107895 8.566574097 -1.020855427 0.800275445 -0.162577525 0.556786537 0.152041122
1403636669.563555479 8.008849144 8.904690742 -1.071482062 0.784676909 -0.175611436 0.578514636 0.136980966
1403636669.713555574 8.062187195 9.002797127 -1.096263170 0.775375783 -0.171913087 0.591458559 0.139338315
1403636670.063555479 8.126471519 9.250983238 -1.101301074 0.777847350 -0.205822691 0.588011384 0.082663678
1403636670.263555527 8.112590790 9.359666824 -1.074422836 0.771191120 -0.210353360 0.598109305 0.057280786
1403636670.613555431 7.984488010 9.434653282 -1.046784997 0.776893616 -0.188052505 0.600827992 0.008854194
1403636673.163555622 6.376880646 7.199104786 -0.523337126 -0.821367800 -0.138358057 -0.548819005 0.070779704
1403636673.663555622 6.458738804 7.207225800 -0.510754943 -0.821358979 -0.167113096 -0.538691998 0.085167751
1403636675.063555479 6.883467197 7.812597275 -0.782769680 -0.821218669 -0.188878983 -0.517911196 0.147284463
1403636677.813555479 7.978647709 9.836732864 -1.107208848 -0.667301476 -0.451403081 -0.481687278 0.344850034
1403636680.413555384 7.877649784 10.508016586 -0.790556431 -0.386676103 -0.706879497 -0.341512740 0.483913302
1403636682.963555574 6.473105907 9.305473328 -0.710573494 -0.416500300 -0.692663431 -0.315059096 0.497476399
1403636683.463555574 6.187915325 8.993634224 -0.706034839 -0.419049799 -0.694524825 -0.304540068 0.499287486
1403636686.063555479 5.082020760 7.283086300 -0.754254520 -0.418871224 -0.701986015 -0.298031926 0.492888987
1403636688.763555527 4.311382294 5.856188774 -1.049744487 -0.404136896 -0.709851086 -0.304439098 0.490001827
1403636689.363555670 4.110342979 5.559908390 -1.115602136 -0.394961953 -0.724093378 -0.266120940 0.498872221
1403636689.713555574 3.980185986 5.433062553 -1.035023332 -0.398606598 -0.728970408 -0.251078367 0.496663511
1403636689.963555574 3.889297724 5.380908012 -0.987512708 -0.413236409 -0.721044302 -0.234786183 0.504188716
1403636690.413555384 3.760669947 5.410495281 -0.925636470 -0.403918773 -0.727096438 -0.256716043 0.492216796
1403636690.763555527 3.665506124 5.510567188 -0.884087920 -0.420222074 -0.707105041 -0.233708143 0.518455863
1403636691.113555431 3.653025389 5.673236370 -0.933135271 -0.414466321 -0.674262345 -0.237139225 0.563340843
1403636693.913555384 5.050345421 6.117407799 -0.192688555 -0.390376717 -0.731228352 -0.258634448 0.496003479
1403636694.413555384 5.062532425 6.259068966 -0.164681971 -0.381989747 -0.721635103 -0.266319662 0.512250364
1403636695.813555479 5.150749207 6.599329472 -0.160621226 -0.389495224 -0.716662526 -0.280983061 0.505704403
1403636698.263555527 4.892651081 6.395450115 -0.148601830 -0.471948534 -0.669444501 -0.333844572 0.466536760
1403636701.213555574 4.516443729 5.727533817 -0.640450597 -0.748091817 -0.358227611 -0.497978419 0.253079265
1403636702.713555574 4.952105045 5.529088020 -0.812562168 -0.780576766 -0.279082417 -0.527299106 0.186463594
1403636705.113555431 5.985650063 5.736967564 -1.177882910 -0.785673738 -0.303084552 -0.505154371 0.188879669
1403636705.513555527 6.243505001 5.931053162 -1.224011064 -0.771896183 -0.300015122 -0.525066853 0.196142942
1403636705.913555384 6.499928951 6.179845810 -1.288886070 -0.769125223 -0.291241825 -0.529625893 0.207655773
1403636706.163555622 6.663743496 6.339820385 -1.301086783 -0.765764177 -0.278034121 -0.531899512 0.231052443
1403636706.463555574 6.860824585 6.499797344 -1.346852183 -0.762146771 -0.301282525 -0.535269737 0.204566851
1403636709.163555622 8.472367287 8.432140350 -1.406551003 -0.754204035 -0.283385128 -0.560344160 0.192050859
1403636709.663555622 8.632093430 8.729845047 -1.415691972 -0.766633987 -0.285971314 -0.545504272 0.181432903
1403636712.463555574 8.234592438 10.191275597 -1.478202462 -0.698028684 -0.397711188 -0.522601843 0.285428077
1403636715.263555527 6.701452255 9.271893501 -0.885060072 -0.647408307 -0.518537104 -0.437309116 0.347480327
1403636717.963555574 6.254801273 8.232818604 -0.832720160 -0.550650179 -0.601719856 -0.411742538 0.406430364
1403636720.863555670 5.245256424 6.929965496 -1.091648102 -0.498566389 -0.649646997 -0.336929768 0.464616716
1403636723.363555670 5.209031105 6.072665691 -1.133704066 -0.570136011 -0.581989884 -0.406028748 0.413972646
1403636726.263555527 4.883217812 5.219058514 -0.820095956 -0.651639581 -0.493243933 -0.455931872 0.352423698
1403636728.763555527 4.583127499 4.614422321 -0.283934891 -0.631271243 -0.511823297 -0.447329044 0.373403668
1403636731.263555527 3.796868563 3.707479954 -0.131198287 -0.612944484 -0.539504886 -0.411206126 0.405145824
1403636733.763555527 3.480272055 3.007542610 -0.145253941 -0.598368764 -0.559936464 -0.420262545 0.389622003
1403636736.713555574 2.594577312 2.145842314 0.208468735 -0.560713470 -0.589457870 -0.415018618 0.407307446
1403636739.063555479 2.125292778 1.909892678 0.350010246 -0.644341409 -0.502648354 -0.426017195 0.388172954
1403636741.913555384 2.580183744 1.774511933 -0.420420706 -0.722412467 -0.392747343 -0.498936117 0.273738235
1403636744.663555622 3.122408867 2.265142918 -1.334913254 -0.734568834 -0.337460041 -0.516294241 0.282789052
1403636747.413555384 3.293695211 2.572748899 -1.576057792 -0.735139668 -0.354176015 -0.521816254 0.248670220
1403636750.213555574 3.335918188 3.012928724 -0.925678372 -0.732427478 -0.330478936 -0.540728390 0.248890504
1403636751.113555431 3.170280457 2.913594246 -0.525437057 -0.735159695 -0.355167478 -0.522952557 0.244779289
1403636752.113555431 3.033267260 2.881807804 -0.117965877 -0.742784917 -0.367675811 -0.497810394 0.255479783
1403636754.863555670 2.597909212 2.780485392 0.256197840 -0.556402385 -0.588553071 -0.413618773 0.415861964
1403636756.513555527 1.658809066 2.248299360 0.338009506 -0.543406248 -0.603753209 -0.395579457 0.428612322
1403636756.913555384 1.405262828 2.104998827 0.348034978 -0.540367365 -0.604070187 -0.394696623 0.432801217
1403636757.313555479 1.158725977 1.918165445 0.380263686 -0.539546430 -0.606153011 -0.393034071 0.432426095
1403636757.563555479 1.005361557 1.787368059 0.368015409 -0.538266420 -0.616399825 -0.387677938 0.424295127
1403636757.813555479 0.839945495 1.663208127 0.388165861 -0.537862480 -0.637280703 -0.363562822 0.415209949
1403636758.113555431 0.629172742 1.564281702 0.474646807 -0.525090814 -0.631487846 -0.365432322 0.438134789
1403636758.613555431 0.297487259 1.421229959 0.503253460 -0.549485803 -0.633983076 -0.326299906 0.435498923
1403636759.113555431 0.059063599 1.383355737 0.462426901 -0.529818892 -0.617156804 -0.358633608 0.458029896
1403636759.363555670 -0.017136618 1.368390799 0.412339956 -0.539330006 -0.606059670 -0.342285156 0.473978609
1403636759.613555431 -0.040806264 1.349993348 0.343711883 -0.521991611 -0.621155083 -0.365764648 0.455968708
1403636759.963555574 -0.051047131 1.305026770 0.307397008 -0.522296548 -0.629415572 -0.363388956 0.446084023
1403636760.163555622 -0.055476598 1.275911927 0.286545485 -0.530017257 -0.635631859 -0.353566498 0.435940981
1403636760.563555479 -0.059106328 1.236701846 0.231488228 -0.519933939 -0.628401756 -0.368038416 0.446461380
1403636760.963555574 -0.071192518 1.188860059 0.174640790 -0.514873743 -0.635681450 -0.372155488 0.438536674
1403636761.363555670 -0.119495392 1.157124043 0.124769032 -0.529833615 -0.646857142 -0.348624915 0.423453540
1403636761.763555527 -0.187546909 1.177568793 0.126619965 -0.525032878 -0.622344315 -0.358975619 0.456250519
1403636762.263555527 -0.228974670 1.185712814 0.161128297 -0.514990449 -0.641519129 -0.377755404 0.424898833
1403636762.663555622 -0.300177038 1.208479524 0.119165905 -0.544562995 -0.612419486 -0.336417943 0.463914454
1403636763.113555431 -0.275241882 1.195552826 0.060712334 -0.551267922 -0.588441551 -0.375956863 0.456614405
1403636763.463555574 -0.267649949 1.182508111 0.047542304 -0.560855806 -0.580134153 -0.375460625 0.455976278
1403636763.713555574 -0.263502687 1.166994691 0.039849855 -0.561266243 -0.579767823 -0.374927044 0.456376106
