1403636579.963555574 1.179837346 0.306982428 -0.633165538 -0.608455360 -0.547525287 -0.409535587 0.402838498
1403636582.463555574 1.164505005 0.297022641 -0.734990716 -0.622985423 -0.560476243 -0.395745426 0.375687540
1403636585.313555479 1.191711545 0.331494927 -0.456487417 -0.616803885 -0.523319244 -0.453769952 0.373875380
1403636588.013555527 1.464565635 0.266978592 -0.636194408 -0.713278651 -0.565796137 -0.308871955 0.275148124
1403636590.863555670 1.087727547 0.227795020 -0.626386285 -0.684211195 -0.598762155 -0.291801274 0.296969682
1403636593.813555479 1.051940799 0.214506269 -0.692411363 -0.666469336 -0.616940856 -0.249060720 0.336409688
1403636594.213555574 1.251135588 0.125647083 -0.692179680 -0.741757333 -0.514318824 -0.324451804 0.282848328
1403636594.663555622 1.470916033 0.281786084 -0.696667850 -0.744069099 -0.490900666 -0.364413023 0.269408435
1403636596.113555431 1.301161408 0.168709755 -0.741386533 -0.693897724 -0.574143469 -0.321831822 0.292043626
1403636596.513555527 1.204979181 0.031913258 -0.707776785 -0.702298164 -0.555388391 -0.336108118 0.292151242
1403636596.863555670 1.131870151 0.001966693 -0.695135295 -0.691186130 -0.565151095 -0.342715442 0.292253405
1403636599.563555479 1.233983994 0.456793785 -0.913580716 -0.547324240 -0.600235462 -0.374150366 0.447398216
1403636602.163555622 1.242530942 0.456815660 -0.928884804 -0.546084583 -0.581421554 -0.383555084 0.465431035
1403636604.663555622 1.242533207 0.456881702 -0.928967774 -0.546228588 -0.581246078 -0.383380949 0.465624660
1403636607.163555622 1.242512703 0.456848949 -0.928937376 -0.546160400 -0.581299245 -0.383526534 0.465518594
1403636609.663555622 1.242437959 0.456785202 -0.928906739 -0.546255827 -0.581232905 -0.383402705 0.465591490
1403636612.163555622 1.242687583 0.457280576 -0.929078460 -0.546331406 -0.580996573 -0.382933944 0.466183096
1403636614.663555622 1.242989063 0.457007796 -0.929227352 -0.546003580 -0.581214607 -0.383903831 0.465497136
1403636617.163555622 1.243008137 0.456962913 -0.929177165 -0.546117723 -0.581139565 -0.383722007 0.465606689
1403636619.663555622 1.243007541 0.456868023 -0.929231346 -0.546220601 -0.580953896 -0.383629978 0.465793639
1403636622.163555622 1.243149996 0.456750333 -0.929155350 -0.546065986 -0.581130564 -0.383777529 0.465632945
1403636624.763555527 1.276566863 0.432067871 -0.929016650 -0.557121515 -0.588840604 -0.385893196 0.440418988
1403636627.613555431 1.397857308 0.431487739 -0.529518068 -0.549765527 -0.603827357 -0.382545412 0.432214499
1403636629.763555527 1.880346417 0.616099179 -0.452516228 -0.654014349 -0.509768486 -0.431116790 0.355724066
1403636632.063555479 2.840777159 1.405039191 -0.525545597 -0.666725338 -0.474987268 -0.471902847 0.327371627
1403636634.713555574 3.542725325 2.845830917 -0.669211268 -0.602387428 -0.548439264 -0.431888610 0.387060732
1403636635.513555527 3.768709898 3.383838892 -0.671098769 -0.598390818 -0.570508063 -0.398979515 0.396565884
1403636637.813555479 4.349239826 4.783339500 -0.372245580 -0.586719751 -0.576094091 -0.407568723 0.397194266
1403636638.513555527 4.378701210 5.109603882 -0.379522771 -0.602595866 -0.576863527 -0.380358726 0.399291933
1403636638.813555479 4.420288563 5.272690296 -0.401918679 -0.592821181 -0.580985487 -0.393087387 0.395602465
1403636641.463555574 5.120864391 6.736874580 -0.575572312 -0.558282971 -0.592346072 -0.391153246 0.429471165
1403636643.313555479 5.422386169 7.092238426 -0.585400939 -0.595712483 -0.558723688 -0.415687531 0.400197834
1403636643.813555479 5.520143986 7.198494911 -0.539700866 -0.603979826 -0.574652433 -0.397374988 0.383505106
1403636646.763555527 6.731182098 9.087308884 -0.732107699 -0.667883635 -0.451874554 -0.482171565 0.342419863
1403636647.063555479 6.892354965 9.258056641 -0.650003731 -0.674637854 -0.448329508 -0.482987761 0.332546681
1403636649.613555431 8.211350441 9.615804672 -0.507454395 -0.750625432 -0.308710665 -0.537381828 0.229084969
1403636649.813555479 8.294810295 9.598672867 -0.418519795 -0.750650227 -0.295150489 -0.545578659 0.227495492
1403636652.163555622 8.585839272 8.856443405 -0.373682261 -0.799634457 -0.106604889 -0.582458198 0.099812374
1403636654.513555527 8.587450027 7.708930492 -0.422013491 0.811873198 -0.029954167 0.582766116 0.018665673
1403636655.113555431 8.481658936 7.492727280 -0.387224019 0.804812908 -0.084276527 0.584807992 0.056331962
1403636655.463555574 8.397419930 7.385372639 -0.425790966 0.794957757 -0.103564352 0.594453990 0.062778801
1403636655.813555479 8.249889374 7.280204773 -0.457936853 0.806164563 -0.150424317 0.566315532 0.082206346
1403636656.213555574 8.072389603 7.129350185 -0.553233981 0.798340678 -0.201939642 0.554662168 0.119258434
1403636656.863555670 7.839277267 6.813220024 -0.484074801 0.783878565 -0.193742931 0.574767292 0.132818550
1403636659.013555527 6.781167507 5.571944714 -0.731047750 0.791140854 -0.195602775 0.559239924 0.151942283
1403636659.313555479 6.683822155 5.427232265 -0.817968786 0.785544991 -0.198287457 0.567434072 0.147037044
1403636659.613555431 6.588090897 5.311707020 -0.870933294 0.793624222 -0.198907971 0.555905700 0.146850899
1403636662.313555479 6.570955276 5.345040798 -1.494324565 0.785578012 -0.199550122 0.565934598 0.150880352
1403636663.463555574 6.499267578 5.600638866 -1.653580427 0.812652111 -0.211430848 0.522370219 0.148400724
1403636663.813555479 6.575838566 5.587297916 -1.755737066 0.818035305 -0.195999414 0.514312387 0.166988552
1403636665.013555527 7.346037865 5.980024338 -1.930127621 0.797485769 -0.174857751 0.562504590 0.130498201
1403636667.763555527 8.600508690 7.293196201 -1.814969897 0.806992114 -0.180246532 0.551918507 0.107985735
1403636668.613555431 8.950534821 7.508652210 -1.917126656 0.803374529 -0.183552265 0.550882638 0.132009089
1403636669.463555574 9.394990921 7.865636826 -2.013368368 0.786118150 -0.184824407 0.572505534 0.141759545
1403636669.813555479 9.525230408 8.094490051 -2.064351320 0.770381570 -0.184390932 0.595039427 0.135795727
1403636670.263555527 9.552147865 8.384247780 -2.032946110 0.768551588 -0.218026489 0.598157048 0.063254714
1403636670.613555431 9.423476219 8.462671280 -2.006202221 0.774462640 -0.195727289 0.601396799 0.014847249
1403636673.013555527 7.769657135 6.281742096 -1.467284799 -0.819630086 -0.107651711 -0.559902191 0.055922717
1403636673.313555479 7.772295952 6.231487751 -1.482966900 -0.832883596 -0.146636337 -0.529075563 0.069870800
1403636674.313555479 8.060884476 6.503940582 -1.502113938 -0.805913568 -0.150644392 -0.564031303 0.098378703
1403636677.263555527 9.347805023 8.447098732 -2.022687435 -0.710563600 -0.403891921 -0.507609904 0.272585690
1403636677.663555622 9.420568466 8.762290955 -2.077114820 -0.675744534 -0.425833076 -0.510723770 0.318114519
1403636680.363555670 9.357883453 9.541994095 -1.764962077 -0.392262071 -0.701521158 -0.343880475 0.485535562
1403636681.513555527 8.785263062 9.047069550 -1.753004789 -0.426998317 -0.691114008 -0.313126922 0.491920114
1403636683.413555384 7.659013271 8.087156296 -1.671693206 -0.423939049 -0.691459954 -0.311619252 0.495027602
1403636685.263555527 6.800926208 6.924429893 -1.692326546 -0.413508356 -0.703075230 -0.306047231 0.490949273
1403636688.163555622 5.836846828 5.247985363 -1.878852129 -0.415455759 -0.699684322 -0.304095000 0.495343000
1403636689.263555527 5.542342663 4.703567505 -2.108296871 -0.402535856 -0.719121575 -0.275122344 0.495112985
1403636689.863555670 5.314794540 4.500173092 -1.991217852 -0.413641900 -0.724146545 -0.245020494 0.494446248
1403636690.113555431 5.232473373 4.481228828 -1.957875133 -0.416997194 -0.719034970 -0.246396288 0.498388469
1403636690.513555527 5.122437954 4.540284157 -1.892392039 -0.411237419 -0.720869720 -0.259962320 0.493609339
1403636690.763555527 5.057030678 4.619647026 -1.870999813 -0.425535321 -0.704060376 -0.239361033 0.515679300
1403636691.113555431 5.048792362 4.782994270 -1.918895125 -0.419541299 -0.671289146 -0.243059799 0.560605109
1403636693.663555622 6.428825378 5.141848564 -1.198633075 -0.405366212 -0.740893304 -0.252599120 0.472174764
1403636694.663555622 6.474329472 5.401312828 -1.131110549 -0.389249951 -0.721742868 -0.271160960 0.504027247
1403636695.163555622 6.497728348 5.522496700 -1.177676439 -0.399281055 -0.714121282 -0.265935272 0.509788215
1403636698.113555431 6.349006176 5.526237011 -1.124038100 -0.466829866 -0.673384666 -0.333673418 0.466138542
1403636700.913555384 5.848174572 4.889330387 -1.571496367 -0.739946067 -0.346150875 -0.515135705 0.259412229
1403636703.713555574 6.707071781 4.670266628 -1.999479175 -0.775263488 -0.270978332 -0.537490606 0.191418841
1403636705.013555527 7.291166306 4.770198822 -2.119531155 -0.791374326 -0.294186443 -0.503649712 0.183079377
1403636705.463555574 7.581642151 4.965322018 -2.181630611 -0.772122920 -0.292126983 -0.530854285 0.191525131
1403636705.763555527 7.774234772 5.136562824 -2.225800753 -0.776006401 -0.290934503 -0.526140749 0.190649599
1403636706.313555479 8.142926216 5.468582153 -2.276495934 -0.764130533 -0.283642381 -0.539731443 0.210574299
1403636706.613555431 8.333950043 5.619724751 -2.330185413 -0.766062856 -0.297116548 -0.535853267 0.194244266
1403636709.463555574 10.005270958 7.615951061 -2.360169649 -0.766350150 -0.276322395 -0.551837504 0.178405955
1403636712.413555384 9.718405724 9.196720123 -2.455689430 -0.705489159 -0.385570049 -0.525329888 0.278656304
1403636715.063555479 8.202198029 8.369587898 -1.904175520 -0.666014075 -0.493124723 -0.449982136 0.332820356
1403636717.813555479 7.737354279 7.358840942 -1.791061163 -0.566414416 -0.585801482 -0.419895262 0.399624139
1403636720.763555527 6.667515755 6.039185047 -2.072066784 -0.499262631 -0.648437619 -0.337345958 0.465256184
1403636723.263555527 6.615509510 5.187441349 -2.112031221 -0.574859262 -0.577172279 -0.407430738 0.412806660
1403636726.213555574 6.268649101 4.310805321 -1.793073535 -0.656179070 -0.486748844 -0.459528148 0.348336697
1403636728.713555574 5.967270374 3.712258339 -1.265539646 -0.639960587 -0.500051260 -0.451724052 0.369248688
1403636731.613555431 5.119072437 2.769131184 -1.127237439 -0.614118457 -0.536627114 -0.421403140 0.396622241
1403636734.463555574 4.570300102 1.802934527 -1.065592051 -0.601658702 -0.552835226 -0.424023658 0.390620023
1403636736.963555574 3.854158163 1.217633963 -0.775730371 -0.562986851 -0.587309361 -0.415845484 0.406430960
1403636738.963555574 3.440847874 1.028438926 -0.613668203 -0.631696105 -0.519138217 -0.422142595 0.391473264
1403636741.563555479 3.869649887 0.920004487 -1.310065269 -0.732321620 -0.379727364 -0.492963105 0.276585817
1403636744.513555527 4.413471699 1.339946628 -2.202995777 -0.738341331 -0.334875405 -0.518711209 0.271384120
1403636747.213555574 4.640524387 1.639601946 -2.613698959 -0.742027104 -0.346905887 -0.516701579 0.249141872
1403636750.163555622 4.686248779 2.120857000 -1.910682321 -0.733837843 -0.323077917 -0.545906544 0.243082002
1403636751.613555431 4.399211884 2.004347801 -1.278820872 -0.745945096 -0.333829015 -0.513921261 0.260785639
1403636752.113555431 4.374251366 1.994368434 -1.103643537 -0.745261073 -0.361242443 -0.501136601 0.250902444
1403636754.963555574 3.888735056 1.874988079 -0.730331004 -0.553995967 -0.590637863 -0.412775636 0.416955352
1403636756.313555479 3.110675097 1.441169262 -0.655216455 -0.550263226 -0.598790526 -0.399731517 0.422936261
1403636756.763555527 2.822189569 1.300186515 -0.639684319 -0.545932472 -0.599252462 -0.400163203 0.427461922
1403636757.163555622 2.568316698 1.130239367 -0.600934684 -0.545923650 -0.599977314 -0.396222591 0.430118859
1403636757.463555574 2.382580280 0.981386840 -0.607232451 -0.544698596 -0.605627298 -0.396326423 0.423608840
1403636757.863555670 2.115269899 0.788018167 -0.579992831 -0.542968988 -0.634658933 -0.364291459 0.411927760
1403636758.113555431 1.936702967 0.711878061 -0.505574703 -0.530415773 -0.627177954 -0.369942307 0.434107840
1403636758.513555527 1.663957715 0.599985659 -0.470838189 -0.542017877 -0.626982331 -0.349756986 0.436783493
1403636759.013555527 1.402223229 0.546658397 -0.504643023 -0.532583177 -0.618210077 -0.367393017 0.446311504
1403636759.313555479 1.294757962 0.532113016 -0.557335734 -0.547884047 -0.598975003 -0.342317730 0.473149717
1403636759.563555479 1.263247371 0.516531348 -0.624181926 -0.530436158 -0.614168048 -0.366604745 0.455012321
1403636759.863555670 1.252145052 0.482540309 -0.667059839 -0.523665488 -0.620222986 -0.373566121 0.448939055
1403636760.113555431 1.246022463 0.445632398 -0.689023077 -0.534052610 -0.629737914 -0.359857708 0.434419721
1403636760.563555479 1.240729094 0.400514603 -0.749872804 -0.525276840 -0.624092937 -0.372645140 0.442411542
1403636761.013555527 1.223850608 0.347162277 -0.813624442 -0.522349477 -0.632350802 -0.373378098 0.433442444
1403636761.463555574 1.163172483 0.326728225 -0.859685183 -0.529529810 -0.636351049 -0.361940295 0.428549558
1403636761.713555574 1.120126367 0.341927469 -0.856651068 -0.527689159 -0.620757759 -0.367182344 0.448755145
1403636761.963555574 1.090056062 0.350614548 -0.844979227 -0.532977164 -0.616614580 -0.361441463 0.452859849
1403636762.413555384 1.047174811 0.354934603 -0.822526515 -0.533032179 -0.640442431 -0.365340531 0.415013969
1403636762.813555479 0.987290323 0.398706228 -0.906392217 -0.537474394 -0.613074183 -0.358653873 0.454564393
1403636763.213555574 1.026928067 0.360499769 -0.921150267 -0.562151551 -0.573857069 -0.385288596 0.454121560
1403636763.313555479 1.028315306 0.361616641 -0.927075088 -0.565376699 -0.574959636 -0.380992144 0.452344656
1403636763.463555574 1.029263496 0.354642570 -0.932567954 -0.565935016 -0.575533271 -0.380169332 0.451608628
