1403636579.763556 0.000000000 0.000000000 0.000000000 0.000000000 0.000000000 0.000000000 1.000000000
1403636579.963555574 -0.000393353 0.079656324 0.028013383 -0.011880772 0.005807153 -0.002947643 0.999908214
1403636580.113555431 -0.002587069 0.155634063 0.050609447 -0.023196731 0.005697682 0.001465652 0.999713609
1403636580.263555527 -0.004444730 0.224815697 0.068616970 -0.029612206 0.004774507 0.002192628 0.999547655
1403636580.413555384 -0.006505634 0.278256753 0.077934840 -0.046838729 0.003852995 -0.002330791 0.998892314
1403636580.563555479 -0.009185806 0.295944706 0.078322982 -0.070749548 0.002298020 -0.001900100 0.997489654
1403636580.663555622 -0.010931275 0.267436569 0.069540446 -0.072109550 0.000512224 -0.001450820 0.997395531
1403636580.813555479 -0.011781790 0.177401169 0.049286641 -0.056129920 0.007284000 -0.009188487 0.998354620
1403636580.963555574 -0.014490434 0.062974106 0.025799572 -0.033501545 0.020084772 -0.018629817 0.999063150
1403636581.113555431 -0.018667171 -0.037695741 0.002006491 -0.013187897 0.019760181 -0.018109584 0.999553729
1403636581.263555527 -0.018108077 -0.114346143 -0.016581913 0.011584389 0.020759449 -0.010558775 0.999661622
1403636581.663555622 -0.008056570 -0.033295528 0.000925439 0.000145891 0.024818509 -0.014928107 0.999580498
1403636581.813555479 -0.001856267 0.062317254 0.025364460 -0.006534974 0.019912212 -0.014925145 0.999668964
1403636582.113555431 0.000173456 0.236274025 0.066831812 -0.045703478 0.022425477 -0.010900119 0.998643819
1403636582.263555527 -0.004373005 0.259223807 0.069396544 -0.062547182 0.018198746 -0.011162803 0.997813634
1403636582.413555384 -0.010135413 0.207756707 0.056637432 -0.054547377 0.015128009 -0.010147397 0.998345009
1403636582.563555479 -0.014015649 0.118750203 0.034275510 -0.035075259 0.018302650 -0.011734826 0.999148154
1403636582.713555574 -0.013756172 0.022169317 0.008753331 -0.027230532 0.025003672 -0.013351975 0.999227221
1403636582.863555670 -0.008711754 -0.074012322 -0.013354657 -0.012259668 0.034853752 -0.006686440 0.999294855
1403636583.013555527 -0.004815044 -0.149219959 -0.031938421 0.012837913 0.041504964 -0.003407961 0.999050005
1403636583.363555670 0.002848051 -0.088331539 -0.014137650 0.013121572 0.042351161 -0.011260310 0.998953157
1403636583.513555527 0.008452777 0.006239822 0.014164543 0.004357827 0.036302811 -0.012986729 0.999246947
1403636583.813555479 0.014564679 0.196468849 0.064571332 -0.046324168 0.031293064 -0.004390756 0.998426531
1403636583.963555574 0.014852944 0.259422563 0.077987052 -0.062469600 0.030351333 -0.010581905 0.997529132
1403636584.263555527 0.007797814 0.223967121 0.063859179 -0.062262574 0.017876002 -0.013937577 0.997802367
1403636584.413555384 0.006274230 0.136511606 0.046300959 -0.056330544 0.022756579 -0.018855445 0.997974689
1403636584.713555574 0.002910621 -0.076771023 0.004991372 -0.011220528 0.039409721 -0.019255914 0.998974566
1403636584.863555670 0.000094938 -0.158050282 -0.019425172 0.013991897 0.046044228 -0.016079984 0.998711966
1403636585.363555670 0.008720301 -0.071128046 0.013607917 0.001408088 0.062214615 -0.019194466 0.997877213
1403636585.513555527 0.015595659 0.008137966 0.035462165 -0.012404691 0.056595780 -0.024394191 0.998022026
1403636585.663555622 0.017847981 0.072621764 0.036653643 -0.031317401 0.037664920 -0.022519073 0.998545675
1403636585.813555479 0.017206909 0.105718301 0.026673747 -0.054548498 0.022737686 -0.012396082 0.998175233
1403636586.113555431 0.014221409 0.113071619 0.004076799 -0.118874469 0.033801317 0.000829848 0.992333433
1403636586.413555384 0.004208483 0.108591479 -0.023516482 -0.176811544 0.044714449 0.014227839 0.983125559
1403636586.713555574 0.020120696 0.104173607 -0.047208927 -0.203528191 0.040671602 0.013718751 0.978127748
1403636587.163555622 0.042014086 0.096107752 -0.029923146 -0.191206793 0.025781463 0.003299214 0.981205582
1403636587.363555670 0.068828968 0.092320828 -0.017322598 -0.195269600 0.027219899 0.005225770 0.980357869
1403636587.513555527 0.106851935 0.089277934 -0.008522478 -0.197833791 0.029923929 0.010593132 0.979721458
1403636587.613555431 0.140021808 0.086069536 -0.003760507 -0.198013406 0.032696326 0.014219957 0.979550629
1403636587.713555574 0.177047413 0.081622665 0.001503180 -0.192473126 0.037850087 0.018190275 0.980403274
1403636587.813555479 0.215265651 0.076761040 0.006573247 -0.185976958 0.044560191 0.023242563 0.981267927
1403636587.913555384 0.251989211 0.075677061 0.010534456 -0.186035115 0.051236070 0.026689759 0.980843238
1403636588.013555527 0.285839049 0.078248508 0.013769190 -0.194974695 0.060824833 0.027511819 0.978533754
1403636588.163555622 0.324491329 0.083395084 0.017798881 -0.205155158 0.066228456 0.030244312 0.976017640
1403636588.763555527 0.294066418 0.088121199 0.007539708 -0.200108114 0.058924753 0.031179903 0.977503161
1403636588.863555670 0.262729655 0.090138116 0.002721876 -0.202232018 0.054440539 0.030241902 0.977355547
1403636588.963555574 0.225046478 0.090564839 -0.002441658 -0.201679528 0.049115395 0.029246849 0.977782014
1403636589.063555479 0.182998749 0.089735380 -0.009181868 -0.197301404 0.043045655 0.026741535 0.979032235
1403636589.163555622 0.138462775 0.087248756 -0.015755341 -0.192224232 0.037821593 0.023534475 0.980339482
1403636589.263555527 0.091413192 0.084736538 -0.022303130 -0.191355368 0.033500043 0.021737778 0.980708081
1403636589.363555670 0.042860312 0.085486424 -0.027643532 -0.194969221 0.028272247 0.018443521 0.980228300
1403636589.463555574 -0.005008618 0.087867910 -0.031990706 -0.197122960 0.024805256 0.014352502 0.979959817
1403636589.563555479 -0.052804197 0.090800027 -0.035998205 -0.195006996 0.021529504 0.013407999 0.980473854
1403636589.663555622 -0.100089037 0.094499936 -0.039759856 -0.192484822 0.018987869 0.011067865 0.981053799
1403636589.763555527 -0.145985677 0.099069849 -0.043239238 -0.192189016 0.014223089 0.010089797 0.981202977
1403636589.863555670 -0.187012129 0.105341276 -0.046216653 -0.197500275 0.006409008 0.008276898 0.980246938
1403636589.963555574 -0.221511961 0.111658040 -0.048487942 -0.202427053 -0.002670375 0.008146848 0.979259815
1403636590.113555431 -0.258821484 0.115904793 -0.051955833 -0.195742829 -0.013308002 0.007330755 0.980537558
1403636590.513555527 -0.226939640 0.109934107 -0.061972834 -0.190672413 -0.004743810 0.002666536 0.981638639
1403636590.613555431 -0.192356139 0.105681997 -0.064344664 -0.187895697 0.001558176 0.001812443 0.982186079
1403636590.713555574 -0.152685888 0.103208591 -0.065332572 -0.186949431 0.008006545 0.002175790 0.982334501
1403636590.813555479 -0.109600058 0.101439602 -0.063989271 -0.191245280 0.012021956 0.005309128 0.981454293
1403636590.913555384 -0.062944959 0.101200708 -0.060969734 -0.196856761 0.014741250 0.008624867 0.980283491
1403636591.013555527 -0.014902685 0.101013694 -0.056771874 -0.198139815 0.016596144 0.009454361 0.979987651
1403636591.113555431 0.030754148 0.100221311 -0.051783001 -0.196438207 0.014915023 0.010899114 0.980342176
1403636591.263555527 0.092795535 0.099315127 -0.043187979 -0.198322177 0.016746008 0.014333857 0.979888986
1403636591.363555670 0.126521013 0.101719128 -0.037011448 -0.201059684 0.020849508 0.015807628 0.979229503
1403636591.513555527 0.161312238 0.109508111 -0.025780696 -0.200532996 0.026939163 0.018438891 0.979142894
1403636591.713555574 0.189389924 0.117440007 -0.003131605 -0.171033330 0.053527241 0.019390090 0.983619062
1403636592.013555527 0.210712623 0.109120992 0.022417828 -0.138906498 0.083160132 0.026049272 0.986463792
1403636592.213555574 0.237659579 0.099537124 0.058133551 -0.154859356 0.101677250 0.040656542 0.981848951
1403636592.413555384 0.253017162 0.084068027 0.108021713 -0.169764358 0.097239406 0.045929683 0.979599421
1403636592.563555479 0.241233744 0.066843013 0.152374923 -0.163350891 0.077288747 0.039975119 0.982723219
1403636592.713555574 0.208139361 0.054154895 0.196591466 -0.152430423 0.051155179 0.025088239 0.986670509
1403636592.813555479 0.172412771 0.048595744 0.218563331 -0.152064497 0.026575978 0.016948616 0.987867830
1403636592.913555384 0.124913734 0.048276812 0.229881477 -0.156446377 -0.002993516 0.010712752 0.987623819
1403636593.063555479 0.038091413 0.054695707 0.220839074 -0.165076623 -0.045809327 -0.000074608 0.985216326
1403636593.163555622 -0.023285182 0.062944307 0.196492309 -0.168025061 -0.072131689 -0.007233736 0.983113560
1403636593.213555574 -0.053604926 0.067613153 0.180227720 -0.168412845 -0.083597230 -0.007265659 0.982138395
1403636593.313555479 -0.107249401 0.078159223 0.140667748 -0.171074446 -0.102956216 -0.005778307 0.979847010
1403636593.413555384 -0.145594392 0.092982642 0.096557168 -0.175360697 -0.109815420 -0.007805586 0.978329327
1403636593.513555527 -0.164058527 0.111587162 0.051450883 -0.178470588 -0.105983694 -0.008959247 0.978179655
1403636593.613555431 -0.165233557 0.131675180 0.008433462 -0.184244092 -0.096020265 -0.002604043 0.978175568
1403636593.713555574 -0.150320287 0.150391933 -0.031594351 -0.193427846 -0.078691170 0.007946190 0.977921380
1403636593.813555479 -0.120090552 0.166725753 -0.065668307 -0.197838236 -0.049057397 0.021309493 0.978774392
1403636593.863555670 -0.099701280 0.172722433 -0.079732430 -0.196027027 -0.031045191 0.029534998 0.979661822
1403636593.963555574 -0.052987703 0.180985492 -0.102713333 -0.185820163 0.008909178 0.044012282 0.981557137
1403636594.063555479 0.001010814 0.183639416 -0.116831782 -0.175812187 0.049564309 0.055501700 0.981607363
1403636594.163555622 0.057691550 0.182789889 -0.116735827 -0.172554037 0.084276579 0.067141163 0.979088672
1403636594.263555527 0.116094351 0.178240257 -0.103028125 -0.174241703 0.110578229 0.073142111 0.975736909
1403636594.363555670 0.173818022 0.170224841 -0.075075589 -0.174137514 0.128723783 0.072456944 0.973579121
1403636594.463555574 0.228115958 0.157956605 -0.035066473 -0.167688842 0.139213746 0.066849187 0.973668923
1403636594.563555479 0.271131697 0.142432922 0.010898544 -0.156426345 0.141508237 0.063394861 0.975442109
1403636594.713555574 0.295311472 0.119225774 0.080048506 -0.145769501 0.135790933 0.063750295 0.977879325
1403636594.863555670 0.258858475 0.105079275 0.135797763 -0.139837032 0.108542412 0.053163208 0.982770483
1403636595.013555527 0.168420971 0.101173853 0.172707747 -0.134963651 0.058727664 0.031015918 0.988622217
1403636595.113555431 0.091215127 0.104126982 0.179676495 -0.137935551 0.018285512 0.016625159 0.990132833
1403636595.213555574 0.014177323 0.111545991 0.174206664 -0.143773788 -0.019446075 0.006915877 0.989395330
1403636595.263555527 -0.019099507 0.115002650 0.165016135 -0.146496795 -0.036961008 0.002922991 0.988516074
1403636595.313555479 -0.049421992 0.120906238 0.155546714 -0.149088976 -0.051938903 -0.000432248 0.987458678
1403636595.413555384 -0.090524956 0.131206984 0.128943195 -0.152683170 -0.071501047 -0.005784781 0.985668294
1403636595.513555527 -0.105799267 0.141819160 0.099154212 -0.156224698 -0.079168881 -0.007854648 0.984512284
1403636595.613555431 -0.093945786 0.153802542 0.068105741 -0.160945975 -0.080137303 -0.009775602 0.983655856
1403636595.713555574 -0.058647836 0.166642091 0.039244540 -0.164332618 -0.069593392 -0.008976111 0.983905981
1403636595.813555479 -0.008084460 0.180246146 0.014533508 -0.164544257 -0.044625394 -0.008267673 0.985325026
1403636595.913555384 0.048920250 0.192783896 -0.008438378 -0.164848079 -0.012966169 -0.002283107 0.986231097
1403636596.013555527 0.100988281 0.205821676 -0.032060449 -0.167878337 0.018406359 0.005264597 0.985621811
1403636596.113555431 0.135541413 0.217618972 -0.060639288 -0.172481122 0.046238971 0.015276412 0.983808341
1403636596.213555574 0.144142811 0.226490735 -0.091553154 -0.173346187 0.061186734 0.023888501 0.982668114
1403636596.363555670 0.109154397 0.230581017 -0.144654850 -0.168419446 0.066624217 0.031948117 0.982942227
1403636596.463555574 0.070471372 0.231943533 -0.184886051 -0.162801027 0.066670016 0.028543151 0.983989951
1403636596.613555431 0.016050596 0.234935979 -0.234550989 -0.157948709 0.063551025 0.020458189 0.985187766
1403636596.813555479 -0.019874023 0.237110960 -0.251131757 -0.158082627 0.060409028 0.014674960 0.985467035
1403636597.013555527 -0.003951125 0.222689862 -0.187166799 -0.154810811 0.063481539 0.004855877 0.985890525
1403636597.113555431 0.013435815 0.209182298 -0.133417763 -0.166025868 0.060713822 0.004351310 0.984240981
1403636597.213555574 0.031589708 0.189875846 -0.073829792 -0.174223173 0.049580171 0.000540617 0.983457066
1403636597.313555479 0.047493271 0.164628703 -0.012031887 -0.173780283 0.035408266 -0.006655746 0.984125180
1403636597.363555670 0.053352881 0.151334143 0.018979446 -0.171431338 0.027475876 -0.009554578 0.984766512
1403636597.463555574 0.060576992 0.128033595 0.078400915 -0.167364436 0.010920454 -0.018758637 0.985656128
1403636597.563555479 0.057177291 0.111296889 0.124511029 -0.162229782 -0.009682287 -0.026945917 0.986337502
1403636597.663555622 0.042441470 0.103331571 0.151373783 -0.153804117 -0.034224739 -0.029162932 0.987077750
1403636597.813555479 0.007560213 0.107152446 0.149413642 -0.140785750 -0.062372041 -0.033690989 0.987498870
1403636597.963555574 -0.020295034 0.125192231 0.107577664 -0.136307738 -0.074820678 -0.045515140 0.986787940
1403636598.063555479 -0.030731919 0.142532640 0.068216397 -0.142138401 -0.077455815 -0.049754823 0.985556558
1403636598.163555622 -0.034599766 0.163668273 0.027532659 -0.155617283 -0.076304067 -0.049678639 0.983612212
1403636598.263555527 -0.030464712 0.186321095 -0.004641219 -0.174512593 -0.071047738 -0.052501234 0.980684044
1403636598.363555670 -0.021371452 0.206667286 -0.021543849 -0.186384502 -0.063457051 -0.055668023 0.978843752
1403636598.513555527 -0.003443236 0.226760010 -0.010189036 -0.185420932 -0.055843807 -0.058210357 0.979342688
1403636598.663555622 0.012797140 0.231591288 0.034957536 -0.164570916 -0.066511406 -0.057956225 0.982412196
1403636598.763555527 0.021377705 0.235378574 0.072478976 -0.144153468 -0.079409617 -0.056372717 0.984751749
1403636598.863555670 0.029427233 0.243682463 0.110123178 -0.121209985 -0.089366500 -0.052960351 0.987176261
1403636598.963555574 0.036856613 0.256736180 0.145420497 -0.101280736 -0.090991604 -0.051018451 0.989373467
1403636599.063555479 0.041991661 0.270072916 0.173436610 -0.084684171 -0.093846999 -0.049083779 0.990763400
1403636599.163555622 0.045041713 0.277994251 0.193227243 -0.062927282 -0.102670485 -0.043067394 0.991788348
1403636599.313555479 0.047044379 0.283688706 0.218518718 -0.017691038 -0.103718095 -0.035921333 0.993800403
1403636599.513555527 0.048972211 0.295714912 0.244798483 -0.000861249 -0.091229365 -0.035600531 0.995192978
1403636599.763555527 0.053037898 0.309102927 0.257071620 0.001042579 -0.083549289 -0.032403906 0.995976112
1403636600.813555479 0.057633505 0.310663004 0.256096298 0.019624374 -0.085507976 -0.019556129 0.995952222
1403636621.813555479 0.058284917 0.310955126 0.256382372 0.019929064 -0.085515165 -0.019190316 0.995952670
1403636622.863555670 0.058328020 0.310886421 0.256405495 0.019981402 -0.085300375 -0.019097643 0.995971822
1403636623.913555384 0.058693156 0.310585781 0.256600097 0.019708604 -0.083947716 -0.018565022 0.996102250
1403636624.563555479 0.072102499 0.313090025 0.248464857 -0.005059508 -0.073092997 -0.020485412 0.997101882
1403636624.763555527 0.094190046 0.317948266 0.237633773 -0.000499908 -0.067875731 -0.030919480 0.997214431
1403636624.913555384 0.118438682 0.320404846 0.220571269 -0.013085219 -0.061246367 -0.053606006 0.996596235
1403636625.013555527 0.133317370 0.312866526 0.203172516 -0.025008306 -0.057476801 -0.066584135 0.995809999
1403636625.113555431 0.143326957 0.296515307 0.183991843 -0.036524784 -0.056409486 -0.071423602 0.995179672
1403636625.263555527 0.148120001 0.257705004 0.159474452 -0.034462392 -0.061348818 -0.059643542 0.995736569
1403636625.413555384 0.149253472 0.239399294 0.149736369 -0.030162392 -0.065065923 -0.055265467 0.995892757
1403636625.763555527 0.140050331 0.225555312 0.168370752 -0.026060555 -0.068831470 -0.057466358 0.995630802
1403636625.913555384 0.126783435 0.164398147 0.171636978 -0.011331748 -0.071860977 -0.053238341 0.995928346
1403636626.063555479 0.111313284 0.089028045 0.169459640 -0.004881761 -0.074801635 -0.047377470 0.996060369
1403636626.213555574 0.097747227 0.020103818 0.166569648 -0.004130170 -0.080156284 -0.033320409 0.996216674
1403636626.613555431 0.106528392 -0.040554199 0.185640359 0.009699633 -0.079190427 -0.044936393 0.995798933
1403636627.113555431 0.159899908 0.003871921 0.176135707 -0.018864562 -0.081192954 -0.055797858 0.994956497
1403636627.813555479 0.231457916 -0.045778790 0.116803755 -0.028026890 -0.053770958 -0.041995268 0.997276078
1403636628.163555622 0.274544971 -0.053349666 0.133837677 -0.023729338 -0.024353079 -0.035196397 0.998801812
1403636628.913555384 0.397751847 -0.167639708 0.184552375 -0.019215056 -0.010729313 -0.023435322 0.999483091
1403636629.213555574 0.480824384 -0.211361987 0.207457763 -0.027035926 0.011462957 -0.020011350 0.999368403
1403636629.413555384 0.536308542 -0.234950558 0.243321441 -0.017106490 0.026311323 -0.006839593 0.999484018
1403636629.663555622 0.618121396 -0.232898006 0.299351708 -0.019846121 0.059217691 0.012516560 0.997969304
1403636629.863555670 0.698117694 -0.206345438 0.358174980 -0.034819591 0.102765472 0.021846829 0.993855910
1403636630.063555479 0.783912579 -0.197128329 0.429043869 -0.035117377 0.136343724 0.030838211 0.989558570
1403636630.263555527 0.872364200 -0.222331837 0.507572206 -0.010260447 0.152876799 0.032909858 0.987643837
1403636630.563555479 1.003853427 -0.300990401 0.600018855 -0.015347943 0.157346322 0.027131546 0.987051394
1403636631.013555527 1.179922142 -0.398614881 0.751565987 -0.017844520 0.145567465 0.026862755 0.988822572
1403636632.063555479 1.539272101 -0.463205719 1.184823563 -0.012606988 0.140125920 0.014544991 0.989946581
1403636632.863555670 1.682755449 -0.495967080 1.516521317 -0.029216256 0.086539333 0.016477867 0.995683601
1403636633.163555622 1.744264071 -0.541046929 1.652027641 -0.018183389 0.041149463 -0.020111708 0.998785065
1403636633.913555384 1.880625520 -0.609463540 2.079938280 -0.030379187 0.031763694 -0.002397875 0.999030742
1403636634.463555574 2.032275162 -0.759080827 2.448362568 -0.014050029 0.034400841 -0.012558226 0.999230439
1403636634.813555479 2.135704974 -0.827523897 2.689438490 -0.009949418 0.018223921 -0.025655470 0.999455199
1403636635.113555431 2.209251616 -0.904545120 2.872815006 -0.019494820 0.002112235 -0.033687348 0.999240038
1403636635.463555574 2.276706768 -0.974582825 3.102616620 -0.027732892 -0.008416497 -0.024272152 0.999285200
1403636635.713555574 2.326487233 -1.054452884 3.271252524 -0.025244137 -0.009046207 -0.018000954 0.999478297
1403636635.863555670 2.362801217 -1.128438857 3.370570258 -0.015738189 -0.010722491 -0.007601834 0.999789753
1403636636.113555431 2.441066148 -1.254339745 3.531963946 -0.032299917 -0.006125626 -0.013915762 0.999362569
1403636636.263555527 2.495300084 -1.336370064 3.634508775 -0.019401017 -0.002081258 -0.026032609 0.999470646
1403636636.413555384 2.550235201 -1.426774007 3.733849331 0.002087151 -0.001211396 -0.030020105 0.999546382
1403636636.563555479 2.602585947 -1.508115086 3.822272148 0.012925144 0.000784661 -0.037094063 0.999227880
1403636636.813555479 2.673833517 -1.582775483 3.966388812 0.012822076 0.008225805 -0.058835731 0.998151435
1403636637.063555479 2.709473726 -1.609786054 4.093403723 0.001548014 -0.000908445 -0.042170680 0.999108809
1403636637.463555574 2.732066457 -1.625296926 4.270824673 -0.019458709 -0.008310959 -0.034416646 0.999183557
1403636637.763555527 2.734956640 -1.706644353 4.390693173 -0.020791741 -0.012227736 -0.032761167 0.999172103
1403636638.013555527 2.735050244 -1.808683055 4.483068705 -0.010785448 -0.014021324 -0.033515367 0.999281640
1403636638.463555574 2.736025351 -1.834391085 4.686328264 -0.033087082 -0.020875175 -0.018312080 0.999066634
1403636638.813555479 2.765136616 -1.859737132 4.876991626 -0.033421049 -0.018780652 -0.028131007 0.998868844
1403636639.013555527 2.786849013 -1.928601371 4.997208817 -0.023048627 -0.022994838 -0.018546006 0.999297775
1403636639.313555479 2.846510473 -1.997552358 5.191960145 -0.024541590 -0.028092809 -0.003564265 0.999297654
1403636639.613555431 2.945515889 -1.994165419 5.425850361 -0.019066478 -0.015997490 -0.042156297 0.998800979
1403636639.913555384 3.027696203 -2.015975921 5.651241057 -0.004622630 -0.020738468 -0.032730566 0.999238339
1403636640.213555574 3.097452598 -2.075705264 5.831624793 -0.002079911 -0.035240236 -0.041144428 0.998529387
1403636640.513555527 3.164821306 -2.146301947 5.982457944 -0.005245713 -0.050764729 -0.048726898 0.997507451
1403636641.313555479 3.310259229 -2.207158846 6.322663095 -0.006465504 -0.055892268 -0.046608602 0.997327373
1403636642.263555527 3.457725512 -2.308599425 6.580441083 0.000309760 -0.025860926 -0.037002363 0.998980451
1403636643.313555479 3.604668156 -2.314719255 6.749910431 -0.011183672 0.002212081 -0.019897478 0.999737027
1403636644.213555574 3.765111361 -2.477687442 6.997699854 -0.043201441 -0.002046569 -0.025493984 0.998738957
1403636644.613555431 3.856507240 -2.501267372 7.241472980 -0.000521085 -0.012839232 0.009913875 0.999868290
1403636644.963555574 4.001551975 -2.435075304 7.451085936 -0.006670334 0.002673796 -0.027054187 0.999608137
1403636645.163555622 4.084123139 -2.401569002 7.553922372 -0.047519186 0.004372316 -0.024523372 0.998559670
1403636645.513555527 4.218625135 -2.439386246 7.781034756 -0.044000198 0.006315363 -0.024264410 0.998716845
1403636646.013555527 4.393645441 -2.550454042 8.196152393 -0.028145757 0.009163666 -0.017504283 0.999408547
1403636646.163555622 4.448161704 -2.622723715 8.325328068 -0.017561648 0.027084221 -0.001377019 0.999477932
1403636646.313555479 4.513948339 -2.692320734 8.457367113 -0.006226333 0.059266976 0.019558830 0.998031117
1403636646.463555574 4.584888172 -2.745574908 8.583602974 0.007058210 0.099761561 0.031773775 0.994478878
1403636646.663555622 4.692279878 -2.818279152 8.733765658 0.011581227 0.138155505 0.030110890 0.989884976
1403636646.813555479 4.766003408 -2.886617765 8.823341428 0.008446347 0.151969623 0.032136841 0.987826461
1403636647.163555622 4.930369035 -3.039985248 8.996047047 -0.005285751 0.159029482 0.033701881 0.986684280
1403636647.513555527 5.094390193 -3.121771332 9.154211386 0.003496732 0.151077869 0.037150699 0.987817329
1403636647.813555479 5.242356305 -3.184595017 9.259830649 0.009169948 0.152752380 0.038272859 0.987480537
1403636648.063555479 5.379895295 -3.209309131 9.317474809 0.005818260 0.183351994 0.046056126 0.981950624
1403636648.213555574 5.460432439 -3.205565779 9.355321420 0.005528384 0.218594246 0.058036220 0.974072785
1403636648.413555384 5.571822379 -3.176499690 9.394115330 0.006565561 0.270503331 0.075811145 0.959706993
1403636648.613555431 5.685982224 -3.131390821 9.419853524 0.006915642 0.318110043 0.092612924 0.943494049
1403636649.113555431 5.933824666 -3.136934071 9.418654867 -0.017859518 0.352159907 0.102366383 0.930153515
1403636649.613555431 6.165972469 -3.326072418 9.365260612 0.001638942 0.342073249 0.092226686 0.935134987
1403636649.913555384 6.286892647 -3.436657241 9.308645372 0.013026610 0.360349813 0.096109174 0.927761471
1403636650.413555384 6.448576940 -3.436852101 9.209242998 0.010513241 0.428553876 0.119042912 0.895577932
1403636650.813555479 6.547096805 -3.355745360 9.112197245 -0.003643553 0.490602320 0.147885737 0.858735056
1403636651.713555574 6.619680513 -3.350454852 8.825435251 0.011252220 0.487731734 0.138869732 0.861804120
1403636652.213555574 6.609723528 -3.233080204 8.633803302 0.012758913 0.564094170 0.173325754 0.807213206
1403636652.363555670 6.598632186 -3.159177911 8.557733110 -0.001492342 0.604051451 0.195125753 0.772687232
1403636652.563555479 6.584847241 -3.085714368 8.465499049 -0.011943385 0.637824133 0.218965048 0.738303487
1403636653.063555479 6.617750936 -3.012953571 8.202637764 -0.018803437 0.656537295 0.220585055 0.721073814
1403636653.663555622 6.737254685 -2.954951791 7.927283243 0.002379721 0.647424220 0.191553447 0.737660826
1403636654.363555670 6.755750215 -2.865508742 7.665619379 0.007461880 0.663518263 0.199318802 0.721082415
1403636654.813555479 6.694920835 -2.860318501 7.476978793 -0.003102525 0.710740690 0.229197824 0.665061203
1403636655.413555384 6.590223258 -2.758826919 7.297127103 0.021389011 0.735883676 0.219229914 0.640278041
1403636655.763555527 6.460358161 -2.697577724 7.197882978 0.008935591 0.755500647 0.253447019 0.604072459
1403636655.913555384 6.401974938 -2.637544412 7.161765111 0.008691021 0.768348414 0.265831112 0.582150325
1403636656.063555479 6.344986777 -2.577405356 7.117298055 0.011323012 0.783256314 0.271732738 0.559055145
1403636656.213555574 6.286223230 -2.535659341 7.061289891 0.004761295 0.792907149 0.273763939 0.544360992
1403636656.463555574 6.197465968 -2.511929781 6.940586461 0.000249916 0.796868509 0.277789025 0.536501420
1403636656.713555574 6.123178649 -2.509196706 6.806072116 0.006336685 0.799706162 0.263069722 0.539651946
1403636657.013555527 6.033722503 -2.463994064 6.660126275 0.017344227 0.802170212 0.241922727 0.545614811
1403636657.263555527 5.933250518 -2.400270382 6.564329198 0.025410654 0.797814773 0.248009839 0.548941715
1403636657.513555527 5.803492588 -2.346724405 6.463007874 0.019014567 0.790813925 0.269642797 0.549130717
1403636657.763555527 5.667416083 -2.270281997 6.353507666 0.017254933 0.790881384 0.273934967 0.546963013
1403636657.913555384 5.586262815 -2.209239176 6.279140593 0.022534240 0.790078410 0.284000410 0.542781799
1403636658.063555479 5.505320562 -2.155228210 6.190530595 0.018745301 0.790941173 0.287861543 0.539626174
1403636658.213555574 5.424736103 -2.115841244 6.090695885 0.006124570 0.796214512 0.279589913 0.536502024
1403636658.363555670 5.348056393 -2.074289149 5.985475208 -0.003876395 0.799507674 0.274824306 0.534082440
1403636658.513555527 5.280894142 -2.021638615 5.877697116 -0.012270472 0.801165536 0.271986549 0.532922636
1403636658.663555622 5.220225197 -1.963887141 5.779915675 -0.020432516 0.803900157 0.265697849 0.531725213
1403636658.813555479 5.172497760 -1.902026372 5.686860196 -0.023355636 0.807360957 0.255853072 0.531189237
1403636658.963555574 5.129697780 -1.844553698 5.601807746 -0.013887353 0.809352990 0.250243007 0.531162232
1403636659.113555431 5.092563816 -1.782831230 5.534602489 -0.001900549 0.810267234 0.247483265 0.531239524
1403636659.263555527 5.053120081 -1.717407794 5.479115209 0.002758563 0.810657930 0.246045118 0.531307736
1403636659.413555384 5.007462918 -1.656888310 5.426826210 -0.003874299 0.807803770 0.253790522 0.532004163
1403636659.563555479 4.966207243 -1.615570839 5.378707750 -0.008538447 0.806201396 0.259279229 0.531733661
1403636659.813555479 4.900009426 -1.545833078 5.313701621 -0.006396843 0.810314700 0.252709403 0.528665419
1403636659.963555574 4.861483294 -1.490005187 5.286073829 -0.009759551 0.809836222 0.257595906 0.526986142
1403636660.113555431 4.824080118 -1.425096905 5.270271824 -0.017228562 0.807371437 0.267776399 0.525500085
1403636660.263555527 4.796448302 -1.359840321 5.262016812 -0.021887488 0.805819458 0.274092680 0.524451276
1403636660.413555384 4.779216470 -1.301811223 5.253862042 -0.032623763 0.801363464 0.287556170 0.523510971
1403636660.713555574 4.800658164 -1.213824309 5.226520619 -0.024440988 0.808959537 0.264127076 0.524617950
1403636660.913555384 4.837754217 -1.136616252 5.227490551 -0.026446225 0.816390878 0.239305221 0.524918606
1403636661.113555431 4.880912382 -1.055662927 5.261301529 -0.013034761 0.815454639 0.242063361 0.525613123
1403636661.363555670 4.927743356 -0.965785133 5.328482013 -0.002965450 0.814392036 0.245166961 0.525975265
1403636661.563555479 4.953795018 -0.932290742 5.387360885 -0.001821564 0.812732242 0.248711374 0.526882944
1403636661.913555384 4.979070785 -0.945024012 5.490748508 0.016885186 0.809411484 0.254287404 0.529061297
1403636662.363555670 4.943595910 -1.025873001 5.601852757 -0.005202441 0.812115874 0.247980707 0.528153681
1403636662.613555431 4.911099273 -1.038273372 5.688106786 -0.011523326 0.807092983 0.267241945 0.526355273
1403636662.763555527 4.899269616 -1.040260541 5.745853480 0.010049314 0.804022031 0.278317569 0.525344569
1403636662.963555574 4.882927749 -1.017613395 5.813296226 0.010209951 0.801785712 0.286821861 0.524183792
1403636663.163555622 4.868146275 -0.993196573 5.858285068 0.014955191 0.796326068 0.303098019 0.523232957
1403636663.413555384 4.862250571 -0.951231118 5.874708425 -0.026215466 0.802779066 0.287840028 0.521542558
1403636663.613555431 4.884568107 -0.893605337 5.887063278 -0.042896413 0.801540499 0.290043055 0.521121629
1403636663.813555479 4.944197522 -0.836829599 5.899992082 -0.055208544 0.804727898 0.276872158 0.522213400
1403636663.963555574 5.018314646 -0.816459376 5.911678605 -0.058571227 0.809811217 0.256068750 0.524598893
1403636664.113555431 5.108003427 -0.816052564 5.937346405 -0.049741171 0.812568080 0.242002908 0.527914314
1403636664.263555527 5.213781103 -0.836655796 5.977672419 -0.029230728 0.811429347 0.239377139 0.532378215
1403636664.413555384 5.318944723 -0.835456803 6.037955828 -0.016125159 0.809053482 0.238080404 0.537112803
1403636664.563555479 5.423933930 -0.818069721 6.115546595 -0.008672008 0.805768979 0.237600749 0.542408547
1403636664.713555574 5.522613734 -0.807752814 6.200666879 0.004115877 0.800115413 0.243212597 0.548311971
1403636664.863555670 5.612142104 -0.811817186 6.285530652 -0.004608483 0.797353004 0.242353012 0.552695185
1403636665.013555527 5.696229427 -0.832966451 6.369977433 -0.006099973 0.792504780 0.249334612 0.556535007
1403636665.163555622 5.777646520 -0.870575326 6.448142708 -0.012146071 0.787019430 0.260169540 0.559253699
1403636665.313555479 5.861751517 -0.919152483 6.528631233 0.003723410 0.785407347 0.262168092 0.560704313
1403636665.563555479 5.996971447 -0.996040622 6.646979477 -0.011535539 0.789985592 0.251849879 0.558892955
1403636665.813555479 6.133073100 -1.080722540 6.766444415 -0.016056673 0.795076995 0.243710102 0.555157763
1403636665.963555574 6.215284440 -1.140989253 6.846787960 0.008825616 0.793465315 0.252393188 0.553744147
1403636666.163555622 6.313908069 -1.202180909 6.956540465 0.011701775 0.794135067 0.253750868 0.552107834
1403636666.313555479 6.380858872 -1.230524090 7.040543505 0.013038444 0.795350369 0.250142107 0.551975285
1403636666.563555479 6.469910939 -1.268979809 7.174196319 0.015548792 0.790501099 0.258095655 0.555205260
1403636666.713555574 6.510892527 -1.304626924 7.244764982 -0.000859294 0.788452148 0.260113010 0.557390074
1403636666.863555670 6.549970133 -1.347724280 7.309912439 -0.008616908 0.782951837 0.271442594 0.559670517
1403636667.013555527 6.596348007 -1.387853851 7.377554563 0.002952213 0.774103513 0.294075863 0.560601840
1403636667.163555622 6.647613758 -1.404149818 7.430888371 0.003845665 0.781728918 0.271538958 0.561383740
1403636667.363555670 6.718540666 -1.411971682 7.494267731 -0.002071609 0.790322682 0.243581275 0.562186738
1403636667.563555479 6.781246292 -1.409586245 7.572388947 -0.009156036 0.785542364 0.255321102 0.563604911
1403636667.763555527 6.849315333 -1.428383411 7.646108641 -0.003365490 0.779442073 0.272138727 0.564268767
1403636668.163555622 6.992538899 -1.463346600 7.758360190 -0.006479059 0.784293095 0.267053730 0.559932735
1403636668.663555622 7.214512874 -1.408437124 7.917482357 -0.015233187 0.793282828 0.262490165 0.549153182
1403636668.963555574 7.368758401 -1.382628089 8.029425513 -0.025038238 0.803087523 0.237447305 0.545932500
1403636669.263555527 7.522849975 -1.428464418 8.174112359 -0.002007311 0.802544671 0.242236790 0.545196625
1403636669.563555479 7.656401760 -1.449687447 8.354482763 0.004347589 0.804706337 0.235195627 0.545079651
1403636669.863555670 7.747175584 -1.492624919 8.563934749 0.035484421 0.801782075 0.234234514 0.548653399
1403636670.163555622 7.750749481 -1.576482355 8.749607744 0.061209934 0.783228218 0.274064995 0.554702876
1403636670.713555574 7.530362560 -1.665533996 8.827901399 0.094583334 0.731386128 0.279399083 0.614869480
1403636671.063555479 7.218680145 -1.675492040 8.610052453 0.113474168 0.663456542 0.264078018 0.690805205
1403636671.313555479 6.927890095 -1.654941054 8.296249954 0.070139270 0.623538275 0.232292884 0.743182695
1403636671.463555574 6.742859858 -1.626268775 8.061275914 0.012627303 0.610938964 0.205636150 0.764400358
1403636671.663555622 6.505318656 -1.581337938 7.745412519 -0.031762730 0.585467188 0.204242877 0.783903150
1403636671.813555479 6.353079373 -1.541269584 7.521028179 -0.049629745 0.575386153 0.208421188 0.789321400
1403636671.963555574 6.225525589 -1.501949472 7.306948719 -0.068656350 0.571333383 0.215504179 0.788937526
1403636672.163555622 6.116038531 -1.493089354 7.041089571 -0.091242815 0.578664459 0.200765885 0.785184852
1403636672.413555384 6.058561929 -1.517965892 6.780720265 -0.092925459 0.592162652 0.171475623 0.781859555
1403636672.563555479 6.054531969 -1.523423275 6.678927143 -0.056122702 0.599395724 0.153530493 0.783583688
1403636672.813555479 6.047459395 -1.450692721 6.579690674 -0.022736293 0.591601809 0.174050161 0.786890655
1403636673.063555479 6.035514168 -1.384001334 6.519804481 -0.032102312 0.565569668 0.165959714 0.807191282
1403636673.363555670 6.036729258 -1.367362869 6.482015608 -0.065546542 0.532105063 0.172605626 0.826302094
1403636673.963555574 6.200861011 -1.408360901 6.601845625 -0.029213152 0.528813004 0.140310655 0.836550248
1403636674.713555574 6.393579459 -1.400902542 7.002794215 0.003525064 0.490416099 0.161904905 0.856309772
1403636675.313555479 6.638786391 -1.357439070 7.288733359 -0.056458098 0.478219395 0.151485211 0.863232833
1403636675.663555622 6.858879006 -1.438597670 7.501503871 -0.025424403 0.467602256 0.106748856 0.877101141
1403636675.863555670 6.963190149 -1.469702359 7.656598697 0.000353124 0.435095779 0.111880699 0.893405981
1403636676.213555574 7.121356859 -1.469695741 7.931034729 -0.012021806 0.363704914 0.103939791 0.925619107
1403636676.663555622 7.272547847 -1.481350102 8.294601133 -0.026424741 0.274090579 0.055245430 0.959752067
1403636676.963555574 7.343629716 -1.575262337 8.540231432 -0.014613264 0.240340091 0.070277484 0.968031078
1403636677.413555384 7.455617178 -1.608953813 8.930336673 0.002173377 0.236047164 0.034933923 0.971111031
1403636677.713555574 7.474023112 -1.668347509 9.143372481 0.018713486 0.183993619 0.033364765 0.982182746
1403636677.863555670 7.465706282 -1.702786775 9.224940518 0.005421442 0.144383151 0.041395498 0.988640747
1403636678.113555431 7.467286703 -1.761278534 9.332211374 -0.010449102 0.083580999 0.027342501 0.996070992
1403636678.463555574 7.506458685 -1.817371037 9.469643880 -0.012422348 0.032831394 -0.009781950 0.999335829
1403636678.713555574 7.532820929 -1.883049886 9.547513022 -0.012111298 -0.016253512 -0.038221770 0.999063680
1403636679.013555527 7.545479274 -1.924830347 9.636366611 -0.010840999 -0.072145101 -0.096769490 0.992629449
1403636679.263555527 7.506537908 -1.926439912 9.708312066 -0.000412977 -0.138484410 -0.085489543 0.986667845
1403636679.463555574 7.463908732 -1.933635384 9.744919535 0.001438773 -0.193342072 -0.085601035 0.977388989
1403636679.713555574 7.423146017 -1.971130451 9.765489167 -0.006719644 -0.236077309 -0.099436168 0.966609952
1403636679.963555574 7.396590010 -2.049130172 9.758589860 0.009288822 -0.245126498 -0.114674959 0.962640313
1403636680.213555574 7.370776981 -2.133976763 9.720127978 0.019951621 -0.234310361 -0.140106681 0.961805960
1403636680.513555527 7.309879645 -2.178933863 9.627206970 0.016584490 -0.219928181 -0.157982429 0.962495767
1403636680.763555527 7.211160415 -2.164914858 9.507314199 0.004796394 -0.221020621 -0.137739013 0.965481664
1403636680.963555574 7.107572171 -2.132742327 9.396625095 -0.021074139 -0.230803932 -0.101232781 0.967490232
1403636681.163555622 7.008485329 -2.076869787 9.302109017 -0.042732904 -0.227836162 -0.106975456 0.966861331
1403636681.413555384 6.873942386 -2.024654749 9.207515137 -0.008069299 -0.228420761 -0.112117366 0.967051466
1403636681.663555622 6.735316626 -2.000715012 9.099632593 -0.002718020 -0.232394169 -0.112050866 0.966141897
1403636681.963555574 6.566065695 -1.952911091 8.961531541 0.000294176 -0.237012638 -0.113436893 0.964861127
1403636682.263555527 6.396654898 -1.934380551 8.792479089 -0.008584862 -0.242200657 -0.107531617 0.964210606
1403636682.613555431 6.206608046 -1.883274117 8.609823891 -0.008657193 -0.237609612 -0.110474478 0.965019230
1403636682.913555384 6.046717625 -1.831117179 8.458794593 0.004407726 -0.232542787 -0.108844363 0.966466414
1403636683.263555527 5.861038444 -1.784212988 8.244925967 0.001045780 -0.232822151 -0.109730807 0.966308389
1403636683.613555431 5.675579197 -1.672762368 8.024702350 -0.004071961 -0.239451387 -0.106494346 0.965041661
1403636683.963555574 5.496338718 -1.562162529 7.803437608 -0.018484005 -0.243856583 -0.107094395 0.963702806
1403636684.313555479 5.328449131 -1.532521217 7.573555745 -0.006530460 -0.251434382 -0.105900924 0.962041111
1403636684.713555574 5.155706363 -1.474924041 7.316432275 -0.001129094 -0.258340667 -0.097151461 0.961155772
1403636685.113555431 5.041347200 -1.346782986 7.081102276 -0.000589077 -0.250721078 -0.114428953 0.961272390
1403636685.413555384 4.966694492 -1.291183608 6.875846240 -0.007569503 -0.241201286 -0.121074810 0.962863195
1403636685.713555574 4.871074057 -1.225871389 6.669561871 -0.008292758 -0.238861904 -0.114312319 0.964265998
1403636686.013555527 4.775306303 -1.111745979 6.476262738 -0.008349974 -0.239774860 -0.112453264 0.964257516
1403636686.313555479 4.669013717 -1.031674094 6.268624748 -0.018222632 -0.241734247 -0.104822302 0.964491977
1403636686.613555431 4.568659709 -0.975821567 6.076706859 -0.023405675 -0.241706379 -0.106415481 0.964212604
1403636686.963555574 4.454606831 -0.896588124 5.891459561 -0.016186999 -0.245067900 -0.102746461 0.963910198
1403636687.163555622 4.391957979 -0.885958551 5.785680574 -0.015065747 -0.246749418 -0.101255282 0.963657157
1403636687.513555527 4.295323272 -0.839851002 5.622658634 -0.007352247 -0.247433732 -0.103177631 0.963367463
1403636687.813555479 4.233298009 -0.742797974 5.501771388 -0.006413631 -0.251277314 -0.099219458 0.962794929
1403636687.963555574 4.205861162 -0.673571156 5.449290291 -0.006392220 -0.250203976 -0.103623504 0.962610658
1403636688.163555622 4.179045285 -0.580877959 5.378942300 -0.004843499 -0.247656342 -0.112774100 0.962249905
1403636688.313555479 4.152882744 -0.523930485 5.320343269 -0.006304848 -0.248859494 -0.109080539 0.962356814
1403636688.563555479 4.114575190 -0.430846782 5.217404005 -0.007341428 -0.246908296 -0.115283669 0.962128927
1403636688.763555527 4.082084263 -0.338450872 5.138966224 -0.006306052 -0.245474650 -0.125829905 0.961181182
1403636688.913555384 4.044483159 -0.273153830 5.075162604 -0.010250204 -0.252456001 -0.124917497 0.959456367
1403636689.063555479 4.002550854 -0.226205576 5.003001959 -0.016753869 -0.264018216 -0.121541742 0.956682442
1403636689.263555527 3.935256754 -0.189840248 4.904465298 -0.025115573 -0.276981517 -0.119539720 0.953079589
1403636689.413555384 3.884440423 -0.181618823 4.834805274 -0.026261006 -0.282824648 -0.121345314 0.951102462
1403636689.563555479 3.831271350 -0.192899077 4.766188922 -0.028693610 -0.286493439 -0.120831050 0.949998970
1403636689.713555574 3.773923751 -0.212657605 4.705129743 -0.039991062 -0.288443740 -0.116260563 0.949570643
1403636689.913555384 3.701672734 -0.233682054 4.647612692 -0.049896905 -0.292208906 -0.097834852 0.950027682
1403636690.213555574 3.610991320 -0.256409472 4.628776845 -0.044179500 -0.283865872 -0.109312274 0.951587708
1403636690.513555527 3.522736843 -0.322699093 4.658163965 -0.038567529 -0.281698105 -0.110496754 0.952338800
1403636690.713555574 3.462228069 -0.364003978 4.703853629 -0.039312773 -0.289487605 -0.085629023 0.952532993
1403636690.863555670 3.428655470 -0.369243385 4.760884784 -0.033603487 -0.297695924 -0.060360107 0.952157865
1403636691.013555527 3.414918760 -0.372401513 4.835684357 -0.012052336 -0.303349969 -0.044677560 0.951754933
1403636691.163555622 3.439456173 -0.385789211 4.911517410 0.011434897 -0.305411825 -0.044150429 0.951127541
1403636691.263555527 3.476100395 -0.402936341 4.959954909 0.026343942 -0.300669665 -0.062807332 0.951293324
1403636691.363555670 3.525092969 -0.426144917 5.001216819 0.030803065 -0.295462765 -0.083288216 0.951218166
1403636691.463555574 3.582511610 -0.452629501 5.032064448 0.016150763 -0.294062165 -0.095398364 0.950876305
1403636691.563555479 3.646290981 -0.489500236 5.054360644 0.002397793 -0.295224968 -0.099892716 0.950188357
1403636691.663555622 3.715572440 -0.530215399 5.073852934 -0.003182180 -0.294347429 -0.109529572 0.949395986
1403636691.813555479 3.821544010 -0.588614194 5.100410660 -0.004874860 -0.291220114 -0.123778528 0.948602107
1403636691.963555574 3.924312583 -0.635602845 5.127446904 -0.003257632 -0.294422673 -0.116009542 0.948602374
1403636692.163555622 4.062337781 -0.690676336 5.158438608 0.001057843 -0.292856269 -0.117172246 0.948949288
1403636692.313555479 4.167359391 -0.743231001 5.170798202 -0.001967425 -0.290638497 -0.121326297 0.949107646
1403636692.463555574 4.268366193 -0.810044048 5.171811360 -0.005376072 -0.288886919 -0.122005333 0.949542071
1403636692.613555431 4.368398826 -0.890057938 5.165451093 -0.005101258 -0.286015438 -0.125197936 0.949997170
1403636692.863555670 4.521117351 -1.019094656 5.143310168 -0.010746020 -0.273180917 -0.151276460 0.949932704
1403636693.313555479 4.693807350 -1.175351537 5.099392841 -0.026107303 -0.280376557 -0.136063458 0.949839002
1403636693.763555527 4.774626995 -1.246611753 5.115619335 -0.054083801 -0.285125263 -0.131425824 0.947895448
1403636694.113555431 4.779244631 -1.291272598 5.207102028 -0.008364645 -0.291995264 -0.119290091 0.948914471
1403636694.863555670 4.784792298 -1.379474651 5.379802165 -0.014488502 -0.291716299 -0.114368953 0.949532215
1403636695.513555527 4.827290773 -1.419171388 5.544681838 -0.010393457 -0.279660407 -0.120638401 0.952432889
1403636696.413555384 4.856839800 -1.413747983 5.716585282 -0.001374769 -0.271040721 -0.120745498 0.954963644
1403636697.463555574 4.814664541 -1.383431481 5.664633403 -0.007994192 -0.262688005 -0.132342799 0.955728250
1403636697.763555527 4.744362596 -1.424924293 5.558115204 -0.014227073 -0.234045368 -0.119089312 0.964799509
1403636697.963555574 4.693390116 -1.427720162 5.493175906 -0.014154174 -0.197871428 -0.103866062 0.974606792
1403636698.363555670 4.556086353 -1.375776713 5.377754003 -0.014326764 -0.154441706 -0.085036832 0.984231294
1403636698.663555622 4.444645291 -1.298973052 5.310646190 -0.018240409 -0.091935132 -0.063890122 0.993545807
1403636698.963555574 4.328515667 -1.203509223 5.264337957 -0.020989017 -0.012604326 -0.028429360 0.999295934
1403636699.263555527 4.213255837 -1.153881165 5.217627973 -0.019380977 0.065540958 0.016965903 0.997517378
1403636699.613555431 4.120725385 -1.148621423 5.160067830 -0.022463206 0.154258709 0.066554581 0.985530387
1403636700.413555384 4.110008668 -0.985675174 5.092344061 -0.012845278 0.238460956 0.089441797 0.966939262
1403636700.813555479 4.194774681 -0.820762962 5.065451389 -0.001550927 0.285483330 0.085704142 0.954542646
1403636701.063555479 4.246023599 -0.745972184 5.028450748 -0.018336528 0.294569865 0.091028443 0.951107875
1403636701.713555574 4.412856841 -0.748454031 4.928748661 -0.010736739 0.282355948 0.077218842 0.956136544
1403636702.063555479 4.521789121 -0.724776712 4.910188364 -0.010137976 0.321203230 0.097113517 0.941963201
1403636702.263555527 4.591798730 -0.681932164 4.900541854 -0.008645801 0.359192441 0.112642852 0.926400361
1403636702.513555527 4.673689899 -0.601096570 4.901917822 -0.021246630 0.387030833 0.116429015 0.914439719
1403636702.763555527 4.756478033 -0.498347706 4.923820481 -0.029704956 0.395322898 0.117266106 0.910541642
1403636703.113555431 4.877564946 -0.373229209 4.995261289 -0.023925569 0.392322305 0.121119718 0.911504685
1403636703.713555574 5.122650327 -0.350169266 5.063874716 -0.015400947 0.390294553 0.113953470 0.913481023
1403636704.163555622 5.300886845 -0.334064441 5.098375109 -0.006671553 0.380868859 0.120741182 0.916687498
1403636704.613555431 5.492066287 -0.303880251 5.134417660 -0.032277840 0.378967746 0.115012994 0.917667478
1403636704.963555574 5.662549918 -0.302251853 5.211111192 -0.054629993 0.374203674 0.118570842 0.918111175
1403636705.263555527 5.842325187 -0.290295230 5.348618077 -0.030441798 0.377130827 0.101793950 0.920045449
1403636705.613555431 6.053988954 -0.325613800 5.541757501 -0.034838580 0.376122083 0.105555484 0.919878520
1403636705.913555384 6.238756485 -0.346706545 5.745086316 -0.016621801 0.374570531 0.110716086 0.920414353
1403636706.163555622 6.391339271 -0.395958545 5.906424921 0.004134102 0.366385275 0.125740068 0.921918746
1403636706.613555431 6.674939333 -0.414118745 6.166771632 -0.021972830 0.372972910 0.094754993 0.922729589
1403636707.113555431 6.953460437 -0.533762612 6.474149633 -0.025053609 0.380131031 0.099725778 0.919199372
1403636707.513555527 7.161640140 -0.699310247 6.744570068 -0.029312660 0.388592787 0.103166813 0.915146449
1403636707.863555670 7.332782135 -0.868111247 7.014795969 -0.023622758 0.381625571 0.123230967 0.915760896
1403636708.163555622 7.502582192 -0.922270534 7.277138193 -0.016785256 0.378815019 0.109606959 0.918805611
1403636708.663555622 7.807782276 -0.963313530 7.693938384 0.004901279 0.371958823 0.120497244 0.920382000
1403636708.963555574 7.994465654 -0.977597121 7.891759825 -0.000051195 0.389686938 0.090564150 0.916483618
1403636709.313555479 8.146289781 -1.033659637 8.087569833 -0.006318557 0.399156601 0.092395650 0.912193580
1403636709.713555574 8.236853024 -1.094841375 8.327473384 -0.018518454 0.398851363 0.093443665 0.912054241
1403636709.963555574 8.268893753 -1.131024006 8.495366806 -0.017230284 0.395018720 0.091985264 0.913893889
1403636710.463555574 8.262889285 -1.204530690 8.866525333 -0.001813135 0.368530428 0.111522151 0.922900236
1403636710.763555527 8.245611163 -1.184289498 9.088807602 0.003842399 0.326880519 0.106404672 0.939048672
1403636711.063555479 8.235139546 -1.174104801 9.271431793 -0.006321921 0.287361877 0.060363122 0.955897211
1403636711.513555527 8.167372427 -1.243311126 9.502625296 0.017658038 0.270673622 0.051760845 0.961116434
1403636711.863555670 8.044117258 -1.305988850 9.621098220 0.018575227 0.278429951 0.051894970 0.958873628
1403636712.263555527 7.845416380 -1.403815641 9.671595694 0.010048287 0.267488029 0.071780103 0.960831308
1403636712.563555479 7.685442044 -1.496882104 9.655574219 0.011846488 0.239135309 0.037439776 0.970191851
1403636712.763555527 7.566559823 -1.553099979 9.624038530 0.024005122 0.219996804 0.036939015 0.974505346
1403636713.163555622 7.299067828 -1.591233687 9.528129404 0.013752887 0.208954395 0.039240995 0.977040973
1403636713.963555574 6.760893818 -1.737170881 9.135947600 -0.000974845 0.209468442 0.065073461 0.975647204
1403636714.563555479 6.477712646 -1.670053559 8.823085046 -0.017297462 0.211944132 0.065769180 0.974912764
1403636714.913555384 6.347965395 -1.622414657 8.654233572 -0.028915557 0.150671019 0.031809821 0.987648860
1403636715.313555479 6.233899098 -1.668864941 8.492588973 -0.030546236 0.089363599 0.004355926 0.995521020
1403636715.963555574 6.127120240 -1.654239529 8.353945118 0.017430516 0.088886962 0.004673814 0.995878226
1403636716.813555479 6.047010952 -1.570968440 8.007652903 -0.004756420 0.082565280 0.006011630 0.996556176
1403636717.513555527 5.975896350 -1.472027858 7.673403082 -0.007688377 -0.010844856 -0.055833617 0.998351584
1403636717.963555574 5.862658187 -1.376567854 7.460829127 -0.008550601 -0.030079625 -0.062508585 0.997554400
1403636718.213555574 5.754006384 -1.340397970 7.323549905 -0.009971410 -0.077128993 -0.065421925 0.994822427
1403636718.413555384 5.653747220 -1.296488963 7.225086982 -0.013941668 -0.109652381 -0.064542142 0.991774318
1403636718.563555479 5.573291443 -1.248499145 7.157710129 -0.015591843 -0.134952947 -0.063534244 0.988690041
1403636718.763555527 5.485761531 -1.166449297 7.077718175 -0.019374596 -0.161271510 -0.056413874 0.985105883
1403636719.013555527 5.383876685 -1.076346625 6.990016590 -0.013928208 -0.165605770 -0.081625815 0.982709499
1403636719.363555670 5.254874204 -1.009997855 6.855137274 0.005496237 -0.167317900 -0.077639051 0.982825869
1403636719.663555622 5.158077550 -0.916571660 6.730165546 -0.002125416 -0.163232047 -0.071356191 0.984001563
1403636720.013555527 5.066554414 -0.853933704 6.562512945 -0.013935830 -0.153084653 -0.067719373 0.985791544
1403636720.263555527 5.018016638 -0.797195676 6.455696977 -0.016070623 -0.151956594 -0.066664689 0.986005450
1403636720.613555431 4.965186599 -0.704720936 6.328375463 -0.018224701 -0.155978920 -0.066210095 0.985370316
1403636721.063555479 4.931485121 -0.660824657 6.186577511 -0.013737695 -0.123811010 -0.052595253 0.990815749
1403636721.513555527 4.935822437 -0.602476052 6.069379033 -0.005262319 -0.064758360 -0.033939834 0.997309757
1403636722.163555622 4.979970178 -0.503376166 5.875254121 -0.006553916 -0.035725011 -0.041944032 0.998459547
1403636722.913555384 4.983448693 -0.402502755 5.621504182 -0.009051473 -0.023097939 -0.037496383 0.998988777
1403636723.513555527 4.946217010 -0.366015492 5.403731606 -0.001758988 -0.006310661 -0.034412819 0.999386231
1403636724.013555527 4.894839898 -0.327308358 5.192383496 -0.016448686 0.026243374 -0.010912099 0.999460681
1403636724.363555670 4.867226608 -0.255102281 5.072630194 -0.021393771 0.078319011 0.004410065 0.996689014
1403636725.013555527 4.787478924 -0.276231125 4.862743330 -0.013224833 0.119583939 0.024315613 0.992438178
1403636725.913555384 4.700010068 -0.441867195 4.593549899 -0.015166245 0.115768900 0.021424362 0.992929274
1403636726.963555574 4.662079081 -0.461915146 4.403673858 -0.001182813 0.099680088 0.016491827 0.994882154
1403636728.013555527 4.602607386 -0.696144947 4.033423688 -0.006900957 0.101654037 -0.008666161 0.994758127
1403636729.013555527 4.342666179 -0.713526484 3.668364398 -0.000734829 0.050855381 -0.014474167 0.998600866
1403636729.813555479 4.105637716 -0.631318465 3.312512545 -0.006273523 0.029439768 -0.017269825 0.999397667
1403636730.713555574 3.821043180 -0.495184260 2.926904282 -0.035245021 0.025597609 -0.013066978 0.998965367
1403636731.763555527 3.639245032 -0.491809268 2.761996664 -0.009975940 0.025516260 0.001272558 0.999623820
1403636732.713555574 3.657778296 -0.296339065 2.651857010 0.013916566 0.033439949 -0.038874327 0.998587445
1403636733.763555527 3.411406970 -0.292782906 2.139588350 -0.015336235 0.020678519 -0.020830971 0.999451484
1403636734.813555479 3.061200765 -0.236679397 1.643899759 -0.020974474 0.014556484 -0.019829991 0.999477339
1403636735.763555527 2.780590415 -0.229254462 1.342390201 -0.020336348 0.025769437 -0.011181317 0.999398493
1403636736.413555384 2.637946897 -0.321265859 1.208834151 -0.009795678 -0.012909325 -0.027772466 0.999482908
1403636737.313555479 2.378933500 -0.259832310 1.055519991 -0.009553619 -0.039793584 -0.036930899 0.998479498
1403636738.213555574 2.138952210 -0.350846442 0.870435352 -0.020554962 -0.045530109 -0.026812083 0.998391514
1403636739.063555479 2.116387793 -0.385320401 0.887470946 -0.010651397 0.068261168 0.034761224 0.997004823
1403636739.313555479 2.167752080 -0.330635500 0.915079344 -0.010149029 0.144931772 0.041790902 0.988506600
1403636739.813555479 2.287804689 -0.270039401 0.944392922 -0.008795086 0.238838440 0.069263208 0.968546052
1403636740.863555670 2.482551216 -0.019823654 1.013080353 -0.009101474 0.227809759 0.063129635 0.971614392
1403636741.413555384 2.558161173 0.208476409 1.038461036 -0.006330059 0.248575276 0.068534411 0.966164218
1403636742.313555479 2.636601188 0.469432267 1.086947139 -0.029656687 0.241912760 0.064471887 0.967699371
1403636743.263555527 2.739883958 0.611222092 1.224924975 -0.046252872 0.245490815 0.078379232 0.965117416
1403636743.963555574 2.938382885 0.712360619 1.478025018 -0.008829990 0.269794790 0.072132963 0.960171671
1403636744.413555384 3.067456287 0.891104965 1.700447195 0.002784072 0.292084758 0.088846459 0.952252619
1403636744.713555574 3.147584757 1.073810161 1.840851773 0.013496256 0.288182035 0.098922876 0.952356672
1403636744.963555574 3.217080023 1.236509257 1.926174209 0.000889325 0.292669522 0.083095875 0.952595841
1403636745.213555574 3.283523987 1.350928451 1.983848972 -0.014114680 0.283440785 0.084322126 0.955171124
1403636745.813555479 3.429612739 1.433521606 2.084761818 0.002519192 0.290932776 0.071849315 0.954038495
1403636746.413555384 3.446389352 1.303047582 2.099248632 0.018889944 0.322520575 0.059417341 0.944506870
1403636746.713555574 3.371683446 1.280969363 2.106837272 -0.024733004 0.304418920 0.093062902 0.947658533
1403636747.363555670 3.296799872 1.189165362 2.186477831 -0.010818550 0.302308229 0.075868687 0.950124537
1403636747.963555574 3.235640133 0.982860670 2.282800391 -0.005780632 0.309745408 0.098462968 0.945689913
1403636748.613555431 3.212951891 0.782265406 2.383570475 -0.008615393 0.319145259 0.086641595 0.943697681
1403636749.463555574 3.271539644 0.561882322 2.444635658 0.000005999 0.332989902 0.094416485 0.938191480
1403636750.513555527 3.262458819 0.372208205 2.354362654 0.001230555 0.311810641 0.081150929 0.946671610
1403636751.163555622 3.124398568 0.069821436 2.163571111 -0.013410806 0.304697894 0.074987296 0.949397835
1403636751.913555384 2.980979749 -0.213727347 2.032625812 -0.025338740 0.281812509 0.098233391 0.954091117
1403636752.463555574 2.992697754 -0.405349477 1.980010507 -0.001897232 0.249318090 0.064267493 0.966284937
1403636753.063555479 2.986719050 -0.556112931 1.929361313 -0.013885573 0.124539456 0.002798913 0.992113542
1403636753.913555384 2.850784007 -0.550892981 1.921770733 -0.006478775 0.011446339 -0.027557742 0.999533680
1403636754.813555479 2.558967333 -0.575956065 1.761246024 0.001133649 -0.020064833 -0.046380766 0.998721654
1403636755.163555622 2.398878445 -0.520089536 1.650096289 -0.000274431 -0.053603264 -0.055128876 0.997039328
1403636755.613555431 2.166292392 -0.504479275 1.465496922 -0.022405812 -0.055330144 -0.059101957 0.996465510
1403636756.013555527 1.936813810 -0.466723304 1.336456794 -0.009533965 -0.054749502 -0.049902676 0.997206758
1403636756.413555384 1.698249226 -0.449110534 1.192557500 -0.003413426 -0.055958666 -0.051384915 0.997104090
1403636756.813555479 1.461693163 -0.395516496 1.035093601 0.000752026 -0.061170701 -0.049997203 0.996874044
1403636757.263555527 1.193334453 -0.364350625 0.809523844 -0.000906795 -0.064473537 -0.049074272 0.996711622
1403636757.563555479 1.019381880 -0.300082952 0.654854142 -0.013205737 -0.066731318 -0.060019138 0.995876620
1403636757.713555574 0.928690743 -0.274578462 0.571289114 -0.031130401 -0.076966260 -0.065112446 0.994418153
1403636757.913555384 0.794481066 -0.275967278 0.470729828 -0.043019970 -0.089485392 -0.066769082 0.992815963
1403636758.113555431 0.664488714 -0.302926789 0.383234110 -0.018503178 -0.099419168 -0.061276614 0.992984712
1403636758.363555670 0.497302473 -0.313406887 0.294763858 -0.006428482 -0.104171525 -0.055610102 0.992982620
1403636758.513555527 0.405710317 -0.285599501 0.243951990 -0.033556296 -0.107643686 -0.045148913 0.992596790
1403636758.663555622 0.321017897 -0.264228745 0.210062624 -0.056177109 -0.111323963 -0.033051999 0.991644429
1403636758.913555384 0.201079155 -0.236879511 0.189863592 -0.017298135 -0.105897144 -0.043942079 0.993255085
1403636759.163555622 0.099044817 -0.198608075 0.183171768 -0.008049525 -0.111826498 -0.027754807 0.993307460
1403636759.313555479 0.055250688 -0.169228702 0.179282323 -0.009935399 -0.119824493 -0.006572220 0.992723619
1403636759.513555527 0.030042582 -0.110788894 0.184073242 -0.004565754 -0.110343790 -0.037389663 0.993179448
1403636759.813555479 0.021324421 -0.046687533 0.171903911 -0.001062218 -0.107008771 -0.055986016 0.992679989
1403636760.113555431 0.019427504 -0.011739891 0.134443121 -0.026622576 -0.105843298 -0.056527931 0.992417769
1403636760.313555479 0.017259288 0.014251668 0.121940669 -0.011734644 -0.106866086 -0.052270846 0.992829138
1403636760.563555479 0.019810655 0.060039841 0.109485647 -0.008550923 -0.104795859 -0.059497755 0.992675540
1403636760.713555574 0.022063210 0.090120891 0.096836692 -0.021023203 -0.103298371 -0.066291908 0.992216133
1403636760.963555574 0.013849778 0.130118825 0.079946794 -0.011079838 -0.103031325 -0.071657716 0.992031731
1403636761.113555431 0.000800174 0.156008273 0.067626972 -0.026704123 -0.105034706 -0.067059489 0.991845565
1403636761.263555527 -0.016176938 0.180531081 0.059906863 -0.045805998 -0.105507492 -0.067321170 0.991079129
1403636761.463555574 -0.047489294 0.191920944 0.064778630 -0.029196351 -0.105840059 -0.066538379 0.991724810
1403636761.613555431 -0.074366438 0.189062598 0.073643650 -0.010985531 -0.106195266 -0.062625625 0.992310392
1403636762.013555527 -0.126866760 0.166542497 0.080141765 -0.008648351 -0.107485025 -0.050925412 0.992863927
1403636762.313555479 -0.149511090 0.150087512 0.072754527 -0.026403777 -0.094537961 -0.081195308 0.991853183
1403636762.513555527 -0.187764738 0.159813558 0.078323895 -0.037485745 -0.103886159 -0.051631970 0.992540490
1403636762.663555622 -0.216982483 0.181151985 0.099091105 -0.022908998 -0.115726562 -0.016238878 0.992884102
1403636762.813555479 -0.228540396 0.223846397 0.130978181 -0.011948263 -0.110104531 -0.035189047 0.993225031
1403636762.963555574 -0.207051169 0.229378671 0.129329849 0.002852951 -0.102404891 -0.042653194 0.993823829
1403636763.063555479 -0.189658136 0.233219018 0.122105845 -0.008506117 -0.084403220 -0.023970064 0.996107012
1403636763.163555622 -0.178956897 0.230854368 0.112102723 0.016487834 -0.071407879 -0.011282470 0.997247097
1403636763.313555479 -0.177714268 0.234453320 0.117371891 0.002465614 -0.069969110 -0.006202112 0.997526831
