1770731344371206942
1770731344426653853
1770731344524799103
1770731344629180870
1770731344728130808
1770731344829612365
1770731344929824401
1770731345037645129
1770731345124266485
1770731345229336263
1770731345323825067
1770731345429783276
1770731345526595434
1770731345628744735
1770731345727838928
1770731345832481901
1770731345928308412
1770731346035134088
1770731346127442563
1770731346229367130
1770731346332376965
1770731346427725073
1770731346528508051
1770731346629797961
1770731346731041694
1770731346828655380
1770731346928604002
1770731347029953679
1770731347128708793
1770731347231998718
1770731347323266480
1770731347429455273
1770731347527842508
1770731347627840773
1770731347728575813
1770731347823396596
1770731347928534358
1770731348027478600
1770731348123677151
1770731348226404829
1770731348326928166
1770731348427332716
1770731348526902775
1770731348626581412
1770731348726003285
1770731348826038074
1770731348927251962
1770731349027215524
1770731349132392034
1770731349225999078
1770731349326571864
1770731349429428453
1770731349526286067
1770731349622526697
1770731349724484936
1770731349825888249
1770731349924562328
1770731350024737413
1770731350125216984
1770731350225118410
1770731350326473355
1770731350427007151
1770731350524124655
1770731350623631036
1770731350728544422
1770731350828819243
1770731350928531817
1770731351025589426
1770731351126230324
1770731351224597012
1770731351329361721
1770731351426723479
1770731351525520720
1770731351625118260
1770731351725770177
1770731351826696694
1770731351926277943
1770731352022079987
1770731352124045822
1770731352224654497
1770731352324748901
1770731352423515618
1770731352526948400
1770731352621739967
1770731352723212411
1770731352824810982
1770731352924598367
1770731353023817033
1770731353124095191
1770731353224403062
1770731353323761194
1770731353423362803
1770731353522897982
1770731353623874946
1770731353724512674
1770731353823112928
1770731353922702196
1770731354021732429
1770731354124537051
1770731354218027103
1770731354323221729
1770731354423905351
1770731354523998356
1770731354622322199
1770731354723664228
1770731354822061319
1770731354923780904
1770731355022616480
1770731355123363011
1770731355231951734
1770731355321782883
1770731355431495386
1770731355522422180
1770731355631370634
1770731355725271627
1770731355821276182
1770731355923263996
1770731356023353507
1770731356125330930
1770731356221775560
1770731356345639857
1770731356418020670
1770731356518019431
1770731356620703055
1770731356722360772
1770731356821918378
1770731356921772094
1770731357020613412
1770731357121850507
1770731357221044570
1770731357322947122
1770731357421570538
1770731357522813447
1770731357623508844
1770731357727682885
1770731357822073017
1770731357920750112
1770731358022210118
1770731358120628476
1770731358221375969
1770731358322293637
1770731358437998241
1770731358536735992
1770731358621221843
1770731358720622888
1770731358818243946
1770731358916733412
1770731359020221319
1770731359120085480
1770731359221942565
1770731359320137009
1770731359421003234
1770731359520893220
1770731359621247417
1770731359720197614
1770731359819724768
1770731359932229528
1770731360020535419
1770731360121160697
1770731360218987873
1770731360319667157
1770731360419872694
1770731360531191756
1770731360618527063
1770731360719777572
1770731360819765389
1770731360919365872
1770731361023415538
1770731361117326637
1770731361220270643
1770731361320604382
1770731361420245214
1770731361519022539
1770731361619418886
1770731361723553006
1770731361820386764
1770731361919003815
1770731362017620955
1770731362119410943
1770731362218535007
1770731362318650244
1770731362418915340
1770731362518563895
1770731362618918888
1770731362718754614
1770731362818886522
1770731362918411837
1770731363018330591
1770731363117819704
1770731363217366709
1770731363318300620
1770731363414041372
1770731363516631263
1770731363620498535
1770731363717766732
1770731363817856021
1770731363917372321
1770731364017786624
1770731364118892398
1770731364218001786
1770731364322737044
1770731364418226354
1770731364517264858
1770731364617206515
1770731364717475165
1770731364816915977
1770731364917867169
1770731365018722538
1770731365117388386
1770731365218286452
1770731365316605043
1770731365417789309
1770731365518571225
1770731365614919626
1770731365714836667
1770731365813943936
1770731365921818646
1770731366018519655
1770731366116726128
1770731366218604591
1770731366317894539
1770731366420960665
1770731366517195990
1770731366615852750
1770731366717366078
1770731366816472666
1770731366915522722
1770731367015037012
1770731367121746672
1770731367215614620
1770731367316474488
1770731367415682115
1770731367515832438
1770731367614984726
1770731367716036994
1770731367826311945
1770731367918135399
1770731368010564213
1770731368117959886
1770731368215089245
1770731368317442647
1770731368414880897
1770731368515730778
1770731368616041846
1770731368715066742
1770731368815491021
1770731368914435245
1770731369014032769
1770731369116521897
1770731369215666327
1770731369321586899
1770731369415670372
1770731369515887810
1770731369614497883
1770731369714921937
1770731369815077215
1770731369916147953
1770731370013816793
1770731370113010717
1770731370214717276
1770731370331813270
1770731370415200878
1770731370526302571
1770731370612741693
1770731370714674051
1770731370814083226
1770731370916949813
1770731371013185907
1770731371113234313
1770731371214530349
1770731371314207423
1770731371413441281
1770731371512650449
1770731371618200563
1770731371713511570
1770731371812894834
1770731371913189099
1770731372013580300
1770731372113712821
1770731372214380280
1770731372312076424
1770731372413470559
1770731372534572979
1770731372615130091
1770731372712533467
1770731372813209669
1770731372916593753
1770731373012813380
1770731373113746014
1770731373213005405
1770731373312319055
1770731373412392879
1770731373513001995
1770731373611980070
1770731373712580758
1770731373812937848
1770731373911689371
1770731374014063856
1770731374112006537
1770731374213121658
1770731374312866361
1770731374419895777
1770731374513789684
1770731374623194945
1770731374712164046
1770731374812782473
1770731374910495235
1770731375012282418
1770731375120758568
1770731375211245037
1770731375323010776
1770731375411345457
1770731375511685687
1770731375605801536
1770731375711658981
1770731375811039126
1770731375911076062
1770731376011507547
1770731376110311257
1770731376212030592
1770731376311115656
1770731376419689404
1770731376513213095
1770731376613900097
1770731376710431221
1770731376810248042
1770731376911566979
1770731377011351094
1770731377109355862
1770731377205088594
1770731377311540983
1770731377411200715
1770731377510495853
1770731377609999692
1770731377712012997
1770731377809921466
1770731377916290204
1770731378018839560
1770731378109957174
1770731378210241189
1770731378311021204
1770731378407805611
1770731378510035324
1770731378609759414
1770731378712694736
1770731378810333053
1770731378910000950
1770731379009288352
1770731379109881108
1770731379206441306
1770731379310188145
1770731379406690404
1770731379508799784
1770731379608952440
1770731379708925562
1770731379809425032
1770731379908768920
1770731380008054493
1770731380112938505
1770731380209993356
1770731380306383745
1770731380415216257
1770731380508591429
1770731380610197519
1770731380708259296
1770731380809194108
1770731380907783809
1770731381008605845
1770731381112082744
1770731381207138427
1770731381308243676
1770731381409421404
1770731381507045529
1770731381605559907
1770731381709352196
1770731381810641821
1770731381906940845
1770731382012973157
1770731382108182755
1770731382207576726
1770731382308069794
1770731382429000107
1770731382508473778
1770731382606867130
1770731382706536933
1770731382807344832
1770731382906844617
1770731383006982060
1770731383114724495
1770731383207051943
1770731383304974769
1770731383405322653
1770731383506583256
1770731383606008810
1770731383706245078
1770731383807032905
1770731383905875320
1770731384004213850
1770731384103663784
1770731384204956351
1770731384305551090
1770731384405265528
1770731384520662962
1770731384603116250
1770731384704731513
1770731384805851597
1770731384905832992
1770731385006001202
1770731385105655936
1770731385205553631
1770731385305864310
1770731385400832761
1770731385504710354
1770731385642347940
1770731385698488906
1770731385805575843
1770731385904924886
1770731386005972725
1770731386107836646
1770731386203834996
1770731386308720217
1770731386403401143
1770731386508337562
1770731386604778446
1770731386706832603
1770731386805425644
1770731386903880079
1770731387004684065
1770731387104762443
1770731387204073644
1770731387303695287
1770731387404334247
1770731387502520690
1770731387603240673
1770731387703905880
1770731387804744745
1770731387906705942
1770731388004229076
1770731388102435877
1770731388203954071
1770731388303749348
1770731388402362313
1770731388521011396
1770731388602990122
1770731388705432224
1770731388806143704
1770731388903462454
1770731389004040567
1770731389102542899
1770731389205197993
1770731389306677387
1770731389404626136
1770731389502423356
1770731389602386140
1770731389714475539
1770731389814554620
1770731389905368721
1770731390003799184
1770731390103229654
1770731390201342148
1770731390303622904
1770731390402229719
1770731390506860479
1770731390614088876
1770731390698972103
1770731390804801499
1770731390903766652
1770731390997330744
1770731391102589273
1770731391202728656
1770731391301299259
1770731391402378506
1770731391502064017
1770731391601310224
1770731391702221213
1770731391802873253
1770731391901492581
1770731392000377353
1770731392101747836
1770731392202207517
1770731392301558733
1770731392400914813
1770731392502083145
1770731392601706561
1770731392700865190
1770731392800963890
1770731392901824208
1770731393002171066
1770731393119221845
1770731393213247932
1770731393302639670
1770731393401057013
1770731393503167217
1770731393604359722
1770731393705787007
1770731393809567594
1770731393900120911
1770731394002868822
1770731394101464859
1770731394200664356
1770731394301132029
1770731394405134457
1770731394499139285
1770731394602383618
1770731394701491322
1770731394800500438
1770731394900942396
1770731395001171148
1770731395100598673
1770731395201079670
1770731395300867059
1770731395403187980
1770731395500827290
1770731395594855751
1770731395701612869
1770731395797962830
1770731395901231254
1770731396000471776
1770731396100514820
1770731396200204631
1770731396300582639
1770731396400501735
1770731396500759969
1770731396603182740
1770731396699750472
1770731396800135138
1770731396900301942
1770731397001686419
1770731397101260653
1770731397218680971
1770731397295635608
1770731397399391946
1770731397501795171
1770731397599916600
1770731397702183329
1770731397798293001
1770731397896736564
1770731397997583114
1770731398101450956
1770731398201279984
1770731398298245325
1770731398398816573
1770731398498936694
1770731398599062823
1770731398697867457
1770731398798694269
1770731398898273471
1770731398999024384
1770731399098628164
1770731399198512158
1770731399299550009
1770731399398874320
1770731399498062513
1770731399598407543
1770731399698968532
1770731399804585479
1770731399898464896
1770731399998274986
1770731400098679173
1770731400194403094
1770731400303698133
1770731400398130882
1770731400497258127
1770731400598135808
1770731400698908177
1770731400798088033
1770731400897274706
1770731400997963171
1770731401098603696
1770731401203785623
1770731401298805995
1770731401397531554
1770731401496580748
1770731401597043939
1770731401700934307
1770731401796900657
1770731401897140248
1770731401997269639
1770731402097270750
1770731402196370080
1770731402296544578
1770731402398530116
1770731402499151960
1770731402594030083
1770731402694581851
1770731402800792409
1770731402896052246
1770731402997308325
1770731403097567653
1770731403196482674
1770731403297102388
1770731403396965881
1770731403496112381
1770731403596356168
1770731403695621982
1770731403792029680
1770731403895589336
1770731403995231177
1770731404094111694
1770731404198287691
1770731404296521435
1770731404396266368
1770731404496137491
1770731404593496179
1770731404697485281
1770731404796294698
1770731404889957784
1770731404995439165
1770731405091425420
1770731405196671419
1770731405295628863
1770731405394902386
1770731405492929393
1770731405594976413
1770731405693876357
1770731405794870212
1770731405894675102
1770731405994742665
1770731406094711429
1770731406193743226
1770731406294706372
1770731406395761151
1770731406494549441
1770731406594515064
1770731406695270551
1770731406793238967
1770731406894741754
1770731406993649911
1770731407100538856
1770731407190799291
1770731407292354717
1770731407394658299
1770731407495409136
1770731407595138992
1770731407694113120
1770731407794894824
1770731407894635575
1770731407992074361
1770731408094338660
1770731408194615744
1770731408294513638
1770731408393683976
1770731408491041859
1770731408593811914
1770731408693601755
1770731408793433684
1770731408893553418
1770731408992770947
1770731409092200976
1770731409191571528
1770731409288191873
1770731409394480652
1770731409490043271
1770731409590200538
1770731409691715018
1770731409792428960
1770731409892778825
1770731409993549506
1770731410092406515
1770731410192713309
1770731410292911238
1770731410392593332
1770731410492619542
1770731410592086747
1770731410690615899
1770731410792341836
1770731410892751867
1770731410992553747
1770731411086862210
1770731411193874268
1770731411291286579
1770731411393075929
1770731411508718584
1770731411588163212
1770731411691739130
1770731411786134731
1770731411891236272
1770731411990700171
1770731412091719188
1770731412192129934
1770731412290998881
1770731412390991375
1770731412490868401
1770731412591371185
1770731412690423589
1770731412789871901
1770731412891127855
1770731412990802761
1770731413090190596
1770731413190623280
1770731413289790530
1770731413390582210
1770731413490295317
1770731413589949851
1770731413689993618
1770731413788947867
1770731413890174562
1770731413985928261
1770731414090448576
1770731414190985679
1770731414290691238
1770731414389569549
1770731414489099217
1770731414586733615
1770731414695997907
1770731414789145950
1770731414895914478
1770731414989475817
1770731415089550459
1770731415189048664
1770731415289889172
1770731415390044413
1770731415498576642
1770731415602603271
1770731415687707504
1770731415789005910
1770731415888825641
1770731415990156324
1770731416089024748
1770731416190200364
1770731416289554058
1770731416384986266
1770731416493325835
1770731416587315176
1770731416690385453
1770731416788879008
1770731416888059564
1770731416985924381
1770731417097655393
1770731417190232391
1770731417290549529
1770731417392999626
1770731417488321946
1770731417588044768
1770731417688377454
1770731417787946675
1770731417887799934
1770731417988144958
1770731418087507636
1770731418187712500
1770731418287655969
1770731418388107163
1770731418487434806
1770731418587095241
1770731418685685035
1770731418789179570
1770731418886961632
1770731418987818526
1770731419086711311
1770731419187714910
1770731419288076630
1770731419387174469
1770731419487075365
1770731419587914214
1770731419687349246
1770731419788272454
1770731419886992049
1770731419990118774
1770731420089316857
1770731420186789878
1770731420289939954
1770731420387342284
1770731420490847172
1770731420586950422
1770731420686504679
1770731420787023721
1770731420881596429
1770731420980369954
1770731421088455870
1770731421187081361
1770731421288019651
1770731421386547684
1770731421486649174
1770731421586873753
1770731421686704158
1770731421787019048
1770731421887955802
1770731421984454650
1770731422086609069
1770731422186515899
1770731422284411472
1770731422384346899
1770731422497800098
1770731422584245120
1770731422685359747
1770731422784945110
1770731422884291511
1770731422983728353
1770731423084373734
1770731423182402004
1770731423287715932
1770731423384817110
1770731423484415106
1770731423585132841
1770731423684291450
1770731423781340763
1770731423887372696
1770731423988095249
1770731424085114469
1770731424184530590
1770731424294388270
1770731424386454079
1770731424487572093
1770731424584238233
1770731424684546312
1770731424783910540
1770731424883438045
1770731424983159466
1770731425082811084
1770731425182409246
1770731425283935020
1770731425383918466
1770731425481611107
1770731425580281755
1770731425681595183
1770731425783523520
1770731425883125216
1770731425983929963
1770731426082393817
1770731426182952587
1770731426283726383
1770731426383616909
1770731426483103274
1770731426582856277
1770731426682658311
1770731426783507169
1770731426882153614
1770731426983189386
1770731427083021006
1770731427183656818
1770731427277382801
1770731427384297212
1770731427490388837
1770731427580932749
1770731427684325812
1770731427782927033
1770731427886716328
1770731427984046317
1770731428083098989
1770731428181904441
1770731428283214683
1770731428382352683
1770731428482204668
1770731428581855048
1770731428681937019
1770731428781598330
1770731428881759352
1770731428993386315
1770731429083459425
1770731429180643650
1770731429281579187
1770731429385578003
1770731429480425316
1770731429580120589
1770731429681014441
1770731429781726555
1770731429880297544
1770731429981100686
1770731430079096388
1770731430189263839
1770731430280345227
1770731430381495952
1770731430487756773
1770731430581066905
1770731430682386400
1770731430777047194
1770731430881153252
1770731430979656612
1770731431080911247
1770731431181319057
1770731431280712642
1770731431379919807
1770731431483265187
1770731431580135134
1770731431681593799
1770731431781492651
1770731431882941621
1770731431983929730
1770731432079556475
1770731432181348695
1770731432277353947
1770731432379086424
1770731432503334112
1770731432575399789
1770731432680576917
1770731432780399437
1770731432882108769
1770731432980204675
1770731433079468880
1770731433180125961
1770731433279270921
1770731433381831101
1770731433479337094
1770731433577878365
1770731433679882222
1770731433780184292
1770731433881600503
1770731433978175252
1770731434079408641
1770731434179456674
1770731434279689261
1770731434379894604
1770731434478126559
1770731434578647283
1770731434678442858
1770731434773734312
1770731434877851309
1770731434978411985
1770731435077670254
1770731435177485040
1770731435279217897
1770731435381218390
1770731435479310836
1770731435578225400
1770731435679225318
1770731435776562807
1770731435879268428
1770731435976526252
1770731436077282508
1770731436177266416
1770731436277591830
1770731436377270619
1770731436478659285
1770731436577225772
1770731436675993406
1770731436778706472
1770731436876330476
1770731436973484523
1770731437073140324
1770731437179928130
1770731437277895416
1770731437376879386
1770731437477285880
1770731437576763039
1770731437676377370
1770731437776582318
1770731437873802910
1770731437976641593
1770731438076688757
1770731438177609804
1770731438276167196
1770731438376839968
1770731438475572033
1770731438575756687
1770731438671940751
1770731438774220141
1770731438877009560
1770731438975967645
1770731439075478191
1770731439174944180
1770731439270574182
1770731439373214345
1770731439476501909
1770731439573855305
1770731439674541030
1770731439774627866
1770731439874350768
1770731439974424851
1770731440079072931
1770731440173885799
1770731440274206109
1770731440372972644
1770731440470569898
1770731440571798121
1770731440673167087
1770731440773929291
1770731440872365982
1770731440973271647
1770731441074251608
1770731441173930370
1770731441272936913
1770731441375646416
1770731441480011448
1770731441571024529
1770731441675176365
1770731441772354809
1770731441872298246
1770731441974081941
1770731442072862526
1770731442174585796
1770731442271561603
1770731442384760813
1770731442469748649
1770731442572604079
1770731442670614303
1770731442772286096
1770731442871428521
1770731442971381901
1770731443071069945
1770731443181674793
1770731443270170565
1770731443371660671
1770731443469436883
1770731443573423493
1770731443670638028
1770731443770781614
1770731443865985777
1770731443971482608
1770731444072125028
1770731444171186929
1770731444270892454
1770731444371395805
1770731444471999662
1770731444571075680
1770731444669566893
1770731444771302479
1770731444870804235
1770731444971848727
1770731445072364247
1770731445173792269
1770731445270493951
1770731445371492324
1770731445470762003
1770731445570213616
1770731445670759676
1770731445766542465
1770731445870865039
1770731445972768672
1770731446070610906
1770731446166729813
1770731446269207210
1770731446370108713
1770731446470367124
1770731446570612335
1770731446670919603
1770731446769839091
1770731446869986679
1770731446969005902
1770731447068598023
1770731447170914298
1770731447270024999
1770731447370108264
1770731447468279168
1770731447569168931
1770731447668229226
1770731447767956546
1770731447868154010
1770731447969455488
1770731448069621676
1770731448169683300
1770731448269483467
1770731448370171241
1770731448464344529
1770731448569663150
1770731448681744046
1770731448771039391
1770731448877100956
1770731448968294020
1770731449071447775
1770731449170002981
1770731449270845609
1770731449371030784
1770731449469891606
1770731449569060649
1770731449673555887
1770731449770255558
1770731449866423138
1770731449967571206
1770731450068150239
1770731450167915760
1770731450268588092
1770731450370362101
1770731450468448776
1770731450569197556
1770731450667364423
1770731450772274312
1770731450870525546
1770731450972588000
1770731451069545958
1770731451170349834
1770731451269642028
1770731451369194601
1770731451468756758
1770731451568751448
1770731451668857171
1770731451769649028
1770731451870188829
1770731451969822825
1770731452066309701
1770731452166830968
1770731452270312136
1770731452368649776
1770731452467823878
1770731452568405186
1770731452670034687
1770731452770541145
1770731452863287995
1770731452976376847
1770731453066224992
1770731453166682359
1770731453269231422
1770731453367797725
1770731453468206033
1770731453566951214
1770731453667562266
1770731453767024490
1770731453867065918
1770731453967444805
1770731454067118431
1770731454167219704
1770731454266227571
1770731454367244682
1770731454467885699
1770731454565794894
1770731454665996339
1770731454765399519
1770731454867092403
1770731454965021645
1770731455066503465
1770731455165775398
1770731455270785470
1770731455375344962
1770731455481331775
1770731455568259623
1770731455666532167
1770731455768384258
1770731455865572819
1770731455964580300
1770731456066730757
1770731456172445843
1770731456266863724
1770731456364431376
1770731456464973741
1770731456565045691
1770731456665137326
1770731456767042575
1770731456864969651
1770731456964804308
1770731457071307216
1770731457169641141
1770731457263859462
1770731457365541237
1770731457464492192
1770731457563145016
1770731457670049032
1770731457765311182
1770731457861027547
1770731457963345669
1770731458065806326
1770731458163870395
1770731458263862896
1770731458363095090
1770731458465239513
1770731458564482275
1770731458663672940
1770731458764066621
1770731458863243996
1770731458963477935
1770731459063441496
1770731459160683606
1770731459265121971
1770731459364158494
1770731459462592847
1770731459563765927
1770731459663603532
1770731459760509824
1770731459868533437
1770731459973558507
1770731460062644601
1770731460164178471
1770731460263955868
1770731460364319732
1770731460463486362
1770731460563166461
1770731460663679735
1770731460764492254
1770731460861945678
1770731460962689267
1770731461061358363
1770731461163556472
1770731461262416246
1770731461362968140
1770731461461802152
1770731461565726728
1770731461663807429
1770731461762008546
1770731461865439553
1770731461965914948
1770731462060759691
1770731462176817000
1770731462266034592
1770731462362230301
1770731462461830964
1770731462576596810
1770731462660202994
1770731462762387613
1770731462860822978
1770731462962319045
1770731463061226145
1770731463162505777
1770731463260519829
1770731463361617990
1770731463458348092
1770731463562460952
1770731463657766530
1770731463760957712
1770731463862450518
1770731463964478179
1770731464066648471
1770731464165120330
1770731464262154149
1770731464360840269
1770731464456698686
1770731464569533344
1770731464659872896
1770731464760644856
1770731464859033140
1770731464962170278
1770731465061302257
1770731465161335223
1770731465259291874
1770731465359924895
1770731465462154914
1770731465561983025
1770731465660260726
1770731465761910631
1770731465865414150
1770731465956841821
1770731466059110214
1770731466158127501
1770731466261786134
1770731466361618687
1770731466458594472
1770731466559484105
1770731466654856688
1770731466757951573
1770731466857784897
1770731466960988659
1770731467060141009
1770731467158920058
1770731467258987018
1770731467358239458
1770731467459044444
1770731467557998725
1770731467659372724
1770731467757929468
1770731467869417345
1770731467958526928
1770731468061840021
1770731468158151198
1770731468258790085
1770731468359179524
1770731468461812796
1770731468558989119
1770731468659141593
1770731468757556454
1770731468858490338
1770731468958625902
1770731469064563752
1770731469154911517
1770731469258295211
1770731469358239788
1770731469457053986
1770731469556255729
1770731469656235534
1770731469757319682
1770731469858679227
1770731469957380903
1770731470055825861
1770731470156747926
1770731470257651663
1770731470357278741
1770731470457055642
1770731470557394882
1770731470657742287
1770731470760389084
1770731470856728177
1770731470956638528
1770731471057866996
1770731471156604015
1770731471264532886
1770731471357371566
1770731471457324658
1770731471555666581
1770731471658743882
1770731471756090915
1770731471855625890
1770731471955377262
1770731472058787890
1770731472156006456
1770731472256419627
1770731472355705738
1770731472456298902
1770731472557102672
1770731472656470011
1770731472754207321
1770731472855556540
1770731472952843226
1770731473056186652
1770731473156114012
1770731473256119146
1770731473355405920
1770731473456893643
1770731473558273369
1770731473665797792
1770731473756016282
1770731473857857103
1770731473953294884
1770731474055917099
1770731474154658035
1770731474255895645
1770731474354941759
1770731474455434232
1770731474555066729
1770731474655310560
1770731474755792895
1770731474854958713
1770731474953326254
1770731475054527344
1770731475154961263
1770731475254771396
1770731475354583012
1770731475454644615
1770731475553934977
1770731475653589038
1770731475754946666
1770731475852421044
1770731475950936685
1770731476048005957
1770731476155137220
1770731476254774088
1770731476357591634
1770731476453916044
1770731476554778535
1770731476655042209
1770731476754754201
1770731476853517155
1770731476954971958
1770731477054420429
1770731477152878823
1770731477252876787
1770731477352872227
1770731477453400298
1770731477553283747
1770731477653340558
1770731477752445634
1770731477854265163
1770731477953563277
1770731478054752234
1770731478154338332
1770731478261201534
1770731478349093683
1770731478452218705
1770731478553720227
1770731478651923913
1770731478751339172
1770731478855889153
1770731478953634673
1770731479051958830
1770731479152204247
1770731479253593939
1770731479365061554
1770731479450394800
1770731479554260196
1770731479653633457
1770731479753335846
1770731479852649491
1770731479952507059
1770731480053853052
1770731480153074111
1770731480252950404
1770731480352729261
1770731480452260483
1770731480547543585
1770731480647845492
1770731480748583856
1770731480855732717
1770731480949154351
1770731481050805948
1770731481151606616
1770731481251733530
1770731481351359324
1770731481462788242
1770731481559680580
1770731481649395895
1770731481753454168
1770731481852911116
1770731481951835516
1770731482051692632
1770731482150362861
1770731482250904602
1770731482351530533
1770731482451227217
1770731482550287329
1770731482650863318
1770731482747936971
1770731482853215771
1770731482968445054
1770731483050834715
1770731483150620331
1770731483250275319
1770731483349936760
1770731483451219381
1770731483549887646
1770731483649725542
1770731483749829836
1770731483850026038
1770731483950136720
1770731484051553011
1770731484149966563
1770731484249006082
1770731484349510606
1770731484449758640
1770731484549203719
1770731484650258712
1770731484749721188
1770731484848439695
1770731484951137146
1770731485051461296
1770731485161886235
1770731485248978250
1770731485346501193
1770731485449643570
1770731485552422777
1770731485647937479
1770731485755315472
1770731485848753086
1770731485949116351
1770731486049517904
1770731486150316538
1770731486248140022
1770731486349517239
1770731486447935148
1770731486548233541
1770731486647632317
1770731486746876734
1770731486847975835
1770731486947396604
1770731487048730658
1770731487146611758
1770731487255271140
1770731487343911175
1770731487447461441
1770731487545785078
1770731487645353180
1770731487745736871
1770731487848594537
1770731487948271650
1770731488046952226
1770731488148084945
1770731488246703994
1770731488347136638
1770731488446445160
1770731488546092558
1770731488645853726
1770731488746173665
1770731488846305411
1770731488947455215
1770731489046330459
1770731489146619562
1770731489246893620
1770731489355139370
1770731489447857132
1770731489546635064
1770731489646999581
1770731489754510030
1770731489845193126
1770731489941403577
1770731490045983624
1770731490157228723
1770731490246641152
1770731490347086042
1770731490447029069
1770731490545717888
1770731490645939486
1770731490747099853
1770731490845804458
1770731490945523977
1770731491044117646
1770731491151944986
1770731491243385745
1770731491344441917
1770731491445583161
1770731491545289054
1770731491645844859
1770731491744268146
1770731491844971590
1770731491946562351
1770731492043690432
1770731492143376639
1770731492259356194
1770731492341267800
1770731492444392809
1770731492549605497
1770731492646501983
1770731492744686471
1770731492844047014
1770731492943789125
1770731493046364658
1770731493143666713
1770731493244834333
1770731493344225773
1770731493443191074
1770731493544285974
1770731493643832233
1770731493744677082
1770731493846545309
1770731493947100803
1770731494045837297
1770731494141944976
1770731494260426198
1770731494342215838
1770731494443612506
1770731494539542928
1770731494644606988
1770731494742748003
1770731494844394801
1770731494942559895
1770731495043504483
1770731495141836556
1770731495243352456
1770731495343280510
1770731495443764187
1770731495538880921
1770731495643151057
1770731495742947476
1770731495844454732
1770731495943117378
1770731496043326938
1770731496142619677
1770731496243878331
1770731496343126924
1770731496442749328
1770731496541106433
1770731496641567543
1770731496740598008
1770731496841934224
1770731496938323272
1770731497046461078
1770731497143772809
1770731497248099294
1770731497342471775
1770731497449940502
1770731497543180913
1770731497642784801
1770731497743346125
1770731497841760261
1770731497942440130
1770731498041866730
1770731498142473854
1770731498242593256
1770731498343277323
1770731498445673361
1770731498545901897
1770731498644055615
1770731498742871133
1770731498842368982
1770731498943304976
1770731499044340419
1770731499141253764
1770731499241244622
1770731499340375963
1770731499441878971
1770731499541554607
1770731499642929450
1770731499742120333
1770731499842015923
1770731499942352636
1770731500040872878
1770731500142395797
1770731500239696217
1770731500341932256
1770731500442350250
1770731500541447353
1770731500641849562
1770731500742712762
1770731500843873206
1770731500940754891
1770731501041077102
1770731501142105545
1770731501240476347
1770731501344346683
1770731501440967720
1770731501539835816
1770731501635951835
1770731501741257455
1770731501842062626
1770731501939800853
1770731502038567252
1770731502140516339
1770731502238389245
1770731502340744150
1770731502438689310
1770731502539845281
1770731502636902690
1770731502739064706
1770731502837204354
1770731502938006675
1770731503041017809
1770731503139393722
1770731503238528883
1770731503343742963
1770731503438616549
1770731503538878675
1770731503638658640
1770731503737732671
1770731503840653727
1770731503937426124
1770731504039380199
1770731504138160802
1770731504238450044
1770731504337623992
1770731504438395375
1770731504538076695
1770731504638526859
1770731504738550507
1770731504839193040
1770731504938411404
1770731505037853998
1770731505139052903
1770731505238779985
1770731505339154975
1770731505444259431
1770731505539976219
1770731505639630567
1770731505737875906
1770731505841159820
1770731505936783497
1770731506039921839
1770731506142953632
1770731506236179821
1770731506338584669
1770731506436988766
1770731506537399298
1770731506636902399
1770731506737206464
1770731506837878493
1770731506937215352
1770731507037403463
1770731507137273788
1770731507237597274
1770731507338090575
1770731507437072482
1770731507537560123
1770731507637501929
1770731507737967802
1770731507837052304
1770731507936582519
1770731508036599755
1770731508137002111
1770731508243450391
1770731508336646613
1770731508430685520
1770731508538278191
1770731508639559396
1770731508736799543
1770731508836123377
1770731508937197294
1770731509036652152
1770731509135978374
1770731509235451127
1770731509334878865
1770731509435113473
1770731509536146307
1770731509635419473
1770731509734898767
1770731509835339076
1770731509937593786
1770731510034944772
1770731510135547335
1770731510235686131
1770731510337895432
1770731510435915528
1770731510537362128
1770731510635054873
1770731510738195953
1770731510838205063
1770731510935130098
1770731511035192118
1770731511144552865
1770731511237857994
1770731511334502302
1770731511433814042
1770731511535170353
1770731511633456144
1770731511733389883
1770731511833458942
1770731511933526532
1770731512034103823
1770731512134251711
1770731512253776909
1770731512342509699
1770731512433840008
1770731512534776603
1770731512636925981
1770731512734358385
1770731512833338373
1770731512933212805
1770731513034035994
1770731513129176888
1770731513235076132
1770731513333519836
1770731513432092368
1770731513535348113
1770731513634201019
1770731513732843520
1770731513832671720
1770731513932854751
1770731514032781732
1770731514132084919
1770731514232362894
1770731514333778061
1770731514432538079
1770731514532618765
1770731514632260087
1770731514731776839
1770731514833133022
1770731514932298724
1770731515031858172
1770731515132808012
1770731515231550276
1770731515329467246
1770731515432510871
1770731515532409054
1770731515633346357
1770731515731749254
1770731515830936634
1770731515931779444
1770731516032151589
1770731516130511932
1770731516231820147
1770731516331159827
1770731516431475542
1770731516531733416
1770731516648052463
1770731516732503932
1770731516825343085
1770731516934210551
1770731517034141159
1770731517132377207
1770731517248696768
1770731517332435587
1770731517427482788
1770731517532835575
1770731517629539881
1770731517731821457
1770731517829724486
1770731517936326098
1770731518032590517
1770731518129466386
1770731518230953946
1770731518332011896
1770731518429704568
1770731518530324951
1770731518633859050
1770731518736589508
1770731518831378590
1770731518937869998
1770731519031967073
1770731519130766553
1770731519231840639
1770731519330905506
1770731519430902458
1770731519529913953
1770731519630736756
1770731519731679749
1770731519837549477
1770731519927387903
1770731520032790104
1770731520129409134
1770731520240992379
1770731520329781971
1770731520430222327
1770731520530016018
1770731520628576501
1770731520729321968
1770731520829174683
1770731520929913363
1770731521029241684
1770731521129667857
1770731521229119991
1770731521329452261
1770731521429638568
1770731521529421441
1770731521628923875
1770731521729604718
1770731521828983237
1770731521929469915
1770731522030024730
1770731522128064402
1770731522226142218
1770731522327032597
1770731522431086559
1770731522528667162
1770731522629586421
1770731522728600682
1770731522828928039
1770731522928384168
1770731523029218167
1770731523128398277
1770731523227065931
1770731523328177811
1770731523429892156
1770731523527808151
1770731523627745224
1770731523728584112
1770731523828016853
1770731523927816213
1770731524032330949
1770731524127384887
1770731524229148190
1770731524326591669
1770731524435766168
1770731524526574454
1770731524627670942
1770731524727704572
1770731524827816911
1770731524927785573
1770731525027549882
1770731525125780307
1770731525227822784
1770731525326955908
1770731525428470269
1770731525529944450
1770731525625360514
1770731525743105305
1770731525825746506
1770731525926434211
1770731526027950991
1770731526130025974
1770731526226474435
1770731526327020621
1770731526427854842
1770731526526601254
1770731526626537101
1770731526728698014
1770731526826685076
1770731526922506420
1770731527024041217
1770731527125645850
1770731527224633687
1770731527325592144
1770731527426413113
1770731527526464953
1770731527625797280
1770731527724931469
1770731527826746145
1770731527925565968
1770731528025135638
1770731528125604385
1770731528225457735
1770731528325796260
1770731528425181263
1770731528523890058
1770731528624149600
1770731528725577756
1770731528825279281
1770731528925674301
1770731529039746924
1770731529140721851
1770731529231179090
1770731529331751543
1770731529423296621
1770731529524416326
1770731529625395379
1770731529725365489
1770731529821225191
1770731529924688893
1770731530024421368
1770731530124351950
1770731530223232041
1770731530325619633
1770731530425090215
1770731530522987021
1770731530624646643
1770731530723765796
1770731530824341943
1770731530923806083
1770731531022995049
1770731531121400010
1770731531222949414
1770731531323323403
1770731531422495365
1770731531522405853
1770731531626826000
1770731531723903266
1770731531817258651
1770731531924348046
1770731532028595134
1770731532122811978
1770731532221790100
1770731532323021855
1770731532424751497
1770731532522313455
1770731532624506962
1770731532722334980
1770731532822004688
1770731532922580213
1770731533022076146
1770731533123056545
1770731533220997569
1770731533324315091
1770731533423557487
1770731533524116108
1770731533621213228
1770731533723087499
1770731533820454404
1770731533920052851
1770731534022779464
1770731534121916717
1770731534221631990
1770731534321880073
1770731534422034666
1770731534522360819
1770731534620922413
1770731534721918624
1770731534821771328
1770731534921306358
1770731535018816156
1770731535121615443
1770731535220869060
1770731535321392311
1770731535422530948
1770731535521494460
1770731535620773351
1770731535720731951
1770731535821801868
1770731535920644172
1770731536021851584
1770731536117287159
1770731536218906814
1770731536321387082
1770731536421120495
1770731536520496717
1770731536621910914
1770731536723001802
1770731536820707003
1770731536921412207
1770731537026240817
1770731537120029833
1770731537225131234
1770731537324812060
1770731537420859731
1770731537521240647
1770731537621170297
1770731537719626147
1770731537819693383
1770731537920255860
1770731538020455042
1770731538122449701
1770731538221895586
1770731538320428623
1770731538418431919
1770731538515210798
1770731538619830000
1770731538719217637
1770731538820078659
1770731538920051860
1770731539019773070
1770731539120052507
1770731539217871497
1770731539318640467
1770731539419454826
1770731539521713051
1770731539618859429
1770731539715975293
1770731539820028402
1770731539918439070
1770731540018464641
1770731540119182909
1770731540218047038
1770731540318484467
1770731540415201254
1770731540519650410
1770731540617843669
1770731540727021929
1770731540814570514
1770731540913878654
1770731541018854226
1770731541119949121
1770731541217358684
1770731541317964925
1770731541420958184
1770731541518180864
1770731541618288404
1770731541722149693
1770731541821649442
1770731541917458894
1770731542016773657
1770731542121283124
1770731542217870129
1770731542317649293
1770731542417388853
1770731542517611164
1770731542616670923
1770731542717525956
1770731542817460330
1770731542916675692
1770731543016062267
1770731543115664044
1770731543213322181
1770731543317827412
1770731543417006378
1770731543516681600
1770731543630462398
1770731543715138532
1770731543817155585
1770731543917589018
1770731544016629410
1770731544117662366
1770731544216240066
1770731544316593725
1770731544416327098
1770731544516414336
1770731544618157709
1770731544715322260
1770731544837874677
1770731544911711906
1770731545016828658
1770731545121934581
1770731545215708196
1770731545320589863
1770731545422187466
1770731545514526236
1770731545618664552
1770731545717867705
1770731545813721017
1770731545915954048
1770731546021040412
1770731546120452302
1770731546213562966
1770731546314747380
1770731546417132822
1770731546511862199
1770731546617752001
1770731546713910693
1770731546814616083
1770731546916221003
1770731547014967804
1770731547118982052
1770731547213602747
1770731547315929696
1770731547414232793
1770731547514586342
1770731547615202235
1770731547720742217
1770731547816838855
1770731547914274306
1770731548019451052
1770731548113603425
1770731548213979517
1770731548313251732
1770731548412942565
1770731548513041611
1770731548613383274
1770731548714331961
1770731548813048595
1770731548913191108
1770731549013388796
1770731549113392929
1770731549213940860
1770731549314700314
1770731549414470595
1770731549515968417
1770731549619876332
1770731549713445007
1770731549813020011
1770731549914900769
1770731550006716128
1770731550112604080
1770731550213811976
1770731550313677936
1770731550413509701
1770731550512707813
1770731550614077846
1770731550714487809
1770731550813761291
1770731550911838807
1770731551010780938
1770731551112583797
1770731551212444515
1770731551312661353
1770731551411959214
1770731551511890409
1770731551616517336
1770731551712287197
1770731551812355760
1770731551911841776
1770731552011107902
1770731552109680232
1770731552232427139
1770731552305465859
1770731552413795896
1770731552512270676
1770731552620784312
1770731552710231545
1770731552819187602
1770731552910370359
1770731553010974402
1770731553110561573
1770731553211312148
1770731553313417922
1770731553416187355
1770731553511747885
1770731553611344774
1770731553711078599
1770731553816076940
1770731553911535956
1770731554011602496
1770731554109891554
1770731554210821177
1770731554309478243
1770731554410226003
1770731554508866277
1770731554609009778
1770731554709034555
1770731554810988649
1770731554910106210
1770731555010910992
1770731555109171882
1770731555210782613
1770731555309581525
1770731555410373933
1770731555510689561
1770731555610901752
1770731555706407735
1770731555809849174
1770731555909456956
1770731556007087816
1770731556111153838
1770731556218642926
1770731556312723424
1770731556405038131
1770731556507802476
1770731556608481985
1770731556708453827
1770731556806424575
1770731556906515516
1770731557002255768
1770731557109391627
1770731557207483864
1770731557310068337
1770731557410458785
1770731557506529487
1770731557607606630
1770731557706481242
1770731557806688965
1770731557908447008
1770731558006917209
1770731558105509458
1770731558205311212
1770731558306253256
1770731558405624644
1770731558505949643
1770731558606508842
1770731558706988447
1770731558807563876
1770731558906450204
1770731559006556230
1770731559105960539
1770731559204231366
1770731559305121408
1770731559405476557
1770731559506664587
1770731559604893640
1770731559705919475
1770731559807941472
1770731559904618006
1770731560004851246
1770731560105569527
1770731560203268145
1770731560304505651
1770731560404387545
1770731560505420934
1770731560608724881
1770731560702852676
1770731560806643443
1770731560906417455
1770731561004511329
1770731561104616516
1770731561205194591
1770731561304566872
1770731561402422886
1770731561503845864
1770731561598215960
1770731561699568440
1770731561805991841
1770731561905659674
1770731562004925774
1770731562105807229
1770731562205779587
1770731562303330765
1770731562403897250
1770731562506020983
1770731562616631382
1770731562702452316
1770731562803632152
1770731562915675724
1770731563006230978
1770731563108272328
1770731563202656381
1770731563303728497
1770731563402946219
1770731563506934248
1770731563602895574
1770731563701438033
1770731563802694020
1770731563897651919
1770731564004326986
1770731564101744892
1770731564201720016
1770731564313805317
1770731564402476828
1770731564502247389
1770731564602447143
1770731564703194832
1770731564801590885
1770731564901707923
1770731565003807569
1770731565101384033
1770731565203731178
1770731565306117496
1770731565401266192
1770731565500134400
1770731565601165618
1770731565702462163
1770731565800527682
1770731565902299718
1770731566001409131
1770731566105817397
1770731566197646066
1770731566309718562
1770731566400162657
1770731566500505895
1770731566601639729
1770731566701247876
1770731566800751797
1770731566902261582
1770731567001467539
1770731567100394869
1770731567200433851
1770731567300695640
1770731567399963068
1770731567500104504
1770731567600380340
1770731567699910971
1770731567802526944
1770731567904437964
1770731568001694307
1770731568108365280
1770731568198906014
1770731568302170098
1770731568401573172
1770731568499563378
1770731568602092859
1770731568699753554
1770731568800455562
1770731568902523581
1770731568998725845
1770731569100242367
1770731569199484770
1770731569305487065
1770731569401733275
1770731569500394552
1770731569599553926
1770731569700290273
1770731569799995355
1770731569899968704
1770731569999692249
1770731570099503177
1770731570200091650
1770731570305626285
1770731570400584216
1770731570501125098
1770731570601120957
1770731570700495327
1770731570797766143
1770731570900065044
1770731571000354063
1770731571099958421
1770731571201575415
1770731571300336630
1770731571401163228
1770731571499073794
1770731571599487712
1770731571699973918
1770731571798261529
1770731571906261726
1770731571998972477
1770731572099491933
1770731572198919847
1770731572299816077
1770731572399794678
1770731572501734813
1770731572598375775
1770731572698535641
1770731572799258495
1770731572899070329
1770731572998796156
1770731573092969429
1770731573193945259
1770731573298235401
1770731573401215324
1770731573499326478
1770731573598606804
1770731573699505536
1770731573798514518
1770731573899004344
1770731573997451724
1770731574096513564
1770731574198860340
1770731574297214425
1770731574397318007
1770731574498676561
1770731574594523077
1770731574697445046
1770731574797375512
1770731574897252905
1770731574997167437
1770731575097459906
1770731575198236110
1770731575297775125
1770731575397906926
1770731575494133300
1770731575596277015
1770731575697595561
1770731575797267847
1770731575897076047
1770731575996854344
1770731576096389611
1770731576198908587
1770731576296216455
1770731576406517815
1770731576493182060
1770731576593050158
1770731576693416511
1770731576797471068
1770731576897182986
1770731576996389910
1770731577096356177
1770731577197004036
1770731577296630771
1770731577396302106
1770731577495830006
1770731577600940436
1770731577696578032
1770731577802698397
1770731577893523728
1770731577996094991
1770731578096217183
1770731578195502728
1770731578296683249
1770731578395663639
1770731578496595827
1770731578594035223
1770731578695035979
1770731578794994177
1770731578895649891
1770731578993236157
1770731579094844523
1770731579194769925
1770731579292444306
1770731579396254172
1770731579498326582
1770731579616814105
1770731579690919747
1770731579798094248
1770731579894400066
1770731579993952062
1770731580098975452
1770731580212285582
1770731580294837206
1770731580395334094
1770731580494709059
1770731580594564235
1770731580694403737
1770731580794506761
1770731580894572146
1770731580993977751
1770731581094238622
1770731581194906002
1770731581293647788
1770731581393806519
1770731581493530997
1770731581593782692
1770731581693604679
1770731581794592325
1770731581893630660
1770731581993620397
1770731582093964530
1770731582193683121
1770731582294312665
1770731582393413831
1770731582489846402
1770731582590854726
1770731582697513098
1770731582793022792
1770731582891989286
1770731582992508779
1770731583105023538
1770731583196510244
1770731583291985557
1770731583392965587
1770731583493441538
1770731583592147859
1770731583690949339
1770731583790117125
1770731583892315771
1770731583994270208
1770731584092839293
1770731584193832476
1770731584293234423
1770731584392728779
1770731584491502060
1770731584591473178
1770731584690336458
1770731584792263054
1770731584893610973
1770731584991302355
1770731585092333594
1770731585192418103
1770731585292516782
1770731585391700965
1770731585491763667
1770731585591599373
1770731585691380249
1770731585791564177
1770731585889308145
1770731585991593097
1770731586090920153
1770731586195199086
1770731586293615413
1770731586392406017
1770731586490370260
1770731586590861194
