1403636579.763555527 0.000000000 0.000000000 0.000000000 -0.000000000 -0.000000000 -0.000000000 1.000000000
1403636580.063555479 -0.001421926 0.130625248 0.040829383 -0.020734515 0.005947299 -0.000446264 0.999767244
1403636580.413555384 -0.006093877 0.279737324 0.075474590 -0.046741266 0.003725410 -0.001781188 0.998898506
1403636580.863555670 -0.012275700 0.139770135 0.039192248 -0.049000345 0.012473753 -0.012353446 0.998644471
1403636581.063555479 -0.018107282 -0.007731127 0.008660804 -0.020114260 0.019296266 -0.019060405 0.999429762
1403636581.313555479 -0.017213915 -0.130923182 -0.022644315 0.018905766 0.020578576 -0.011676026 0.999541283
1403636582.163555622 -0.001024434 0.252733976 0.066562817 -0.053122979 0.020462859 -0.009801602 0.998330176
1403636582.263555527 -0.003509608 0.260441482 0.067273200 -0.062507316 0.017673351 -0.010429536 0.997833550
1403636583.113555431 -0.002360143 -0.168760851 -0.038463801 0.020147936 0.042582486 -0.006445152 0.998869002
1403636586.363555670 0.006228513 0.108217299 -0.018676208 -0.166823134 0.043425873 0.012650272 0.984948814
1403636587.613555431 0.141429275 0.086724043 -0.005938049 -0.197703347 0.032367092 0.016302362 0.979591787
1403636588.163555622 0.325667143 0.083595991 0.013182024 -0.205245703 0.065936156 0.032293037 0.975952804
1403636589.613555431 -0.076580621 0.092565112 -0.037771914 -0.193614066 0.020510253 0.013833727 0.980765820
1403636589.813555479 -0.167658269 0.102050655 -0.043989465 -0.194059014 0.010248938 0.010812230 0.980876744
1403636589.963555574 -0.221869931 0.111543909 -0.047967151 -0.202109799 -0.002548643 0.009314657 0.979315281
1403636591.613555431 0.179858044 0.114326797 -0.017472018 -0.190741241 0.040585019 0.021784591 0.980559111
1403636592.263555527 0.246017948 0.097519264 0.066241421 -0.159333527 0.103307918 0.043392256 0.980845273
1403636592.613555431 0.235223174 0.063521944 0.165136829 -0.158503339 0.068481386 0.036880925 0.984290004
1403636592.913555384 0.127108485 0.049095448 0.226584852 -0.156748220 -0.003036304 0.012117559 0.987559617
1403636593.113555431 0.008985780 0.058686048 0.206826985 -0.167337582 -0.058751263 -0.003224801 0.984142303
1403636593.313555479 -0.105176419 0.079559222 0.139884144 -0.171105236 -0.103202529 -0.003781256 0.979825497
1403636593.513555527 -0.162349999 0.112434879 0.051492862 -0.178445786 -0.106170304 -0.006910257 0.978180587
1403636593.713555574 -0.150064051 0.152154922 -0.030891679 -0.192590252 -0.078577012 0.009483573 0.978082180
1403636593.813555479 -0.119998291 0.167470977 -0.065379694 -0.197367564 -0.048978772 0.022829313 0.978839099
1403636593.913555384 -0.078889176 0.177115202 -0.094656646 -0.191177145 -0.010326142 0.038320892 0.980752885
1403636594.013555527 -0.027501753 0.182478458 -0.113053933 -0.179639474 0.030050986 0.050862279 0.981957018
1403636594.263555527 0.117673457 0.178690344 -0.105464414 -0.173421472 0.110333934 0.074420564 0.975814044
1403636594.613555431 0.286398292 0.136134535 0.031170273 -0.151483059 0.140634164 0.064221807 0.976294279
1403636594.913555384 0.237775490 0.105024979 0.151520416 -0.137815773 0.094811969 0.047357667 0.984771430
1403636595.113555431 0.092512995 0.105749719 0.176965386 -0.138109088 0.018316615 0.017708139 0.990089297
1403636595.463555574 -0.100760616 0.138657272 0.115005516 -0.153980523 -0.076798424 -0.006621802 0.985062540
1403636595.813555479 -0.007575487 0.181095153 0.013322564 -0.164761513 -0.044350673 -0.008199064 0.985301733
1403636595.963555574 0.076168977 0.200284630 -0.021363502 -0.165549532 0.003247326 0.002020588 0.986194074
1403636596.113555431 0.134671584 0.218174219 -0.063565172 -0.172225729 0.046791311 0.015315778 0.983826399
1403636596.613555431 0.014688259 0.233914748 -0.238021925 -0.157654822 0.063436262 0.020217475 0.985247254
1403636597.563555479 0.057957377 0.113422327 0.123707868 -0.162268728 -0.009642712 -0.025818342 0.986361623
1403636597.813555479 0.008448152 0.109359428 0.148993567 -0.141078681 -0.062745832 -0.032602694 0.987469912
1403636598.263555527 -0.031300832 0.187453672 -0.006215324 -0.174640700 -0.070989847 -0.051658802 0.980710149
1403636598.563555479 0.001294288 0.229875460 0.000654979 -0.180769771 -0.058281861 -0.057344001 0.980121017
1403636598.813555479 0.025678366 0.240574300 0.090292104 -0.133246049 -0.085804820 -0.053592999 0.985906065
1403636598.963555574 0.037532363 0.258782774 0.143619388 -0.101366647 -0.091226228 -0.050132342 0.989388347
1403636599.063555479 0.042851694 0.272234976 0.171506748 -0.084961735 -0.094127908 -0.048048519 0.990763783
1403636599.113555431 0.044723798 0.277284771 0.182389617 -0.075273037 -0.098274127 -0.045518868 0.991263986
1403636599.163555622 0.046148650 0.280481368 0.191350982 -0.062881596 -0.102857776 -0.042056337 0.991815269
1403636599.313555479 0.048372567 0.286089867 0.216259629 -0.017680887 -0.103942886 -0.035007332 0.993809760
1403636599.613555431 0.051767770 0.304898679 0.250219673 -0.007412492 -0.085109122 -0.031940825 0.995831966
1403636610.763555527 0.059286587 0.313231230 0.253737271 0.019219212 -0.085598059 -0.018527007 0.995972097
1403636624.313555479 0.060896728 0.313084811 0.253439367 0.015900914 -0.081647910 -0.018132143 0.996369421
1403636624.813555479 0.103170022 0.322641730 0.229105726 -0.003874796 -0.065852739 -0.037605464 0.997112930
1403636625.063555479 0.140427276 0.307850420 0.188798428 -0.031872138 -0.056395672 -0.070071973 0.995436430
1403636625.413555384 0.150385693 0.241684124 0.146348253 -0.030484721 -0.065306790 -0.054397255 0.995914996
1403636627.713555574 0.219875485 -0.056828119 0.118772857 -0.016906720 -0.066154793 -0.043074302 0.996735811
1403636629.113555431 0.456100881 -0.194369420 0.191280261 -0.028251216 0.002216879 -0.023646794 0.999318659
1403636629.613555431 0.603369892 -0.237260044 0.279873163 -0.015002086 0.050629396 0.009770654 0.998557031
1403636629.963555574 0.749062657 -0.195300207 0.379783958 -0.037161402 0.122823223 0.026178954 0.991387010
1403636630.163555622 0.838648736 -0.203491375 0.452406496 -0.023354461 0.146206930 0.031362083 0.988480926
1403636630.313555479 0.906662345 -0.229769528 0.507523537 -0.006735654 0.155285344 0.031260006 0.987351954
1403636630.813555479 1.122792482 -0.360167682 0.659470201 -0.018753987 0.151269823 0.021243447 0.988086283
1403636631.813555479 1.492729306 -0.422347248 1.068262935 -0.012375724 0.139166340 0.016475106 0.990054667
1403636633.263555527 1.795805573 -0.537626028 1.682708025 -0.019440999 0.032670174 -0.022493238 0.999023914
1403636634.413555384 2.061901331 -0.719504952 2.387005091 -0.016436275 0.033755824 -0.010129319 0.999243617
1403636635.263555527 2.290830851 -0.911049783 2.940400124 -0.022941610 -0.004033712 -0.032499615 0.999200284
1403636636.063555479 2.484907866 -1.205265522 3.466858625 -0.029669639 -0.009260145 -0.008946468 0.999476850
1403636636.713555574 2.711343288 -1.539799213 3.889038563 0.012175632 0.004150606 -0.050054125 0.998663664
1403636638.013555527 2.805060148 -1.775762439 4.459985733 -0.011120059 -0.015228201 -0.033474129 0.999261677
1403636639.163555622 2.882908821 -1.941900969 5.065229416 -0.023149539 -0.029266492 -0.003505711 0.999297440
1403636639.913555384 3.103494644 -1.964444160 5.623551369 -0.003779640 -0.021879924 -0.032364260 0.999229491
1403636640.913555384 3.331435204 -2.123118401 6.137140751 -0.009734635 -0.058489736 -0.051283758 0.996922374
1403636643.363555670 3.695051432 -2.263172626 6.734415531 -0.013034162 0.001103928 -0.020492062 0.999704480
1403636644.913555384 4.069433689 -2.383421898 7.387344360 -0.003163461 0.000913379 -0.027307088 0.999621689
1403636645.913555384 4.450144768 -2.450282812 8.075915337 -0.037569329 0.004892241 -0.022964034 0.999018133
1403636646.463555574 4.683979988 -2.686028957 8.551026344 0.006616984 0.098505460 0.029997425 0.994662285
1403636647.113555431 5.008016109 -2.956406116 8.939517975 -0.002239332 0.158375338 0.031247584 0.986881852
1403636648.163555622 5.548813820 -3.138400555 9.302048683 0.005650050 0.204505622 0.052093837 0.977461934
1403636649.213555574 6.101657867 -3.081649065 9.383828163 -0.001863581 0.351632893 0.094174251 0.931387186
1403636650.913555384 6.720731258 -3.278007507 9.019372940 0.001717406 0.493205726 0.142335117 0.858187556
1403636652.463555574 6.745639324 -3.038678646 8.410464287 -0.006939569 0.619323194 0.202300400 0.758594215
1403636653.913555384 6.938563824 -2.862340450 7.701871872 0.008055486 0.640099168 0.179480061 0.746990681
1403636655.013555527 6.849795341 -2.752955675 7.278883934 0.001598007 0.716215253 0.219370469 0.662502646
1403636655.913555384 6.582734108 -2.545788527 7.025505066 0.008749207 0.763249636 0.259716243 0.591541171
1403636656.613555431 6.336311817 -2.422317505 6.713636398 -0.001358303 0.792602718 0.267421722 0.547964275
1403636657.563555479 5.967510223 -2.239288330 6.277934074 0.017470257 0.784386158 0.266787559 0.559694171
1403636658.463555574 5.503230572 -1.947307229 5.740314484 -0.008537228 0.794831932 0.268280864 0.544237733
1403636659.463555574 5.199966908 -1.543059230 5.226724625 -0.005169122 0.800039589 0.252217561 0.544331014
1403636660.313555479 4.995119095 -1.231680751 5.073977470 -0.021145204 0.799033701 0.270352602 0.536663413
1403636661.463555574 5.146919727 -0.838271916 5.175636768 0.001481262 0.808125019 0.238523781 0.538551927
1403636663.413555384 5.058351517 -0.847528815 5.690387726 -0.023150774 0.797106087 0.281162858 0.533885181
1403636664.813555479 5.787587166 -0.724819422 6.084574699 -0.002333534 0.792114556 0.239546359 0.561397135
1403636666.413555384 6.592360020 -1.138420820 6.951019764 0.019358851 0.788755298 0.244636118 0.563598692
1403636668.363555670 7.235739231 -1.354369402 7.687878132 -0.016478481 0.783764124 0.258047104 0.564671576
1403636669.413555384 7.744183540 -1.353552938 8.137658119 -0.002017617 0.799192905 0.234784827 0.553319693
1403636670.363555670 7.843386650 -1.538341999 8.714858055 0.091587864 0.768212736 0.269871384 0.573262751
1403636671.813555479 6.517633438 -1.452270031 7.382491112 -0.049057771 0.568599224 0.203004777 0.795661569
1403636673.313555479 6.210084915 -1.273907542 6.346024036 -0.059717439 0.528490245 0.166816980 0.830243409
1403636675.863555670 7.113351345 -1.383515596 7.553799152 0.001432272 0.429080635 0.107540429 0.896840513
1403636676.663555622 7.415990829 -1.390277267 8.197735786 -0.025252651 0.267662197 0.051381994 0.961810350
1403636678.013555527 7.591055870 -1.638787508 9.196307182 -0.007865722 0.097492501 0.036141556 0.994548678
1403636679.363555670 7.608633041 -1.825649381 9.658641815 0.002321382 -0.173047915 -0.084227100 0.981302679
1403636681.513555527 6.930558681 -1.901021838 9.100239754 -0.002536244 -0.235448137 -0.109132774 0.965736926
1403636683.313555479 5.929440022 -1.637799621 8.163639069 0.002590122 -0.236918077 -0.108631991 0.965433717
1403636685.063555479 5.167064667 -1.266416669 7.073194981 0.000643296 -0.255470067 -0.114730917 0.959985137
1403636686.163555622 4.830055237 -0.959243178 6.334031582 -0.013262282 -0.244860068 -0.109331176 0.963283122
1403636687.013555527 4.544578552 -0.787873805 5.827297688 -0.014347906 -0.248542935 -0.103896543 0.962925792
1403636687.763555527 4.348761559 -0.657198131 5.489650249 -0.005286037 -0.254408270 -0.099474490 0.961952925
1403636688.363555670 4.258166313 -0.401169211 5.266001701 -0.005877708 -0.253342688 -0.108239137 0.961284161
1403636688.913555384 4.157862663 -0.163686663 5.043622017 -0.008557537 -0.255863279 -0.126230314 0.958397985
1403636689.513555527 3.961351633 -0.076051712 4.758009434 -0.025074424 -0.288553804 -0.121727653 0.949363172
1403636690.463555574 3.648660183 -0.202973619 4.617855072 -0.038625382 -0.283129275 -0.116910525 0.951145589
1403636691.213555574 3.564691067 -0.285390049 4.906352043 0.020233708 -0.306202441 -0.053873993 0.950225413
1403636691.713555574 3.861633778 -0.442163110 5.052875042 -0.003386021 -0.295592189 -0.117758632 0.948022544
1403636692.963555574 4.671422482 -0.956935585 5.103420258 -0.012297200 -0.273950428 -0.158617347 0.948493838
1403636693.763555527 4.878880024 -1.146014810 5.083453178 -0.053591155 -0.288388401 -0.132706165 0.946757197
1403636695.413555384 4.921770096 -1.301865816 5.489142895 -0.012506372 -0.285142303 -0.119584024 0.950913846
1403636699.213555574 4.330065250 -1.050734043 5.199769020 -0.016905595 0.049670957 0.004768078 0.998611212
1403636700.363555670 4.212267876 -0.892980933 5.068749428 -0.009024235 0.232216582 0.081975110 0.969161570
1403636701.213555574 4.380339622 -0.619380176 4.968725204 -0.025248153 0.290849447 0.086772054 0.952491343
1403636702.313555479 4.703482628 -0.567112148 4.858224392 -0.008369036 0.364804953 0.110055931 0.924518764
1403636703.513555527 5.139813900 -0.239045203 5.012065887 -0.001930141 0.387827337 0.115425140 0.914474308
1403636704.963555574 5.770799160 -0.199865103 5.166508675 -0.051495764 0.372283190 0.114025168 0.919647634
1403636705.663555622 6.198157787 -0.228527367 5.525254726 -0.033247314 0.373931020 0.101637140 0.921270907
1403636706.013555527 6.412407398 -0.266332567 5.757566452 -0.003032393 0.368156224 0.114059344 0.922736287
1403636706.413555384 6.667123318 -0.309751391 5.995189667 -0.009530882 0.369355828 0.094735064 0.924397528
1403636707.213555574 7.123551369 -0.470086634 6.470403671 -0.022602700 0.379832447 0.095806107 0.919803023
1403636708.213555574 7.658689976 -0.841028035 7.226921082 -0.013384371 0.372893304 0.105552569 0.921753824
1403636709.213555574 8.243587494 -0.923369706 7.933079720 0.002358389 0.392442226 0.085217185 0.915817440
1403636710.763555527 8.377258301 -1.081807375 9.000245094 0.006264906 0.321458519 0.101672195 0.941428661
1403636712.413555384 7.897570133 -1.339369535 9.574990273 0.011565077 0.248941839 0.045092128 0.967399061
1403636714.313555479 6.709547997 -1.616728187 8.867075920 0.001312239 0.214195445 0.058361549 0.975044906
1403636717.513555527 6.087852955 -1.366673470 7.610580921 -0.006417072 -0.014029738 -0.058353066 0.998176813
1403636720.163555622 5.143788815 -0.715267718 6.453439713 -0.014295286 -0.154358312 -0.069320627 0.985476434
1403636726.813555479 4.761068344 -0.323254287 4.414007664 0.002072139 0.098556191 0.027958198 0.994736552
1403636730.263555527 4.057829857 -0.462709695 3.079788208 -0.014355381 0.026389195 -0.018640185 0.999374866
1403636733.363555670 3.632187366 -0.169335976 2.343267202 -0.000815678 0.021569112 -0.028674062 0.999355793
1403636735.313555479 2.993200302 -0.061490122 1.458827615 -0.022454610 0.010192319 -0.016679112 0.999556780
1403636741.463555574 2.648004055 0.338293552 1.025698781 -0.007253903 0.248325482 0.067476094 0.966296434
1403636744.363555670 3.155351162 0.984235585 1.659555197 0.005760959 0.289739519 0.081268452 0.953631639
1403636745.713555574 3.519151449 1.552909374 2.063007832 0.008342656 0.281944424 0.068714447 0.956930578
1403636750.463555574 3.371160746 0.504127502 2.353600025 0.005195794 0.311666906 0.077630021 0.947000742
1403636752.363555670 3.090715647 -0.252098203 1.980547190 -0.001128895 0.263053626 0.066391252 0.962493479
1403636756.963555574 1.431217909 -0.284802586 0.983825922 0.001024595 -0.063292257 -0.052755021 0.996599197
1403636757.913555384 0.849874198 -0.171570107 0.493118018 -0.041654151 -0.090251572 -0.068354674 0.992696941
1403636761.763555527 -0.062520787 0.287812084 0.112243518 -0.007717840 -0.110776849 -0.047260761 0.992690980
1403636762.413555384 -0.127166241 0.258912325 0.107420139 -0.037421308 -0.096213520 -0.076015241 0.991748154
1403636762.563555479 -0.159150973 0.271146476 0.119397484 -0.032263286 -0.108493306 -0.039304834 0.992795765
1403636762.713555574 -0.182564467 0.299452573 0.144046530 -0.016668260 -0.114906356 -0.021011272 0.993014216
1403636762.863555670 -0.180211708 0.359009027 0.175802603 0.022745727 -0.114688881 -0.027405215 0.992762864
1403636762.913555384 -0.173256174 0.358706415 0.169321686 0.034716547 -0.110899128 -0.033544667 0.992658496
1403636762.963555574 -0.162097231 0.365057021 0.171493471 0.007996871 -0.102170750 -0.047421422 0.993603766
1403636763.063555479 -0.145914897 0.408499300 0.182566196 0.001562240 -0.084081337 -0.027687205 0.996072948
1403636763.113555431 -0.145036310 0.410154670 0.188078240 0.010259654 -0.077297948 -0.018685712 0.996780157
1403636763.213555574 -0.139308065 0.408660084 0.179267332 0.017243417 -0.068930596 -0.011925304 0.997401178
