1403637130.538319111 0.000000000 0.000000000 0.000000000 -0.000000000 -0.000000000 -0.000000000 1.000000000
1403637133.488318920 0.002998466 -0.019959340 -0.011466238 -0.008771743 0.010685675 -0.003181081 0.999899387
1403637134.238319159 0.007137051 -0.298314482 -0.083418198 -0.021299286 0.067454576 -0.015094769 0.997380793
1403637135.188318968 0.033476714 -0.058221929 -0.024822900 -0.080043234 0.061023522 0.007553797 0.994893014
1403637135.288318872 0.034289159 -0.066968739 -0.029649178 -0.094642036 0.062006313 0.005430941 0.993563592
1403637135.588319063 0.029037422 -0.274352640 -0.071576536 -0.048001520 0.077351384 -0.013455497 0.995756805
1403637135.838319063 0.018577345 -0.447711140 -0.103259526 -0.002990187 0.084092081 -0.007383944 0.996426165
1403637136.388319016 0.032144938 -0.174819171 -0.027253035 -0.073614031 0.082805365 -0.001601762 0.993841887
1403637137.888319016 0.035546433 -0.103646934 -0.020709893 -0.093989916 0.081931047 0.003115375 0.992191315
1403637137.988318920 0.036948200 -0.078396171 -0.022381101 -0.111158438 0.079575732 0.001570314 0.990610480
1403637138.038319111 0.038135331 -0.083196379 -0.024979420 -0.119008459 0.079185955 0.001775422 0.989728987
1403637138.238319159 0.041091502 -0.207615361 -0.052995779 -0.101255052 0.076753125 -0.011555901 0.991828084
1403637139.338319063 0.045420568 -0.060548481 0.024309225 -0.056904882 0.066748708 0.011121227 0.996083736
1403637144.338319063 0.051295664 -0.010039536 0.038161505 -0.002666598 0.062022004 0.018860113 0.997893035
1403637149.588319063 0.051588431 -0.009053170 0.035640396 -0.008511640 0.052207254 0.013717373 0.998505831
1403637150.088319063 0.079059474 -0.016301362 0.023956334 -0.075074382 0.044402912 -0.011705563 0.996120095
1403637150.138319016 0.087515958 -0.024203718 0.023698298 -0.080743238 0.047782660 -0.016401952 0.995453835
1403637151.388319016 0.281074315 -0.379368454 0.249336913 -0.034181643 0.065580897 -0.010793315 0.997203231
1403637151.738319159 0.323357373 -0.493365794 0.274172723 -0.040895585 0.064029858 -0.015480837 0.996989489
1403637152.438319206 0.429971993 -0.638872743 0.360254318 -0.047335442 0.061183795 -0.014098286 0.996903777
1403637153.838319063 0.725689292 -0.814352393 0.610416830 -0.040462982 0.062983237 -0.021515893 0.996961892
1403637154.988318920 1.030962110 -0.810715318 0.919647038 -0.066479169 0.099855050 -0.012290825 0.992702603
1403637155.788318872 1.273630023 -0.987586856 1.272981405 -0.027153054 0.186877549 0.039959226 0.981194615
1403637156.138319016 1.420071244 -0.972697973 1.409025908 -0.023417739 0.259214342 0.071998075 0.962847769
1403637156.488318920 1.618426681 -0.941676378 1.514215946 -0.014031173 0.347196966 0.107016511 0.931560457
1403637156.888319016 1.895798802 -0.859344065 1.547981143 -0.020225147 0.436362773 0.119000979 0.891637385
1403637157.738319159 2.581774235 -0.703290343 1.514933228 -0.022059577 0.429856956 0.144321278 0.891014993
1403637158.288318872 3.149848700 -0.716708124 1.326898694 -0.013217888 0.440262824 0.110060304 0.890999854
1403637158.738319159 3.623117208 -0.709851801 1.096127748 0.003239608 0.501830101 0.148528218 0.852112353
1403637159.238319159 4.118210316 -0.623635650 0.766197443 -0.010552610 0.540789783 0.161004841 0.825537682
1403637159.988318920 4.911449909 -0.431511819 0.165449142 -0.026221476 0.548836350 0.149376646 0.822057009
1403637160.538319111 5.530665874 -0.248475790 -0.288832664 -0.009959971 0.664156795 0.182829499 0.724824071
1403637161.188318968 6.202752113 -0.075148344 -0.768583775 -0.003147452 0.719496071 0.229261577 0.655556738
1403637161.888319016 6.944003105 -0.160849571 -1.464711189 0.022113441 0.758230209 0.199135587 0.620437741
1403637162.888319016 7.398380280 0.074949741 -2.520501614 0.054312930 0.781917810 0.195220605 0.589528143
1403637163.538319111 7.183501720 0.395246744 -3.216276169 0.048932090 0.882565737 0.228894562 0.407787532
1403637164.188318968 6.598351955 0.564971924 -3.870443344 0.067886069 0.885208070 0.271738470 0.371424824
1403637164.788318872 5.796424866 0.691891432 -4.644454956 0.041058149 0.880429387 0.264877647 0.391149819
1403637165.188318968 5.207105637 0.905914545 -5.188833714 0.028253464 0.907055616 0.244041726 0.341899753
1403637165.488318920 4.757317543 1.036806107 -5.557221889 0.018616434 0.920275629 0.272443384 0.280215651
1403637165.788318872 4.325860023 1.114436626 -5.908529758 -0.016277676 0.928489685 0.274090081 0.250033319
1403637166.138319016 3.916261911 1.239985466 -6.251359940 -0.054917753 0.926220417 0.261417806 0.266008437
1403637167.088319063 3.412309170 1.564779401 -6.542953014 -0.094388068 0.917575121 0.210730731 0.323634744
1403637167.788318872 3.739368677 1.407515287 -5.953503132 -0.009005736 0.902600169 0.264923364 0.339186579
1403637168.188318968 4.067414761 1.329245567 -5.504573345 -0.021373160 0.885432780 0.272941321 0.375572860
1403637168.688318968 4.542387962 1.378182292 -4.944967270 -0.005923124 0.889628530 0.245793149 0.384852916
1403637169.138319016 4.967704773 1.379293561 -4.428260326 -0.030553577 0.890153646 0.245468125 0.382672668
1403637169.588319063 5.460976124 1.253093839 -3.863389015 -0.027465200 0.854669034 0.207554966 0.475086778
1403637170.188318968 6.074732780 1.028792500 -2.891792297 -0.037593830 0.762726247 0.144548357 0.629238546
1403637170.688318968 6.449604511 0.922872424 -1.874484539 0.035150029 0.655007482 0.108889751 0.746908724
1403637171.388319016 6.419615269 0.723755717 -0.546054721 0.021848729 0.484328836 0.077741250 0.871151328
1403637172.838319063 4.740583420 0.287744582 1.146229267 0.005671656 0.490371376 0.163773388 0.855968475
1403637173.788318872 4.032161713 0.380556345 1.387118816 0.005718543 0.627058625 0.266277194 0.732025445
1403637174.788318872 4.281198978 0.476060390 0.625164509 0.040685523 0.727379322 0.199176073 0.655433476
1403637175.338319063 4.304045677 0.595291913 -0.052474976 0.060892690 0.798902392 0.207119092 0.561381221
1403637176.038319111 3.935673237 0.853467047 -1.002683163 0.040671110 0.797491431 0.218152687 0.561037123
1403637176.738319159 3.210552692 1.060718894 -2.017049551 0.029138064 0.815888703 0.224607840 0.532003582
1403637177.738319159 2.215456486 1.720265627 -3.470906734 -0.062977582 0.821225286 0.264288932 0.501770973
1403637178.738319159 2.571103811 2.106162548 -4.652493954 -0.061714560 0.887706459 0.222304955 0.398433268
1403637180.638319016 4.656202316 2.244970798 -4.188360691 -0.025257161 0.873305202 0.265680641 0.407570660
1403637181.688318968 6.019578934 1.585563302 -3.252409458 -0.015374554 0.894449651 0.236061767 0.379471183
1403637182.538319111 6.991388321 0.861586452 -2.220412254 0.037593938 0.897861898 0.208255589 0.386083305
1403637183.938319206 6.903002739 0.249745011 -0.097138405 0.103858098 0.878576636 0.261578530 0.385867059
1403637185.038319111 5.116764545 0.326033235 0.743810177 0.004304327 0.870195866 0.308385074 0.384238720
1403637185.588319063 4.382977486 0.273000836 0.694225311 -0.019785231 0.868911982 0.315325320 0.381012440
1403637186.538319111 3.673166275 0.096019983 0.180597782 0.012532800 0.889022291 0.256681353 0.378941923
1403637187.288318872 3.164699078 0.015753746 -0.244883537 0.038956944 0.883422971 0.284643978 0.370167494
1403637187.838319063 2.770555735 0.200088263 -0.686994314 0.007180728 0.884268701 0.309302300 0.349784821
1403637188.538319111 2.473100185 0.559815705 -1.453999043 0.000986424 0.902872503 0.258633018 0.343408346
1403637189.538319111 2.130954027 1.207128048 -2.492047787 0.033014275 0.920560420 0.281226575 0.269054234
1403637190.388319016 1.728573561 1.470717192 -3.461636305 0.020300167 0.926060855 0.262409329 0.270445228
1403637191.388319016 1.229419708 1.613023996 -4.261825085 0.017120373 0.914172053 0.249307260 0.319127530
1403637192.038319111 0.891128778 1.670202374 -4.578567505 -0.031023949 0.913300216 0.264435142 0.308211505
1403637193.538319111 1.238080978 1.321341634 -5.228137970 -0.003229006 0.907318711 0.287127703 0.307115644
1403637194.988318920 2.394758701 1.229505301 -6.108070374 -0.010294590 0.909426868 0.285374910 0.302320957
1403637196.088319063 3.533561468 1.201279163 -6.526607990 -0.038574040 0.914337754 0.229886830 0.331135303
1403637196.388319016 3.876339912 1.173880577 -6.501415730 -0.053971060 0.925532103 0.182343826 0.327457070
1403637196.688318968 4.240716934 1.137482285 -6.304364681 -0.041238885 0.926131546 0.187496305 0.324691981
1403637196.988318920 4.626886845 1.107955456 -5.960387230 -0.022179937 0.926140547 0.193547636 0.322972178
1403637197.188318968 4.866662025 1.066905856 -5.660768986 -0.001226970 0.915262103 0.209896982 0.343856186
1403637197.338319063 5.037775993 1.010523081 -5.411672592 0.003453447 0.898858845 0.220673010 0.378608465
1403637197.488318920 5.193980217 0.928449631 -5.153131008 0.000299016 0.875531971 0.223866656 0.428167522
1403637197.588319063 5.292993546 0.865357757 -4.979724884 -0.010158752 0.856088400 0.220511049 0.467316121
1403637197.738319159 5.446662903 0.752255917 -4.704901695 -0.019639019 0.824750721 0.207315013 0.525757730
1403637197.938319206 5.632600784 0.587522745 -4.342277050 -0.032060601 0.785073221 0.174653083 0.593404114
1403637198.288318872 5.911803246 0.226774812 -3.689266443 -0.036515988 0.717956662 0.139870316 0.680912077
1403637198.638319016 6.116951466 -0.162614048 -2.956946611 -0.043228149 0.684950411 0.095019743 0.721072495
1403637198.888319016 6.227843285 -0.335118830 -2.353750229 -0.026387181 0.682252288 0.088686250 0.725238085
1403637199.088319063 6.259076595 -0.447561204 -1.842187881 0.007566770 0.671637952 0.101470068 0.733859003
1403637199.338319063 6.221450329 -0.610408843 -1.161900997 0.010014382 0.638221979 0.107033774 0.762309790
1403637199.588319063 6.111878395 -0.799170911 -0.504958868 0.009711162 0.588125467 0.086128712 0.804111898
1403637199.788318872 5.980152130 -0.914680064 0.012870789 0.030828603 0.534721792 0.085348964 0.840141535
1403637199.988318920 5.794177055 -0.962958157 0.514079332 0.070053592 0.463198125 0.087847464 0.879103482
1403637200.188318968 5.571150780 -0.941345215 0.979175687 0.093840957 0.390159696 0.067638934 0.913451850
1403637200.338319063 5.374047279 -0.906420350 1.257465243 0.059780970 0.352879077 0.043526292 0.932742238
1403637200.588319063 5.037555218 -0.837050557 1.628357172 0.002752941 0.318059295 0.047304425 0.946885943
1403637200.888319016 4.622473717 -0.818106115 1.968370676 0.007067633 0.316934139 0.074869744 0.945461452
1403637201.538319111 3.792963266 -0.876042366 2.357549429 0.007192218 0.364502907 0.156564415 0.917918026
1403637209.588319063 2.677665949 -0.445107639 0.582205057 -0.069750138 0.360532820 0.077229232 0.926923215
1403637211.488318920 3.717559814 -0.598065734 2.580103397 -0.026011862 0.354706824 0.081989437 0.931012511
1403637211.938319206 4.245234013 -0.617526174 3.224637508 -0.049259834 0.346856803 0.111057788 0.930016100
1403637212.338319063 4.767656326 -0.763468921 3.734801531 -0.015903344 0.359503835 0.078453951 0.929703772
1403637212.638319016 5.132677078 -0.914826155 4.059023380 -0.030134460 0.363366991 0.082183406 0.927524805
1403637212.888319016 5.422935963 -1.054970264 4.310221195 -0.044652801 0.365343511 0.080188170 0.926336944
1403637213.238319159 5.826622486 -1.257695198 4.669030666 -0.045325369 0.359730601 0.080798969 0.928445518
1403637213.388319016 6.000749588 -1.323620439 4.831612110 -0.042527042 0.358744413 0.080029726 0.929025948
1403637213.588319063 6.233457565 -1.400933266 5.047471046 -0.037647143 0.361947268 0.068250187 0.928934216
1403637213.788318872 6.453661919 -1.453808904 5.271389008 -0.047514368 0.366686910 0.050567370 0.927753270
1403637214.088319063 6.744799137 -1.515458226 5.632129192 -0.039960138 0.360121399 0.044291832 0.930996239
1403637214.388319016 6.968680859 -1.638309717 6.002510548 -0.017376386 0.316322327 0.032262720 0.947943747
1403637214.738319159 7.123761654 -1.827365160 6.385997772 -0.013989985 0.254480153 -0.039932076 0.966151953
1403637215.188318968 7.041696072 -2.076594591 6.833961010 -0.000399575 0.233579591 -0.050373822 0.971031904
1403637215.438319206 6.848480225 -2.149874449 7.063698292 0.019621596 0.211421356 -0.033663284 0.976618052
1403637215.638319016 6.646266937 -2.193337440 7.193148136 0.033814944 0.167557672 -0.031779420 0.984769523
1403637215.888319016 6.320659637 -2.252272844 7.280929089 0.001472071 0.099483438 -0.040891439 0.994197547
1403637216.188318968 5.897636414 -2.327332735 7.300453186 -0.013523418 0.033384282 -0.036570884 0.998681724
1403637216.838319063 5.065004826 -2.339850664 7.159618378 0.031150337 0.011155135 -0.022866696 0.999190867
1403637217.738319159 4.303236485 -2.079881191 6.250586510 0.023748264 0.003720050 -0.017537922 0.999557257
1403637218.238319159 4.074073315 -1.833488107 5.414064407 0.005215459 -0.079673097 -0.070883602 0.994283974
1403637218.638319016 3.903015614 -1.576492548 4.626069069 0.002240754 -0.087030306 -0.075206958 0.993360281
1403637219.088319063 3.708914518 -1.226940274 3.678986788 -0.010747715 -0.072004765 -0.095652215 0.992748916
1403637219.438319206 3.498729467 -0.916580558 2.915021658 -0.018100940 -0.071043357 -0.088773899 0.993350089
1403637219.788318872 3.237509012 -0.677334130 2.135678053 -0.059997968 -0.069105521 -0.079010576 0.992664099
1403637220.888319016 2.254608393 -0.497948289 0.185571566 -0.057216156 -0.073197342 -0.047018737 0.994564056
1403637221.438319206 1.913496494 -0.340583563 -0.465680599 -0.068866625 -0.017139861 -0.035284661 0.996854365
1403637221.888319016 1.706628919 -0.148931742 -0.819493234 -0.073874056 0.011663354 -0.020033602 0.996998131
1403637222.138319016 1.629780054 -0.028681424 -0.942115009 -0.075013384 0.056011677 -0.005274593 0.995594263
1403637222.338319063 1.589668632 0.071966022 -1.001439929 -0.061514579 0.098248601 0.004696016 0.993247747
1403637222.688318968 1.539053321 0.210114449 -1.082518101 -0.037386462 0.130028337 0.009477353 0.990759850
1403637223.138319016 1.498317957 0.248464331 -1.189865470 -0.070385881 0.128038913 0.011629384 0.989199996
1403637224.138319016 1.507458329 -0.010548681 -1.218863368 -0.036087710 0.119238794 -0.006267139 0.992189765
1403637225.388319016 1.458714247 0.164190993 -1.131747007 -0.026756451 0.119712755 -0.012152425 0.992373526
1403637226.088319063 1.319053411 0.127641603 -1.211831331 -0.031126533 0.115991250 -0.013846465 0.992665887
1403637226.338319063 1.247814775 0.086022981 -1.254454494 -0.030508051 0.116259888 -0.015077792 0.992635667
1403637226.738319159 1.111152768 0.085660927 -1.296778321 -0.059485819 0.116677165 -0.013829459 0.991290390
1403637227.288318872 0.928881466 0.113841742 -1.256238461 -0.044021040 0.110214099 0.019107791 0.992748678
1403637228.638319016 0.829415798 0.129447937 -1.101806760 -0.017311374 0.120230846 -0.017086713 0.992447972
1403637229.688318968 0.651769400 0.209632829 -1.210504413 -0.056689050 0.181677014 0.057892658 0.980014443
1403637229.888319016 0.655327559 0.261511952 -1.212841988 -0.047148228 0.249866158 0.055140279 0.965558708
1403637229.988318920 0.665377080 0.287132084 -1.213136196 -0.038491905 0.284665555 0.050405640 0.956526637
1403637230.138319016 0.676807344 0.321795166 -1.215505242 -0.042060088 0.326459020 0.066038772 0.941963017
1403637230.238319159 0.684845626 0.337204784 -1.209930778 -0.046841100 0.348174959 0.076120868 0.933159053
1403637230.288318872 0.688283324 0.340597332 -1.211187959 -0.048885580 0.356773615 0.077973776 0.929646671
1403637230.488318920 0.702267945 0.332174301 -1.207808971 -0.034924917 0.377882600 0.075340718 0.922121882
1403637230.788318872 0.712617636 0.271127015 -1.207146168 -0.013704344 0.411556095 0.089781336 0.906847894
1403637230.888319016 0.713005960 0.248582214 -1.208522201 -0.024468685 0.429576665 0.110634565 0.895893514
1403637230.988318920 0.716907322 0.234698325 -1.215282440 -0.033188969 0.452597082 0.129165262 0.881686270
1403637231.188318968 0.741893709 0.228094384 -1.229465604 -0.035909474 0.511787415 0.158523813 0.843596101
1403637232.088319063 1.122416139 0.692666590 -1.378815293 0.015855581 0.771536231 0.253734976 0.583180189
1403637232.588319063 1.348110914 0.843796611 -1.756991744 0.043451924 0.845595002 0.265100986 0.461305350
1403637233.338319063 1.474857688 0.939962864 -2.703639269 -0.001010748 0.864407897 0.347967178 0.362928092
1403637234.838319063 3.402044058 1.805150867 -4.143196583 -0.018820815 0.878951013 0.192280173 0.436026782
1403637235.438319206 4.434119701 1.918023467 -3.733167171 -0.015898101 0.814445436 0.203818366 0.543032289
1403637236.038319111 5.304918766 1.752537966 -3.203034878 -0.052406717 0.768641412 0.140811101 0.621784747
1403637236.538319111 5.924513340 1.337288618 -2.478954792 -0.048705444 0.700718522 0.118417397 0.701853812
1403637236.888319016 6.266191006 0.996261120 -1.812514782 -0.007952696 0.672594607 0.094767459 0.733874917
1403637237.038319111 6.367982864 0.814912319 -1.495014191 0.024296202 0.658290327 0.075764388 0.748547494
1403637237.238319159 6.422441006 0.560977817 -1.074196815 0.060790628 0.633546948 0.064241946 0.768632472
1403637237.538319111 6.303154469 0.177237749 -0.470421553 0.065119863 0.597269356 0.073941179 0.795965791
1403637239.588319063 3.654100418 -0.733690619 -0.503960609 0.008294974 0.782016516 0.324192613 0.532241046
1403637240.088319063 3.496793270 -0.217850804 -1.690831184 0.024644615 0.881891310 0.256983906 0.394486666
1403637244.588319063 5.018298626 0.539876223 -3.992667675 -0.001353371 0.881928205 0.275002778 0.382850319
1403637246.188318968 6.182369232 -0.095541000 -3.052062988 -0.014205540 0.774708986 0.200023204 0.599678993
1403637246.938319206 6.753284454 -0.037388980 -2.499022007 -0.016708581 0.552865267 0.077812262 0.829461336
1403637248.088319063 6.723943710 -0.030484915 -1.343929052 -0.005179418 0.438143015 0.050782062 0.897454798
1403637249.988318920 4.813640594 -0.337129772 0.572874904 -0.013839285 0.397231489 0.063189410 0.915435791
1403637251.338319063 3.431566715 -0.610422969 1.516545653 -0.029243072 0.292227417 0.096256822 0.951042891
1403637251.988318920 3.159411669 -0.858559608 1.681269050 -0.015137051 0.242248282 0.037447009 0.969373226
1403637254.988318920 2.422051430 -0.827618539 1.200408459 -0.022387182 0.201823637 0.015516304 0.979043067
1403637256.788318872 1.526070118 -0.669884920 0.516487420 -0.045977782 0.044759307 -0.020742556 0.997723639
1403637257.588319063 1.086021423 -0.573962688 0.221003488 -0.044977695 0.010640965 -0.048522901 0.997752130
1403637258.088319063 0.797927797 -0.486467600 0.084474713 -0.067617647 -0.032869957 -0.048067402 0.996010542
1403637259.088319063 0.255523592 -0.326718241 0.059617080 -0.039099906 -0.104645044 -0.055248927 0.992203712
1403637260.588319063 0.073878869 -0.235191882 -0.012490550 -0.049031500 -0.091218673 -0.082397744 0.991204143
1403637261.188318968 0.026289588 -0.094879970 -0.016815418 -0.051131915 -0.096307047 -0.073417164 0.991322577
1403637261.388319016 -0.001504850 -0.060763620 -0.017256722 -0.054442998 -0.096009597 -0.073073804 0.991200447
1403637261.638319016 -0.040716525 -0.044302315 -0.013369642 -0.061510086 -0.097195826 -0.066965483 0.991102993
1403637261.838319063 -0.072006084 -0.054699469 -0.002012781 -0.054656919 -0.095607817 -0.070538469 0.991411150
1403637261.988318920 -0.096707053 -0.061410587 0.014674366 -0.040108420 -0.095252387 -0.067970365 0.992319703
1403637262.188318968 -0.125924766 -0.040007949 0.040956683 -0.034092508 -0.096265070 -0.058067501 0.993075490
1403637262.288318872 -0.137100950 -0.017646510 0.053168487 -0.033996284 -0.095746949 -0.055532854 0.993273854
1403637262.338319063 -0.142548233 0.028882470 0.065554492 -0.004630522 -0.106061801 -0.022037437 0.994104505
1403637262.388319016 -0.133458018 0.036277290 0.051102862 -0.004109841 -0.097241744 -0.051725484 0.993907273
1403637262.438319206 -0.134815648 0.032333601 0.050200716 -0.017721111 -0.078981839 -0.049422916 0.995492458
1403637262.488318920 -0.127468765 0.035046894 0.043469768 -0.023638943 -0.068638436 -0.035007868 0.996746957
1403637262.538319111 -0.127294302 0.034447093 0.041111227 -0.005059747 -0.072635315 -0.020718787 0.997130513
