1770731344.524798870 4.104354382 14.009519577 3.747469425 0.001634462 0.015042122 0.680583775 0.732514024
1770731347.231998682 4.271891117 15.866237640 3.680142879 -0.005137432 0.055479541 0.674898624 0.735803962
1770731347.323266506 4.288684845 16.016401291 3.666074514 -0.008063651 0.071299165 0.683429480 0.726481676
1770731347.429455280 4.279681683 16.169874191 3.654810429 -0.012114371 0.066233680 0.694572091 0.716265261
1770731347.527842522 4.253134727 16.301387787 3.647622585 -0.013088048 0.051848639 0.699009240 0.713110507
1770731348.427332640 4.268382072 17.478248596 3.614285707 -0.000079298 0.026662443 0.661404729 0.749555111
1770731348.726003170 4.322913170 17.935665131 3.592260599 -0.006199857 0.047489170 0.656025827 0.753217399
1770731349.622526646 4.424893856 19.153636932 3.582766294 0.005359094 0.021958141 0.651076853 0.758675277
1770731350.024737597 4.475703716 19.723129272 3.579506636 0.005118169 0.023600033 0.655046999 0.755202234
1770731350.125216961 4.488143444 19.863040924 3.580545902 0.005506760 0.023644464 0.656053483 0.754323900
1770731350.524124622 4.528861046 20.382781982 3.588626862 0.011608766 0.020020327 0.661162019 0.749886155
1770731350.623631001 4.543618202 20.541028976 3.583587170 0.007952249 0.028165985 0.667701840 0.743853271
1770731351.329361677 4.553137779 21.498180389 3.592508554 0.006323370 0.017135253 0.676543772 0.736175954
1770731351.926277876 4.571824074 22.322282791 3.591655016 0.003203355 0.014264923 0.672616541 0.739846826
1770731352.022079945 4.578510761 22.452461243 3.594001532 0.004409188 0.015661038 0.673940361 0.738606572
1770731352.324748755 4.589292526 22.878768921 3.596292734 0.005698841 0.015536275 0.677684247 0.735166788
1770731352.924598217 4.600162506 23.688547134 3.601697206 0.000828341 0.007696890 0.674424827 0.738303006
1770731353.023817062 4.612149715 23.825590134 3.599993229 0.001099585 0.011073509 0.672619104 0.739905298
1770731353.522897959 4.656113148 24.554788589 3.585125685 -0.006378343 0.017729055 0.660150409 0.750897169
1770731353.922702074 4.688480854 25.085680008 3.586085320 -0.006095719 0.014179095 0.659658670 0.751406789
1770731354.523998499 4.762333393 25.952131271 3.566245079 -0.004244349 0.023653621 0.664966643 0.746486366
1770731354.723664045 4.767326355 26.220304489 3.565263510 -0.005014762 0.021654125 0.670054138 0.741979420
1770731354.923780918 4.774995804 26.486196518 3.563071251 -0.003177012 0.017581088 0.669891834 0.742243707
1770731355.431495428 4.825146675 27.185369492 3.553186655 -0.001682006 0.026853465 0.667703092 0.743941367
1770731355.725271463 4.843183994 27.597419739 3.550792456 -0.002227856 0.021333747 0.666417062 0.745270610
1770731355.821276188 4.851935387 27.731174469 3.549330711 -0.003151393 0.022448929 0.665418804 0.746125996
1770731356.125330925 4.868828297 28.131109238 3.549739838 -0.003265521 0.013744842 0.661283016 0.750003457
1770731357.221044540 4.991849899 29.677875519 3.533702135 -0.010320728 0.024289915 0.656644285 0.753738582
1770731358.437998295 5.097719193 31.348329544 3.516406298 -0.009555761 0.024276799 0.670154333 0.741763175
1770731359.621247530 5.141915321 32.964878082 3.514183521 -0.006690467 0.021513607 0.673145533 0.739166796
1770731361.420245171 5.284806252 35.458736420 3.488759756 -0.007747509 0.012075084 0.659310162 0.751734257
1770731361.919003963 5.355478764 36.155632019 3.488873482 -0.003182997 0.018198615 0.659012437 0.751905143
1770731363.018330574 5.421091557 36.854358673 3.483537436 0.004016093 0.009131096 0.640359223 0.768010795
1770731363.217366695 5.450133324 37.093887329 3.479110956 0.000650039 0.012536254 0.644863725 0.764194548
1770731364.017786741 5.517935276 38.224441528 3.466742754 -0.010117285 0.020085894 0.659344971 0.751504123
1770731364.418226480 5.549404621 38.782180786 3.469180584 -0.006721363 0.005497687 0.655361593 0.755265415
1770731364.816915989 5.608378410 39.361713409 3.459336281 -0.014148819 0.018689739 0.650912166 0.758791089
1770731364.917867184 5.634167671 39.519264221 3.451332808 -0.012545793 0.025803475 0.649963737 0.759423494
1770731365.018722534 5.644029140 39.651172638 3.452708960 -0.009242174 0.015555769 0.647592783 0.761771739
1770731365.316604853 5.699660778 40.053985596 3.451399326 -0.004022424 0.022600785 0.645765722 0.763190448
1770731365.518571377 5.722108364 40.329795837 3.449876308 -0.002559893 0.016658593 0.644521058 0.764400721
1770731365.614919662 5.739866257 40.470451355 3.445102692 -0.005391167 0.021214133 0.642817855 0.765706301
1770731365.714836836 5.762249470 40.611988068 3.443442345 -0.001621323 0.023390252 0.642479539 0.765944123
1770731366.018519640 5.812825203 41.028717041 3.437412739 -0.001330521 0.023464430 0.638857424 0.768966079
1770731366.517195940 5.899586678 41.746147156 3.432101727 0.005721471 0.034076154 0.663119614 0.747715533
1770731367.415682077 5.890359879 43.002223969 3.416975975 -0.002505045 0.028584681 0.680189312 0.732474685
1770731367.614984751 5.890804291 43.257236481 3.422169685 0.003395342 0.020186167 0.678913653 0.733932734
1770731368.117959976 5.909750462 43.959136963 3.414702415 -0.001252265 0.020263262 0.675295293 0.737268031
1770731368.215089083 5.927247047 44.102283478 3.410899401 0.000331423 0.027030865 0.674147069 0.738102317
1770731368.515730619 5.939745426 44.511878967 3.408435345 -0.001396473 0.019368092 0.670144022 0.741977036
1770731368.914435387 5.966265202 45.065395355 3.404623270 -0.004351689 0.017500820 0.665745437 0.745961010
1770731369.014032841 5.965634823 45.188213348 3.407805443 -0.002247123 0.010889236 0.664956212 0.746799648
1770731369.415670156 6.029636383 45.775772095 3.396904230 -0.003721133 0.028956339 0.664852738 0.746403754
1770731369.515887976 6.031900406 45.920650482 3.393198967 -0.004559703 0.025993327 0.665548921 0.745887518
1770731369.815077066 6.046279430 46.334587097 3.387594461 -0.007114454 0.020627726 0.666247606 0.745411336
1770731369.916147947 6.052861214 46.479583740 3.383606672 -0.012485832 0.022671195 0.663819790 0.747444570
1770731370.415200710 6.113461494 47.166488647 3.372242451 -0.002745969 0.025836406 0.662079215 0.748983324
1770731371.113234520 6.176010609 48.130905151 3.356360197 -0.006830435 0.018285932 0.654912710 0.755452454
1770731371.314207554 6.197928429 48.410293579 3.349593401 -0.010216467 0.020610366 0.653210223 0.756827116
1770731371.413441181 6.215550423 48.555686951 3.345168352 -0.007786589 0.022981906 0.652768791 0.757168531
1770731371.512650490 6.233828545 48.701400757 3.342658043 -0.008850582 0.026885368 0.651087403 0.758474827
1770731371.618200541 6.252732277 48.838825226 3.342350006 -0.004529246 0.024832318 0.649364471 0.760058343
1770731371.812894821 6.264962673 49.084896088 3.344976187 -0.003132915 0.017721809 0.648436487 0.761056006
1770731372.013580322 6.290522099 49.360755920 3.333255529 -0.006034351 0.018173194 0.646677017 0.762523532
1770731372.214380264 6.326477051 49.638225555 3.334317207 -0.002930722 0.019826371 0.649702311 0.759924471
1770731372.312076569 6.333490849 49.782188416 3.330703259 -0.007124315 0.021410862 0.650148630 0.759471953
1770731372.712533474 6.369920254 50.335624695 3.314895391 -0.007535935 0.021862196 0.664588332 0.746851802
1770731373.513001919 6.434483528 51.423324585 3.295165300 -0.003553129 0.022280727 0.664803207 0.746677756
1770731374.014063835 6.474313259 52.105487823 3.292335987 -0.000669344 0.011602322 0.658500731 0.752490401
1770731374.712164164 6.575478554 53.080081940 3.273360968 0.000758999 0.020337757 0.651860893 0.758065522
1770731375.120758533 6.639594555 53.662910461 3.264546633 -0.002097277 0.023930062 0.646660864 0.762399375
1770731375.411345482 6.670027733 54.063224792 3.263252258 -0.000319540 0.019408364 0.650676310 0.759107113
1770731375.511685610 6.685257435 54.198429108 3.266371965 0.002551809 0.019875165 0.654461026 0.755830228
1770731375.605801582 6.702021599 54.327510834 3.264312983 0.003057423 0.023103643 0.657834828 0.752801597
1770731375.711658955 6.721735954 54.481372833 3.261162519 0.005212414 0.028750725 0.659098387 0.751488924
1770731375.811039209 6.723517418 54.630107880 3.256324530 -0.003587355 0.029728148 0.657696187 0.752687931
1770731376.011507511 6.739259720 54.898811340 3.254368544 -0.002992680 0.026543761 0.656495690 0.753856659
1770731376.613899946 6.814797401 55.717666626 3.239412546 0.001646161 0.021866258 0.652693212 0.757304966
1770731376.810247898 6.842687607 56.000637054 3.231366158 -0.001728485 0.024700385 0.651428819 0.758305609
1770731377.011351109 6.886399269 56.274219513 3.226223707 0.006557120 0.031253044 0.651671469 0.757828832
1770731377.510495663 6.928594589 56.953411102 3.224979162 0.006503311 0.024138909 0.663358927 0.747883618
1770731377.916290283 6.961512566 57.502151489 3.224375248 0.006813392 0.022082591 0.667524099 0.744229555
1770731378.910000801 7.061445236 58.869922638 3.207636595 0.000617101 0.024742290 0.655318022 0.754947484
1770731379.406690359 7.124842167 59.541221619 3.211670637 0.007943733 0.018097850 0.650772989 0.759015143
1770731379.508799791 7.127557755 59.680046082 3.209174871 0.002174605 0.015130353 0.649188161 0.760474265
1770731379.809425116 7.184823990 60.128097534 3.193143606 -0.003864947 0.027783323 0.645202100 0.763496876
1770731380.008054495 7.193182945 60.380413055 3.194078922 -0.005347161 0.013928312 0.644065499 0.764824808
1770731380.508591413 7.305572510 61.108627319 3.168639660 -0.003972892 0.041303735 0.649995923 0.758803964
1770731381.906940937 7.485923767 63.134223938 3.097741127 0.003104799 0.027281774 0.656916618 0.753463149
1770731382.706537008 7.537332535 64.048271179 3.089857817 0.002793577 0.012061324 0.659892261 0.751258254
1770731384.520663023 7.381935120 64.741744995 3.048944712 -0.001086762 0.014279100 0.806545794 0.590998173
1770731387.204073668 6.353189468 65.647827148 2.942536592 0.002321617 0.013001335 0.962669194 0.270358235
1770731390.103229761 5.090610504 65.678497314 2.849005222 -0.017497838 0.016495541 0.991291821 -0.129469678
1770731392.301558733 5.097042084 65.561157227 2.785124302 -0.013598949 0.011027957 0.913732708 -0.405938417
1770731394.101464748 4.997792721 65.297767639 2.758937836 -0.011780753 0.013457570 0.849078834 -0.527963400
1770731396.200204611 4.950734615 64.862464905 2.728581905 -0.015003958 -0.005911004 0.790949881 -0.611668408
1770731398.798694134 4.782848835 62.972511292 2.756553411 -0.010672700 0.009032348 0.756715119 -0.653595269
1770731399.598407507 4.681515694 61.919380188 2.791471243 0.010699069 -0.016332235 -0.751054406 0.659951687
1770731400.194403172 4.641608238 61.134292603 2.814492941 0.007261623 -0.017893299 -0.746324539 0.665301979
1770731400.598135710 4.586864471 60.572135925 2.821366787 0.014924340 -0.020715224 -0.753294051 0.657188118
1770731401.700934410 4.454029560 59.090015411 2.870747328 0.013823855 -0.023239534 -0.755192459 0.654945254
1770731402.398530006 4.398691654 58.164993286 2.904823303 0.009186045 -0.021829210 -0.750140190 0.660854578
1770731402.499151945 4.384850025 58.023464203 2.901224613 0.016515970 -0.021480478 -0.750259340 0.660588264
1770731403.196482658 4.294641972 57.087402344 2.929368734 0.012939264 -0.022177145 -0.759010851 0.650571585
1770731403.792029619 4.255681515 56.291534424 2.955451965 -0.010279149 0.014621127 0.741188526 -0.671058953
1770731403.895589352 4.245088100 56.165016174 2.966791630 0.005364361 -0.025716769 -0.737983286 0.674307466
1770731404.198287725 4.235653877 55.764228821 2.980495453 0.001262221 -0.021833809 -0.742392719 0.669607878
1770731404.296521425 4.223992825 55.623504639 2.979981422 0.007057561 -0.018300321 -0.744660676 0.667154968
1770731404.396266460 4.215482712 55.478343964 2.980170012 0.007396563 -0.015528380 -0.747636378 0.663885534
1770731404.697485209 4.181791306 55.063884735 2.994530439 0.006381405 -0.018017260 -0.753839672 0.656780422
1770731405.295628786 4.087124348 54.243408203 3.006726503 -0.019427244 0.017870156 0.766229689 -0.642024398
1770731405.594976425 4.047507763 53.859203339 3.021030188 0.009966932 -0.026974194 -0.762661159 0.646158695
1770731406.094711542 4.007905006 53.181381226 3.045300722 0.005681044 -0.022019025 -0.747346699 0.664045036
1770731406.594514847 3.957710743 52.501140594 3.061855078 0.008644822 -0.018336900 -0.758743405 0.651074052
1770731406.695270538 3.943043470 52.360847473 3.060875893 0.011545618 -0.017513569 -0.761019647 0.648389578
1770731407.100538969 3.892206430 51.814151764 3.079523563 0.011232622 -0.017235179 -0.760276675 0.649273515
1770731407.292354822 3.870895147 51.563629150 3.084596634 0.006594838 -0.018899152 -0.759764433 0.649890304
1770731408.194615841 3.776368618 50.371242523 3.125057459 0.005128398 -0.021205660 -0.747838855 0.663521767
1770731408.393683910 3.771894455 50.110797882 3.134099722 0.004265516 -0.016453194 -0.743371487 0.668662846
1770731408.893553495 3.723201275 49.418170929 3.143049002 -0.010730284 0.015186052 0.751056671 -0.659975827
1770731409.394480705 3.685443878 48.748920441 3.166090965 0.007530588 -0.015952516 -0.750913501 0.660164952
1770731409.490043402 3.671592236 48.619884491 3.167088747 0.008950838 -0.018940428 -0.753238261 0.657414079
1770731409.792428970 3.630905867 48.217556000 3.184154272 0.006863956 -0.024669696 -0.757066369 0.652836025
1770731409.993549585 3.603313923 47.941436768 3.192297220 0.011611426 -0.024081139 -0.753595054 0.656795144
1770731410.592086792 3.580862999 47.132942200 3.220037699 0.010630080 -0.017273603 -0.735344946 0.677389503
1770731410.690615892 3.584573984 47.004413605 3.229645967 0.006353678 -0.016944828 -0.737387419 0.675227642
1770731410.792341709 3.577381372 46.887317657 3.239502192 -0.000108011 -0.026453348 -0.738884628 0.673312545
1770731411.393075943 3.507211924 46.048458099 3.257174253 -0.017302800 0.020858144 0.749904871 -0.660990357
1770731411.508718491 3.497564316 45.889942169 3.260287285 -0.016010012 0.020350181 0.751542389 -0.659176528
1770731411.588163376 3.493464231 45.779579163 3.262892962 -0.016190065 0.017980043 0.752083659 -0.658623338
1770731412.192130089 3.419857264 44.986782074 3.303428411 0.011845673 -0.026991833 -0.748576224 0.662393272
1770731412.290998697 3.422350407 44.855209351 3.311817169 0.004083681 -0.027737316 -0.746736646 0.664528728
1770731412.789871931 3.375433922 44.164985657 3.332993746 0.007971897 -0.020142922 -0.756350517 0.653807819
1770731412.891127825 3.351314306 44.021144867 3.338459730 0.012648783 -0.021336513 -0.758467674 0.651238561
1770731413.289790392 3.301644325 43.501644135 3.362580061 0.002727472 -0.026892418 -0.766099751 0.642153144
1770731413.490295410 3.276175499 43.222373962 3.369204998 0.002922472 -0.021550560 -0.767728329 0.640406311
1770731413.689993620 3.236878157 42.930488586 3.372116327 -0.016419167 0.018838776 0.761788666 -0.647343457
1770731414.090448618 3.220939159 42.405956268 3.398983717 -0.001641178 -0.022265086 -0.748097181 0.663213491
1770731414.389569521 3.205668926 42.005584717 3.406627417 0.003198908 -0.014132086 -0.747231007 0.664406419
1770731414.489099264 3.187476158 41.870967865 3.411647320 0.006905455 -0.019698987 -0.747760355 0.663640559
1770731414.789145947 3.158763885 41.461174011 3.422422409 0.004147690 -0.018519297 -0.753801942 0.656827569
1770731415.089550257 3.116572618 41.059066772 3.433020592 0.007673199 -0.019562490 -0.762451828 0.646703660
1770731415.498576641 3.052050114 40.501113892 3.442193031 0.011059945 -0.016525503 -0.770452976 0.637186646
1770731415.789005756 3.018146276 40.113281250 3.447075844 -0.009236310 0.012223686 0.766497195 -0.642064989
1770731415.990156174 2.997977972 39.854198456 3.460510969 0.004018764 -0.014554657 -0.761403918 0.648101926
1770731416.190200329 2.983424664 39.582477570 3.459846020 0.004092401 -0.010274885 -0.756106079 0.654355645
1770731416.384986401 2.967956305 39.321010590 3.462284803 -0.008015980 0.008744873 0.752077997 -0.658967376
1770731416.690385342 2.937838793 38.936805725 3.481349945 -0.001637323 -0.013635592 -0.761456311 0.648070812
1770731417.190232277 2.855684519 38.255592346 3.498323679 0.001013422 -0.011500658 -0.771243811 0.636435091
1770731417.588044882 2.813582659 37.749248505 3.509002447 0.002233054 -0.008690096 -0.763668180 0.645546615
1770731417.988144875 2.758974552 37.223602295 3.513286829 -0.003185201 0.005824376 0.768834651 -0.639413238
1770731418.087507725 2.738930225 37.093505859 3.516113758 -0.001990699 0.005056409 0.775065601 -0.631857514
1770731418.388107300 2.685181856 36.699390411 3.520382404 0.003619338 0.001285071 0.783075094 -0.621915340
1770731418.987818480 2.664132833 36.062580109 3.521700859 0.001750832 -0.012433149 0.739109337 -0.673468471
1770731419.387174368 2.673331976 36.147285461 3.525354385 -0.014579412 0.003651426 -0.739413500 0.673083842
1770731420.089316845 2.649172544 35.702964783 3.545062780 -0.022135397 0.000777715 -0.750684142 0.660289884
1770731420.980369806 2.531990528 34.525402069 3.531916380 -0.034882944 -0.012773377 0.736378193 -0.675549507
1770731421.887955666 2.565739393 34.032871246 3.547533751 0.004601726 -0.011594114 -0.723467171 0.690246105
1770731422.284411430 2.570885420 33.977149963 3.555043697 -0.003531776 -0.018666202 -0.723677874 0.689876437
1770731422.685359955 2.570846319 33.627506256 3.559226274 -0.003107994 -0.008243123 -0.736540496 0.676336169
1770731423.084373713 2.544221878 33.201137543 3.573934317 -0.003517448 -0.013590104 -0.745886862 0.665924788
1770731423.182402134 2.542345524 33.092891693 3.574597120 -0.003884041 -0.010868017 -0.749510348 0.661891997
1770731424.294388294 2.402995110 31.817350388 3.592706680 -0.007784160 0.010550335 0.776110053 -0.630461156
1770731424.684546232 2.348999977 31.445310593 3.601893663 0.007725700 -0.013815402 -0.774751604 0.632067561
1770731424.783910751 2.343282938 31.354959488 3.603508711 0.004257882 -0.013749024 -0.771011949 0.636658013
1770731424.883438110 2.336639404 31.259288788 3.606345415 0.003645849 -0.015146734 -0.766685605 0.641833723
1770731425.182409286 2.332437277 30.965358734 3.618374348 -0.004792638 -0.012425764 -0.755267739 0.655281067
1770731425.983929873 2.272321224 30.074640274 3.655348063 -0.011321517 -0.015194024 -0.756368279 0.653871596
1770731426.082393885 2.274365187 29.972961426 3.662525654 -0.016145889 -0.010963542 -0.758661211 0.651193023
1770731426.483103275 2.224307537 29.457923889 3.665585279 0.002302342 -0.003554712 0.759036064 -0.651034772
1770731426.983189583 2.196215153 28.908870697 3.688061714 -0.006674855 -0.000531272 -0.746384799 0.665480971
1770731427.083021164 2.184631348 28.776880264 3.686919928 -0.000280751 -0.001769109 0.742984414 -0.669306338
1770731427.984046221 2.128151894 27.648250580 3.718750954 -0.001402687 -0.010909731 -0.751020014 0.660187781
1770731428.581855059 2.031258106 26.849515915 3.742804050 -0.003882796 -0.017031876 -0.783656180 0.620949090
1770731428.781598091 1.973793507 26.566345215 3.736325026 0.005320359 -0.011162640 -0.787676275 0.615965247
1770731429.681014538 1.907648087 25.976884842 3.751956701 -0.008798719 -0.002163684 -0.769352257 0.638760567
1770731431.580135107 1.924835443 25.269733429 3.751183987 0.006883897 -0.004758213 0.708895922 -0.705263495
1770731432.882108688 1.968138576 24.393159866 3.762091637 0.001762590 -0.001922878 0.718724847 -0.695289731
1770731433.079468727 1.972978711 24.223228455 3.767019033 0.004522087 -0.002510142 0.726697087 -0.686938584
1770731433.479337215 1.965188146 23.911306381 3.777541161 -0.009027704 -0.002666131 -0.734731913 0.678292274
1770731433.577878237 1.971359015 23.831684113 3.783810616 -0.013629088 -0.002299767 -0.735965490 0.676878035
1770731434.079408646 1.932894826 23.244279861 3.788265467 -0.002048124 -0.002622414 0.741901875 -0.670500219
1770731434.578647375 1.898873687 22.690774918 3.803527832 0.003301247 0.002236524 0.746204913 -0.665704370
1770731436.478659391 1.698106885 20.657876968 3.843529463 -0.010684746 0.009848818 0.762993038 -0.646243393
1770731438.177609682 1.583778024 19.104700089 3.889815807 -0.002231601 -0.010210338 -0.752470195 0.658543348
1770731438.475571871 1.565339327 18.823585510 3.896196127 -0.000852644 -0.013311944 -0.747747302 0.663849533
1770731439.174944162 1.553451180 18.107921600 3.909395695 -0.004309072 -0.012982872 -0.741008162 0.671356678
1770731439.270574093 1.544937968 17.992866516 3.905358791 0.002145205 -0.008833667 -0.742038667 0.670295477
1770731439.573855162 1.542912841 17.734302521 3.918024302 -0.008013709 -0.010647067 -0.745192230 0.666716635
1770731439.874350786 1.517621279 17.471174240 3.919195890 -0.005032778 -0.013270110 -0.748030066 0.663513064
1770731440.079072952 1.513455749 17.299041748 3.924735546 -0.005248188 -0.013543017 -0.746025801 0.665758729
1770731440.470570087 1.502659440 16.943962097 3.940986156 -0.014911436 -0.022474544 -0.746036291 0.665358901
1770731440.571798086 1.490662694 16.842285156 3.948052168 -0.013870391 -0.025489703 -0.746865749 0.664341390
1770731441.173930407 1.358968377 16.173112869 3.934526443 -0.037373204 0.028299710 0.750289857 -0.659444809
1770731442.670614243 1.526928902 15.582806587 3.984784842 -0.028818108 -0.049281724 -0.645379007 0.761726141
1770731442.971381903 1.580471635 15.415895462 3.978894234 -0.014892139 -0.038547471 -0.615802050 0.786816537
1770731443.865985870 1.861222386 14.922214508 3.968079805 -0.003563432 -0.016366120 -0.510175526 0.859907269
1770731444.072124958 1.977983594 14.802124023 3.955335379 -0.005504379 0.001101159 -0.485211879 0.874378622
1770731444.870804310 2.289013147 14.556048393 3.931321621 0.000300350 -0.006685618 0.354214340 -0.935140371
1770731444.971848726 2.347084045 14.525941849 3.920778513 -0.003813500 -0.014227878 0.340845644 -0.940003932
1770731445.766542673 2.598020792 14.469699860 3.915056705 0.006332500 -0.005964755 0.213719144 -0.976856470
1770731445.972768784 2.651211977 14.484431267 3.911569118 -0.008408680 0.004189497 -0.181917086 0.983269036
1770731448.464344501 3.821531296 14.777679443 3.811802626 -0.011605761 0.021700647 0.209682241 0.977459848
1770731449.170002937 4.085032463 15.009387970 3.775661945 -0.009596743 0.024574354 0.327540010 0.944468915
1770731449.371030807 4.128744602 15.061455727 3.767204762 -0.006885607 0.026414687 0.370002419 0.928629756
1770731449.770255566 4.149218082 15.144983292 3.755333900 -0.008390035 0.021969792 0.430403292 0.902330339
1770731450.370362043 4.247591019 15.374219894 3.718032837 -0.006946820 0.039674927 0.520650566 0.852819264
1770731451.069545984 4.262223244 15.601926804 3.701518774 -0.010304375 0.036667563 0.642093658 0.765679419
1770731451.369194508 4.273575783 15.714761734 3.689040899 -0.012647780 0.049214743 0.677242577 0.734003007
1770731451.568751335 4.280127048 15.790357590 3.680230379 -0.012525387 0.057544403 0.691532612 0.719940603
1770731452.066309690 4.271085739 16.097320557 3.662286282 -0.009308130 0.051654622 0.693061709 0.718964994
1770731452.368649721 4.299169540 16.483341217 3.624373913 -0.016282666 0.054941606 0.665570498 0.744131863
1770731452.568405151 4.316389561 16.755790710 3.618089914 -0.013203192 0.041174877 0.654691935 0.754657984
1770731452.670034647 4.319939613 16.876058578 3.619224072 -0.003452125 0.033884015 0.654416323 0.755366981
1770731452.770540953 4.348174095 17.016864777 3.610496044 -0.001832105 0.043959688 0.652306974 0.756676793
1770731452.976376772 4.349528790 17.276645660 3.616599560 -0.000138307 0.023266546 0.654414594 0.755777955
1770731453.066224813 4.367177963 17.390329361 3.618985176 0.009573549 0.022645487 0.659970820 0.750888944
1770731453.269231319 4.371633053 17.718185425 3.603886127 -0.002084928 0.029255867 0.672407925 0.739599466
1770731453.367797852 4.367331982 17.890913010 3.586105824 -0.014977889 0.038813435 0.678292692 0.733613074
1770731453.468206167 4.394762516 18.041326523 3.575542927 -0.007819682 0.048859909 0.680281460 0.731278896
1770731453.867065907 4.408740520 18.556383133 3.572907209 0.004907721 0.032059401 0.677033305 0.735237479
1770731453.967444658 4.404470444 18.676242828 3.579317808 0.013037647 0.024547504 0.683012486 0.729877651
1770731454.067118406 4.404489040 18.811050415 3.576236963 0.011503107 0.027313968 0.689733565 0.723456442
1770731454.167219639 4.396704197 18.948501587 3.578660488 0.012936222 0.024355117 0.697773993 0.715786994
1770731454.266227484 4.381244183 19.080043793 3.579715967 0.010741670 0.021930989 0.704940617 0.708845854
1770731454.565794706 4.353815556 19.500337601 3.575867176 0.001867934 0.019321244 0.699096560 0.714763761
1770731454.665996313 4.343618393 19.638454437 3.574772596 -0.000198804 0.017371705 0.698752999 0.715152025
1770731454.867092371 4.345811367 19.922657013 3.575615883 0.002698045 0.021696411 0.697497904 0.716253221
1770731455.066503525 4.334897995 20.179916382 3.584058285 0.006110039 0.012270699 0.693758190 0.720077634
1770731455.165775299 4.331452847 20.297727585 3.593453169 0.011746796 0.007939694 0.694877684 0.718988240
1770731455.375344992 4.337684155 20.613006592 3.581092596 0.002281119 0.020884078 0.692719638 0.720900953
1770731455.568259478 4.328961372 20.887725830 3.581709146 0.002291418 0.018431827 0.691665888 0.721978843
1770731455.768384218 4.325980663 21.156578064 3.582765579 0.000902204 0.016374394 0.689725220 0.723885596
1770731455.865572929 4.323080540 21.290008545 3.581570864 -0.000688800 0.014112732 0.688650787 0.724955559
1770731456.066730738 4.319094658 21.573017120 3.581328869 -0.002301730 0.014565406 0.687522113 0.726013780
1770731456.172446012 4.323821545 21.719219208 3.580453157 -0.001946128 0.015821751 0.686341763 0.727104425
1770731456.565045834 4.315990448 22.254831314 3.584383249 -0.002318121 0.008610267 0.684337139 0.729111254
1770731456.767042637 4.316293716 22.533386230 3.585353374 -0.004357148 0.006318873 0.682130992 0.731189787
1770731456.964804411 4.322061062 22.798585892 3.588301897 -0.003374796 0.004377266 0.679123461 0.734003246
1770731457.071307182 4.326098442 22.949747086 3.586696386 -0.005533697 0.005204357 0.677337587 0.735633194
1770731457.263859510 4.340426922 23.222328186 3.590209961 -0.008235103 0.008291545 0.674240768 0.738419175
1770731457.365541220 4.346960068 23.364402771 3.590407372 -0.006217146 0.006048039 0.672298968 0.740228951
1770731457.464492321 4.337132931 23.491119385 3.596116304 -0.007261090 -0.003605402 0.671869755 0.740625024
1770731457.670048952 4.351110458 23.775835037 3.590138674 -0.011187430 0.000813174 0.671215892 0.741177082
1770731457.861027479 4.357268333 24.061716080 3.583688974 -0.021866575 0.008194264 0.668109953 0.743696034
1770731458.065806389 4.388884068 24.370084763 3.576830626 -0.023242844 0.018818758 0.664960802 0.746279299
1770731458.163870573 4.401480198 24.502601624 3.580133438 -0.015747609 0.017938368 0.663980782 0.747368515
1770731458.564482212 4.434817314 25.030914307 3.577502489 -0.012842841 0.010551266 0.658314764 0.752559245
1770731458.663672924 4.454926968 25.179924011 3.573544979 -0.012464308 0.016526945 0.658083916 0.752660036
1770731458.764066458 4.461220264 25.321060181 3.573123217 -0.013183342 0.011571993 0.656266809 0.754325032
1770731458.963478088 4.490554810 25.609550476 3.562988281 -0.015290656 0.018106455 0.654950261 0.755300283
1770731459.265121937 4.533664227 26.023609161 3.556205034 -0.011085377 0.020907622 0.654280782 0.755881429
1770731459.462592840 4.551781178 26.283100128 3.559523106 -0.008073376 0.012718786 0.652125120 0.757961690
1770731459.663603544 4.589802742 26.554677963 3.560090542 -0.005500360 0.019521590 0.652420104 0.757586122
1770731459.973558426 4.619854450 26.968265533 3.564279556 -0.001929936 0.006418488 0.650161386 0.759766579
1770731460.062644482 4.643743038 27.096694946 3.557687759 -0.003106809 0.015258635 0.649223208 0.760438502
1770731460.263956070 4.678683758 27.389383316 3.548774481 -0.010753707 0.020545464 0.645747125 0.763199091
1770731460.563166380 4.732153893 27.806127548 3.546806574 -0.008003267 0.019603351 0.642899871 0.765657544
1770731460.764492273 4.750190258 28.060848236 3.551090479 -0.008047477 0.010199826 0.640750408 0.767639339
1770731460.962689161 4.803795815 28.352390289 3.540179491 -0.009351035 0.021476986 0.636085927 0.771262646
1770731461.061358452 4.825205326 28.508504868 3.534882069 -0.015318431 0.028917633 0.635285139 0.771584034
1770731461.163556337 4.845049381 28.652540207 3.533062696 -0.015511736 0.026587082 0.634357274 0.772427022
1770731461.262416124 4.844050884 28.744295120 3.548133850 -0.001888640 -0.001001671 0.630749285 0.775983751
1770731461.362967968 4.869612217 28.884424210 3.540267467 -0.007484821 0.010594649 0.630511999 0.776071131
1770731461.461802244 4.893468380 28.999677658 3.546258450 -0.002912414 0.004729389 0.626589417 0.779329836
1770731461.565726757 4.918320179 29.150268555 3.547497511 -0.005091399 0.008646849 0.622391164 0.782642066
1770731461.865439415 4.990331173 29.586469650 3.533712149 -0.009714468 0.016866175 0.623964429 0.781210303
1770731462.060759783 5.070092201 29.866004944 3.532666445 -0.001621010 0.037739191 0.627508461 0.777692914
1770731462.176816940 5.093752861 30.036384583 3.525775909 -0.001242332 0.038131934 0.634807229 0.771728098
1770731462.362230301 5.101370335 30.318382263 3.520055771 -0.004728062 0.027319720 0.644552290 0.764057398
1770731462.461830854 5.118162632 30.458005905 3.517486572 -0.002451321 0.030237148 0.654028654 0.755861342
1770731462.576596737 5.128348351 30.586578369 3.524849892 0.006747505 0.024766985 0.664871156 0.746516883
1770731462.660202980 5.129154205 30.696971893 3.522726774 0.003106419 0.025723651 0.664859056 0.746519387
1770731462.860823154 5.119743347 30.951980591 3.529117107 0.001690837 0.011930775 0.665824115 0.746011496
1770731463.061226130 5.144414425 31.246543884 3.517682314 -0.001613073 0.022534441 0.664861500 0.746625006
1770731463.260519981 5.153580189 31.529373169 3.513519764 -0.008358195 0.021676652 0.661314666 0.749748766
1770731463.361617804 5.173402309 31.657810211 3.519678116 0.000330998 0.022905659 0.662526309 0.748688281
1770731463.458348036 5.195512772 31.795036316 3.515819311 0.002676423 0.029357404 0.661509216 0.749357462
1770731463.562460899 5.206631184 31.938930511 3.517949104 0.002846830 0.028959854 0.660949171 0.749866247
1770731463.657766581 5.205912590 32.054443359 3.522452593 0.004954393 0.016009549 0.660104036 0.750987232
1770731463.760957718 5.211802483 32.179435730 3.527205467 0.006647338 0.013111997 0.660743177 0.750468194
1770731463.964478254 5.231192112 32.470195770 3.522045851 0.000669757 0.021374343 0.663911879 0.747505009
1770731464.165120363 5.251844883 32.770969391 3.514941692 -0.002765914 0.028730974 0.667100549 0.744408309
1770731464.360840082 5.268346310 33.042793274 3.510335207 -0.001615659 0.026712485 0.664295912 0.746990502
1770731464.456698656 5.283676147 33.158725739 3.517277241 0.005947429 0.026152834 0.665163696 0.746215761
1770731464.569533348 5.289865017 33.308994293 3.514662027 0.003408194 0.025770323 0.664613664 0.746734858
1770731464.659872770 5.288466454 33.432476044 3.510304928 0.000102347 0.022074169 0.663710713 0.747663558
1770731464.760644913 5.299551964 33.585571289 3.503432751 -0.002972476 0.026487291 0.663123012 0.748035789
1770731464.859033108 5.317993164 33.730075836 3.499318600 -0.003757237 0.030206338 0.660182476 0.750488222
1770731464.962170362 5.322816849 33.873916626 3.498022079 -0.004381070 0.026052248 0.657663345 0.752848566
1770731465.161335230 5.340690136 34.135776520 3.498422861 -0.001067292 0.022912521 0.657990575 0.752676725
1770731465.359925032 5.377177238 34.414775848 3.496046543 0.000763450 0.028526489 0.657444656 0.752962232
1770731465.561982870 5.380530357 34.696685791 3.497636557 -0.000009628 0.018265566 0.660435379 0.750660717
1770731465.660260677 5.414805412 34.832572937 3.501699448 0.009079070 0.028580420 0.663980961 0.747148037
1770731465.761910439 5.407255650 34.974163055 3.496273994 0.001876125 0.019352488 0.663934112 0.747538328
1770731465.956841707 5.418260098 35.241199493 3.498318195 0.004705460 0.018988876 0.669687569 0.742385328
1770731466.059110165 5.420488358 35.403007507 3.490360022 -0.003593668 0.022365548 0.672553539 0.739701748
1770731466.261786222 5.441550255 35.679306030 3.493231773 0.002470955 0.025635289 0.675495028 0.736914694
1770731466.458594561 5.440845013 35.949897766 3.489295483 -0.003379430 0.020622838 0.674799562 0.737705171
1770731466.654856682 5.451462746 36.213600159 3.493223906 0.002130005 0.018540354 0.676764190 0.735963345
1770731466.757951498 5.462453365 36.372768402 3.486781836 0.000557192 0.023960102 0.675539076 0.736934602
1770731467.060141087 5.472048759 36.797126770 3.487463474 -0.000503424 0.020373782 0.673297226 0.739090979
1770731467.258986950 5.466698170 37.058723450 3.488028288 -0.000221068 0.015725210 0.674395919 0.738202453
1770731467.459044456 5.486141682 37.344055176 3.489253998 0.000055572 0.017962700 0.671633542 0.740665793
1770731467.659372807 5.489500046 37.615203857 3.489145994 -0.001698645 0.009998487 0.668416798 0.743717849
1770731467.869417429 5.506449699 37.910411835 3.488864899 -0.003236497 0.010249594 0.666379273 0.745535493
1770731467.958527088 5.512809277 38.047466278 3.482220650 -0.006560132 0.015561800 0.667388558 0.744518220
1770731468.061840057 5.527426720 38.198657990 3.476022243 -0.008262109 0.017564224 0.664907873 0.746673167
1770731468.158151150 5.537228107 38.347984314 3.470666170 -0.012683709 0.021080583 0.662204862 0.748918951
1770731468.359179497 5.546476841 38.621292114 3.470598221 -0.011429982 0.012888800 0.660027325 0.751044095
1770731468.659141541 5.572422028 39.029151917 3.466010571 -0.010684961 0.009359681 0.658136249 0.752764881
1770731469.154911518 5.637871742 39.749202728 3.455190420 -0.008102751 0.012753709 0.656595230 0.754091799
1770731469.457053900 5.685947895 40.155628204 3.448983431 -0.003551877 0.020998418 0.657940865 0.752768397
1770731469.957380772 5.709456444 40.873966217 3.439958334 -0.003490451 0.022196205 0.678954661 0.733836293
1770731470.156748056 5.707782269 41.148925781 3.435424089 -0.003476194 0.021226248 0.683753669 0.729395866
1770731470.357278824 5.704622269 41.417930603 3.436786652 -0.004746627 0.016375635 0.681782007 0.731356740
1770731470.457055807 5.709266663 41.543155670 3.440172911 0.000207678 0.013669400 0.681707382 0.731497228
1770731470.657742262 5.711524010 41.825817108 3.433613777 -0.004947703 0.016935589 0.680438280 0.732593060
1770731470.760389090 5.716933250 41.974613190 3.430302143 -0.007109195 0.019356385 0.680273235 0.732668519
1770731470.956638575 5.730298519 42.250156403 3.430317879 -0.004627825 0.020222610 0.677480161 0.735248506
1770731471.156603813 5.730677128 42.517372131 3.427860022 -0.005362788 0.017336272 0.676995337 0.735763669
1770731471.457324505 5.755632401 42.962730408 3.418179274 -0.009054977 0.028527245 0.675350249 0.736889601
1770731471.658743858 5.764816284 43.236137390 3.419491768 -0.003434396 0.018446013 0.672382891 0.739965618
1770731471.855625868 5.787652493 43.504238129 3.418514013 -0.000250306 0.023426605 0.673228443 0.739063323
1770731472.256419659 5.800122261 44.074241638 3.412758350 -0.006084550 0.020866143 0.670248210 0.741818726
1770731472.456299067 5.821956158 44.357635498 3.406810045 -0.006730892 0.025048546 0.668103039 0.743616641
1770731472.656470060 5.822126865 44.627006531 3.407699585 -0.009666780 0.015601284 0.665980935 0.745742917
1770731472.855556726 5.846854687 44.903778076 3.400940895 -0.007693636 0.019034956 0.663888514 0.747549713
1770731473.156113863 5.862525463 45.307067871 3.403512955 -0.009145936 0.007349939 0.658130169 0.752812803
1770731473.456893682 5.923807621 45.745597839 3.395181179 -0.009649007 0.025593348 0.655502200 0.754697859
1770731473.665797949 5.934690952 46.029266357 3.394567490 -0.009113716 0.009824910 0.650579870 0.759319603
1770731473.857856989 5.964894295 46.288364410 3.387669325 -0.011929983 0.015207961 0.648123622 0.761289895
1770731474.055917025 5.996422291 46.581974030 3.380742311 -0.017840976 0.020463068 0.643927813 0.764604509
1770731474.255895615 6.033058167 46.859291077 3.375608683 -0.012397703 0.016408255 0.641158819 0.767132640
1770731474.555066586 6.114031792 47.265144348 3.371307135 -0.001979323 0.029059727 0.641591609 0.766493261
1770731474.655310631 6.110786438 47.408725739 3.363402843 -0.011233500 0.020758498 0.638628304 0.769153357
1770731474.755792856 6.119400501 47.530307770 3.372807264 -0.005149895 0.010801004 0.637757480 0.770144343
1770731474.953326225 6.169509888 47.813011169 3.361149788 -0.003927010 0.018904742 0.637546420 0.770170033
1770731475.254771471 6.220641613 48.230308533 3.359037638 -0.003407493 0.021265330 0.638532102 0.769293845
1770731475.754946470 6.312835693 48.936645508 3.347214460 0.000553008 0.028464235 0.646340251 0.762518048
1770731476.453916073 6.385745525 49.886089325 3.326155901 -0.006981909 0.019723356 0.645127058 0.763788819
1770731476.554778576 6.393067360 50.027534485 3.325273037 -0.005994709 0.018068366 0.647342801 0.761961281
1770731476.754754305 6.442119598 50.324241638 3.311697721 -0.007056664 0.033030532 0.652470350 0.757061243
1770731476.954971790 6.440546036 50.592761993 3.309270382 -0.006696796 0.024490476 0.664910376 0.746491492
1770731477.152878761 6.447356701 50.856891632 3.301584005 -0.005296690 0.021871384 0.673330128 0.738999486
1770731477.252876759 6.455543518 50.992553711 3.301154852 -0.003573832 0.021334497 0.671760798 0.740452290
1770731477.553283930 6.480473042 51.393489838 3.292453527 -0.000852647 0.025450101 0.673158050 0.739060104
1770731477.653340578 6.468137264 51.543266296 3.289756060 -0.010095914 0.020627705 0.671451330 0.740692735
1770731477.752445698 6.480035782 51.681480408 3.287706375 -0.003235759 0.021665450 0.671183944 0.740967155
1770731477.854264975 6.493282318 51.829105377 3.284122229 -0.003222538 0.025395162 0.668997943 0.742823362
1770731478.054752350 6.491540432 52.073574066 3.290655851 -0.000527688 0.011156761 0.665748894 0.746092319
1770731478.261201382 6.514092922 52.368843079 3.283199072 -0.003680371 0.019202288 0.665824592 0.745852113
1770731478.349093676 6.532084942 52.507152557 3.277102947 -0.005238578 0.027109044 0.665185213 0.746167779
1770731478.553720236 6.557574749 52.796539307 3.274614334 -0.001541743 0.024769057 0.660766780 0.750180960
1770731478.751339197 6.562892914 53.043403625 3.272160769 -0.000315497 0.018399598 0.662619948 0.748729706
1770731478.953634501 6.573874950 53.334541321 3.266755581 -0.005534200 0.019185688 0.664106667 0.747371137
1770731479.253593922 6.602598190 53.762401581 3.260251284 -0.004087839 0.018111287 0.662308931 0.749000788
1770731479.952507019 6.642289162 54.731063843 3.252623081 -0.002470588 0.018575776 0.677676260 0.735121608
1770731480.053853035 6.638663769 54.887477875 3.241667032 -0.010376922 0.023351492 0.682119429 0.730794191
1770731480.153074265 6.648314953 55.024868011 3.240626097 -0.006390870 0.024151776 0.680238008 0.732565522
1770731480.452260494 6.645939350 55.431594849 3.230984688 -0.010988561 0.018745970 0.677191079 0.735486269
1770731480.647845268 6.657290459 55.699695587 3.227216244 -0.009054886 0.018062718 0.674783051 0.737739503
1770731480.855732679 6.668042660 55.978965759 3.225522757 -0.008801062 0.016646119 0.670875967 0.741330504
1770731481.050806046 6.677504539 56.230430603 3.228811026 -0.003758830 0.010664859 0.670063913 0.742217362
1770731481.251733541 6.709347725 56.508834839 3.224220514 -0.002127774 0.020712527 0.667658567 0.744176447
1770731481.462788343 6.727565289 56.789440155 3.220977068 -0.004732580 0.017172894 0.661311448 0.749899924
1770731481.649395943 6.745928288 57.037330627 3.219543934 -0.004236521 0.015378539 0.658438444 0.752465546
1770731481.852910995 6.777806759 57.313751221 3.224032164 -0.001056854 0.016322812 0.655702114 0.754842579
1770731482.051692486 6.806070805 57.591392517 3.220839500 -0.004455563 0.016641609 0.652907431 0.757241845
1770731482.150362968 6.820533752 57.728839874 3.222982645 -0.001704388 0.018761747 0.651867330 0.758099020
1770731482.250904560 6.841900826 57.865009308 3.220644712 -0.000126882 0.021277597 0.651022196 0.758760452
1770731482.351530552 6.851012230 58.013210297 3.216306448 -0.005243303 0.023073992 0.649664521 0.759852767
1770731482.451227188 6.858169079 58.147602081 3.215107679 -0.003941589 0.015600787 0.648199320 0.761300743
1770731482.550287247 6.873275757 58.284126282 3.214240074 -0.007436573 0.020120589 0.648078740 0.761271238
1770731482.650863409 6.899770260 58.416702271 3.215116501 -0.000742839 0.020833423 0.645915389 0.763124347
1770731482.853215694 6.915661335 58.689945221 3.217734575 -0.005371381 0.014052067 0.643508494 0.765291214
1770731482.968444824 6.940431118 58.859390259 3.209725857 -0.005854716 0.020078929 0.642964065 0.765610695
1770731483.150620461 6.968605518 59.115306854 3.211075306 -0.004385720 0.017255666 0.641668797 0.766775191
1770731483.649725437 7.048988819 59.803310394 3.208626032 -0.006446497 0.018864850 0.644014537 0.764753461
1770731483.749829769 7.073485851 59.952690125 3.204564810 -0.006190064 0.023679283 0.647465587 0.761701643
1770731484.051553011 7.101423740 60.375434875 3.208561420 -0.000915992 0.013106887 0.655494273 0.755085945
1770731484.149966478 7.121059418 60.515274048 3.208432674 0.001855467 0.018862391 0.657637477 0.753096104
1770731484.650258780 7.182240009 61.180267334 3.183203220 -0.012193575 0.030705992 0.654269755 0.755539298
1770731485.051461458 7.209153652 61.574413300 3.174019337 -0.005043044 0.018191675 0.652397394 0.757641971
1770731485.161886215 7.210140705 61.707248688 3.171530485 -0.004708621 0.012022687 0.653717875 0.756628215
1770731485.248978138 7.231482983 61.837890625 3.165070295 -0.004458692 0.019185433 0.653871298 0.756349385
1770731485.346501112 7.246653557 61.978073120 3.165983200 -0.002217293 0.016500995 0.653644741 0.756618440
1770731485.449643612 7.252820492 62.122062683 3.161836624 -0.003964772 0.012152759 0.652377129 0.757786691
1770731485.552422762 7.271956921 62.270542145 3.154150724 -0.003730377 0.016428018 0.651943922 0.758080065
1770731485.755315542 7.315914154 62.568729401 3.142523766 -0.005083792 0.027585857 0.650565088 0.758932292
1770731485.848753214 7.329674721 62.714233398 3.133529663 -0.006243762 0.028554298 0.650391817 0.759036362
1770731485.949116468 7.349668026 62.867347717 3.126130342 -0.006111255 0.030209070 0.648805857 0.760329604
1770731486.150316477 7.363890171 63.172340393 3.104185343 -0.018285422 0.025793582 0.644988716 0.763537824
1770731486.248140097 7.393318176 63.281963348 3.111851692 -0.000326761 0.021479223 0.643751025 0.764933527
1770731486.548233509 7.403203964 63.592620850 3.111527205 -0.001224247 0.002191248 0.643644214 0.765320778
1770731486.847975969 7.437071323 63.883472443 3.098482132 0.001136528 0.012060986 0.669299543 0.742893875
1770731487.146611691 7.409157276 64.125381470 3.090555429 0.001806426 0.006802451 0.695951045 0.718054831
1770731487.645353317 7.322736740 64.576805115 3.068555355 -0.008577662 0.009115864 0.750065446 0.661245286
1770731487.948271513 7.235403061 64.810462952 3.053606749 -0.015894536 0.006078064 0.782945454 0.621857643
1770731488.148084879 7.157849312 64.970512390 3.036287546 -0.027127637 0.007145471 0.795905828 0.604770184
1770731488.446444988 7.079433918 65.110267639 3.022272825 -0.025514103 0.003385470 0.825022101 0.564514041
1770731488.645853758 7.020810127 65.184005737 3.012917995 -0.027911687 0.000261107 0.833402514 0.551961184
1770731489.046330452 6.865165710 65.390617371 2.990794420 -0.028234564 0.000003593 0.864953876 0.501056433
1770731489.246893644 6.793353081 65.477394104 2.986418486 -0.026970115 0.001978597 0.880967438 0.472403556
1770731489.646999598 6.672629356 65.661575317 2.961091518 -0.028417902 0.032255396 0.906998456 0.418934137
1770731489.754510164 6.648025513 65.693786621 2.955944777 -0.028305722 0.037108414 0.912510335 0.406382412
1770731490.157228708 6.491726398 65.776954651 2.943313122 -0.024379490 0.030132473 0.929981351 0.365557790
1770731490.447028875 6.385287285 65.815376282 2.946856499 -0.003099123 0.017444789 0.948680341 0.315739840
1770731490.945523977 6.224319935 65.836791992 2.936523199 0.013281352 0.008909855 0.967117608 0.253826290
1770731491.243385792 6.092814445 65.886650085 2.920316696 0.008739068 0.014970353 0.980223715 0.197132111
1770731491.545289040 5.945203781 65.894424438 2.910683632 0.000823086 0.008369943 0.987707078 0.156089872
1770731491.844971418 5.807111263 65.909263611 2.898417234 -0.008038028 0.011174321 0.993240774 0.115253314
1770731492.259356260 5.702124596 65.899421692 2.894855022 0.006034923 0.010722451 0.997908294 0.063464478
1770731492.646501780 5.525664330 65.890327454 2.878643274 -0.000167964 -0.014753741 -0.999781668 -0.014798984
1770731493.143666744 5.361252308 65.836410522 2.858275175 -0.004141831 0.010617019 0.998342276 -0.056416474
1770731493.344225883 5.273390293 65.812171936 2.846176863 -0.014865001 0.011174457 0.995990634 -0.087503500
1770731493.643832207 5.149842262 65.753654480 2.834342480 -0.018457994 0.008438592 0.990891099 -0.133127540
1770731494.045837402 5.069566250 65.706657410 2.823944330 -0.019549070 0.011708664 0.976804674 -0.212916419
1770731494.342216015 5.077806950 65.675178528 2.814543724 -0.015562361 0.009222799 0.965316713 -0.260454386
1770731494.844394684 5.058385849 65.628997803 2.797616720 -0.015453568 0.012928217 0.941996276 -0.335018069
1770731496.442749500 4.965290546 65.240364075 2.758729219 -0.009769481 0.012081186 0.834229052 -0.551199257
1770731496.841934443 4.955966949 65.129501343 2.748406887 -0.011899605 0.005008515 0.809128940 -0.587489367
1770731497.248099327 4.949462891 65.048713684 2.745927334 -0.003984802 0.002165340 0.810882688 -0.585191190
1770731497.449940443 4.940247059 64.965011597 2.741340876 -0.003946669 -0.002815359 0.807817817 -0.589412272
1770731497.642784834 4.913669109 64.852645874 2.728937864 -0.018708702 -0.008942706 0.795502305 -0.605595708
1770731497.942440271 4.898492336 64.734603882 2.721132755 -0.022472071 -0.012322082 0.786229312 -0.617403209
1770731498.445673466 4.870365620 64.499954224 2.711144447 -0.019505449 -0.018784801 0.786767244 -0.616655469
1770731498.842369080 4.838305950 64.371353149 2.720818043 -0.021061821 -0.000205882 0.770610869 -0.636957824
1770731499.340376139 4.883368015 64.288810730 2.759301662 -0.027289039 -0.019360755 -0.747152448 0.663810015
1770731499.642929316 4.854731560 64.123558044 2.751716137 -0.017409725 -0.023618940 -0.747612417 0.663486838
1770731499.742120504 4.847759724 64.069801331 2.753139019 -0.019590538 -0.027066739 -0.746162474 0.664924979
1770731500.239696026 4.821538448 63.616401672 2.753475666 -0.004894482 0.004224291 0.747357845 -0.664390385
1770731500.341932297 4.811569214 63.481021881 2.752989769 -0.009490362 0.000115923 0.749487519 -0.661950529
1770731500.442350388 4.793515205 63.365180969 2.753383875 -0.012584642 0.005556102 0.749284804 -0.662105083
1770731500.541447401 4.786428452 63.262958527 2.753892660 -0.011366229 0.005749660 0.751174629 -0.659980714
1770731500.940754890 4.768537521 62.958835602 2.758579493 -0.006082339 0.005636083 0.757461786 -0.652826846
1770731501.240476370 4.746068954 62.717834473 2.767921209 -0.005842700 0.010386184 0.754536510 -0.656149924
1770731501.344346523 4.737637043 62.628082275 2.770477057 -0.007394162 0.012033627 0.752436578 -0.658513248
1770731501.440967798 4.729201794 62.549541473 2.774917603 0.005095036 -0.015954407 -0.751312256 0.659734309
1770731502.038567066 4.694146633 62.105640411 2.782409668 -0.011165505 0.015377934 0.752464175 -0.658359051
1770731502.340744257 4.682612419 61.902236938 2.791628838 0.005671763 -0.017181385 -0.753514886 0.657181919
1770731502.636902571 4.667593002 61.704345703 2.795391083 0.007437057 -0.015670672 -0.754462004 0.656114519
1770731502.837204456 4.647871017 61.534236908 2.799642801 0.007852596 -0.016849609 -0.756087661 0.654206216
1770731503.041017771 4.639693260 61.395233154 2.806777239 0.006559458 -0.017000269 -0.755150020 0.655298769
1770731503.238528728 4.630757332 61.246425629 2.811356068 0.004551815 -0.018054472 -0.752821147 0.657961726
1770731503.438616514 4.607862473 61.071212769 2.807863951 -0.016486043 0.014363515 0.750197411 -0.660852313
1770731503.638658524 4.614046574 60.933322906 2.815199137 0.007487168 -0.013456929 -0.748678505 0.662754476
1770731504.238449812 4.572212219 60.487182617 2.825104237 0.011747403 -0.017147781 -0.752749622 0.657978714
1770731504.538076639 4.560977459 60.267292023 2.830592155 -0.010459837 0.015478093 0.755369127 -0.655033171
1770731504.638526917 4.548494816 60.186813354 2.832351923 -0.014801124 0.014921224 0.756110609 -0.654106379
1770731504.839193106 4.539270878 60.054626465 2.842814207 0.005133198 -0.022478569 -0.755894780 0.654287040
1770731505.139052868 4.518203735 59.840080261 2.848110914 0.007804073 -0.020645877 -0.757306218 0.652686775
1770731505.238780022 4.514389515 59.778770447 2.852673054 0.005456233 -0.022755139 -0.757003725 0.652991533
1770731505.339154959 4.497377396 59.709869385 2.851464272 0.013789255 -0.021799833 -0.759088695 0.650476038
1770731505.737875938 4.488145828 59.546279907 2.857346296 0.009156306 -0.023220688 -0.758334041 0.651388049
1770731506.236179829 4.470957756 59.286952972 2.869582415 0.007761768 -0.025185045 -0.752525806 0.658035278
1770731506.737206459 4.443620205 58.960128784 2.878519773 0.012918790 -0.023447525 -0.753152609 0.657300949
1770731507.037403345 4.432639599 58.771842957 2.883626699 0.012983395 -0.022754723 -0.755460560 0.654670119
1770731507.237597227 4.417312622 58.591991425 2.892974615 0.009773391 -0.023027200 -0.760573447 0.648769855
1770731507.537559986 4.385941029 58.355545044 2.893979549 -0.016947730 0.020676747 0.763166428 -0.645648777
1770731508.036599874 4.342343330 57.951183319 2.915432692 0.008510855 -0.023302307 -0.770763457 0.636638343
1770731508.243450403 4.311567783 57.751827240 2.920591354 0.011734325 -0.023101371 -0.773008287 0.633866608
1770731508.430685520 4.303901196 57.593711853 2.925086498 0.008513416 -0.018545737 -0.772981584 0.634100258
1770731508.836123466 4.267214298 57.258502960 2.929940224 -0.013024196 0.015525891 0.764629304 -0.644151628
1770731508.937197208 4.258121490 57.179500580 2.935085535 0.009988028 -0.019210961 -0.762103498 0.647093117
1770731509.135978460 4.252573013 57.022827148 2.938922882 0.008383439 -0.014892105 -0.758447051 0.651510596
1770731509.536146402 4.233077526 56.768482208 2.947621346 0.007063519 -0.017744118 -0.749571204 0.661648154
1770731509.835339069 4.235659599 56.599712372 2.953728437 0.004543815 -0.017869776 -0.741313040 0.670906186
1770731510.337895393 4.222113132 56.203483582 2.965145111 0.004776123 -0.016442880 -0.740480244 0.671860039
1770731510.838205099 4.207691193 55.806304932 2.978052855 -0.001253564 -0.016611535 -0.745161712 0.666675746
1770731511.433814049 4.179019451 55.303543091 2.986385584 0.002506922 -0.010237551 -0.751511872 0.659635305
1770731511.633456230 4.156258106 55.096755981 2.990127325 -0.008505768 0.010039528 0.754081011 -0.656649709
1770731511.833458900 4.146960258 54.938629150 2.996808529 0.005017677 -0.012312837 -0.756840706 0.653464139
1770731512.134251833 4.133872032 54.734333038 3.001100063 0.002850040 -0.013528237 -0.760322988 0.649398088
1770731512.433840036 4.105848789 54.487030029 3.004676104 -0.009635630 0.012817804 0.759896636 -0.649846077
1770731512.636925936 4.074076176 54.335174561 3.003154755 -0.020923421 0.014084433 0.760133147 -0.649277687
1770731513.333519936 4.040332794 53.839324951 3.018814802 0.013133174 -0.021359241 -0.753356457 0.657134235
1770731513.634201050 4.033909321 53.625831604 3.026857615 0.010729399 -0.017510524 -0.751004517 0.659977734
1770731514.132085085 4.020714760 53.283576965 3.041002512 0.006788913 -0.019297801 -0.743672013 0.668231547
1770731514.532618761 4.004588604 52.961818695 3.048968792 0.010990329 -0.019042701 -0.740967393 0.671180964
1770731514.932298660 3.986679316 52.641460419 3.061042786 0.008753386 -0.021331012 -0.747071981 0.664343238
1770731515.231550217 3.955787182 52.308765411 3.065414667 -0.014242287 0.016160296 0.754411459 -0.656048357
1770731515.432511091 3.930319548 52.084087372 3.065892696 -0.019260487 0.014286096 0.756865084 -0.653131068
1770731515.931779385 3.885456800 51.674591064 3.082129002 0.012345190 -0.022426659 -0.764805198 0.643752813
1770731516.130511761 3.869890451 51.503032684 3.088927746 0.009155692 -0.021718614 -0.765009105 0.643588126
1770731516.331159830 3.851835728 51.340312958 3.094098091 0.010703458 -0.024370821 -0.760743558 0.648506641
1770731516.648052454 3.829497337 51.060207367 3.096691608 0.013916217 -0.020619232 -0.755951345 0.654155076
1770731516.825342894 3.833146095 50.906002045 3.106616735 0.004739190 -0.020643024 -0.751036286 0.659921110
1770731517.034141302 3.816328287 50.719139099 3.108019114 -0.012524818 0.016894910 0.746572793 -0.664971292
1770731517.332435608 3.814359903 50.503459930 3.118208408 0.001261877 -0.020027287 -0.745391190 0.666325212
1770731517.629539728 3.789440870 50.238063812 3.128963709 0.004275110 -0.022770131 -0.749392331 0.661720812
1770731517.829724312 3.771253109 50.012359619 3.129107475 0.009036681 -0.017798861 -0.753101289 0.657601714
1770731518.230953932 3.742249012 49.618595123 3.144288778 0.006441541 -0.018782835 -0.757094026 0.653004110
1770731518.429704428 3.725333929 49.455677032 3.145472050 0.006970399 -0.017737970 -0.759970963 0.649677575
1770731518.633859158 3.712092400 49.293861389 3.150979996 0.005448841 -0.019960120 -0.757000625 0.653086543
1770731518.831378698 3.706489325 49.098461151 3.152347803 -0.010450728 0.012931374 0.752255023 -0.658662319
1770731519.330905676 3.669872046 48.649150848 3.167872429 0.008778345 -0.018121589 -0.751135468 0.659841001
1770731519.529913902 3.654990673 48.457607269 3.171167612 -0.011934072 0.015426480 0.753316283 -0.657369137
1770731519.731679678 3.641390800 48.279003143 3.181936026 0.006202737 -0.020505035 -0.753652513 0.656923890
1770731520.032789946 3.609979391 47.969268799 3.191511154 0.009002325 -0.021697376 -0.751824558 0.658944607
1770731520.240992308 3.600440025 47.782089233 3.201037407 0.007690370 -0.021721056 -0.748756945 0.662444055
1770731520.430222273 3.595803261 47.621200562 3.208570004 0.003972480 -0.023077119 -0.745993018 0.665542006
1770731520.729321957 3.572795153 47.318264008 3.213473320 0.011985420 -0.017020172 -0.748622656 0.662669480
1770731521.329452276 3.528604746 46.712837219 3.245541096 0.003709439 -0.023103079 -0.756505013 0.653569221
1770731521.628923893 3.488135099 46.388580322 3.255384207 0.010666135 -0.018145619 -0.763853669 0.645046175
1770731522.128064394 3.445166349 46.008850098 3.264873981 0.007870487 -0.020642564 -0.769971013 0.637696326
1770731522.327032566 3.419569731 45.806964874 3.267088652 0.013579074 -0.020691879 -0.764787734 0.643806875
1770731522.528667212 3.401504517 45.632137299 3.276588917 0.010055881 -0.025249014 -0.761767507 0.647280216
1770731522.728600502 3.399767160 45.486164093 3.286855459 0.001705787 -0.026585529 -0.757526875 0.652260184
1770731522.928384304 3.383045912 45.319118500 3.293604612 0.005733681 -0.028249426 -0.751916111 0.658628345
1770731523.128398418 3.380643845 45.166370392 3.301957607 0.003491807 -0.027859414 -0.746778011 0.664480448
1770731523.728584290 3.390723228 44.698310852 3.315324068 0.008737337 -0.021343483 -0.725942850 0.687368274
1770731524.435766220 3.386875629 44.177715302 3.334433556 0.008198488 -0.019061660 -0.734171450 0.678646982
1770731524.927785397 3.372606039 43.753704071 3.352042437 0.006031382 -0.018707538 -0.741620064 0.670532167
1770731525.125780106 3.360343456 43.570522308 3.360106468 0.005867084 -0.022333717 -0.744528234 0.667191446
1770731525.428470373 3.340263367 43.297328949 3.367096424 0.010576950 -0.019554390 -0.747744143 0.663614690
1770731525.743105173 3.326335669 43.022495270 3.377312183 0.008642196 -0.018750316 -0.750759900 0.660252512
1770731525.926434278 3.297925472 42.810466766 3.381248951 0.011368120 -0.019868638 -0.754574120 0.655815482
1770731526.130026102 3.280758619 42.597270966 3.385394096 0.011617417 -0.017310835 -0.756101012 0.654122829
1770731526.327020645 3.267863035 42.466880798 3.390688181 0.008957060 -0.019166106 -0.759823501 0.649785101
1770731526.526601315 3.253890276 42.371166229 3.394877911 0.008680661 -0.023211857 -0.760330617 0.649063408
1770731527.426413059 3.219385386 41.774394989 3.409165382 0.009170198 -0.016204963 -0.749637306 0.661586881
1770731527.826746225 3.198531389 41.422573090 3.418852329 0.010333423 -0.019416517 -0.743496776 0.668377817
1770731528.025135517 3.180218458 41.241119385 3.423385143 0.011897697 -0.020858373 -0.747172177 0.664196670
1770731528.523890257 3.150994301 40.806179047 3.434653521 -0.012963550 0.016470529 0.752464116 -0.658299685
1770731528.725577831 3.126368284 40.612209320 3.435627460 -0.016971042 0.017184388 0.754422724 -0.655944407
1770731529.039746761 3.104505539 40.370113373 3.442633867 0.014002410 -0.018964455 -0.758031845 0.651791453
1770731529.524416208 3.072381258 39.962539673 3.448543072 -0.011552056 0.016033625 0.755181551 -0.655217767
1770731530.223232031 3.052054405 39.414356232 3.458527803 0.010039800 -0.016648293 -0.738274157 0.674220562
1770731530.522986889 3.034385681 39.158008575 3.468923092 0.008073322 -0.020933235 -0.744152784 0.667632580
1770731530.723765850 3.028738737 38.973697662 3.475080252 0.003101258 -0.019798577 -0.748178244 0.663195074
1770731531.222949266 2.986120462 38.578464508 3.485822678 0.009737181 -0.022862701 -0.753612220 0.656849384
1770731531.522405863 2.958054304 38.342380524 3.485954046 0.015315155 -0.021295110 -0.758703649 0.650907695
1770731531.817258835 2.944609642 38.168613434 3.492046118 0.011908932 -0.021086022 -0.762771070 0.646215081
1770731532.028595209 2.931150436 38.044658661 3.494328976 0.012643810 -0.020529727 -0.764751971 0.643873572
1770731532.424751520 2.909149408 37.744792938 3.500533342 0.013154576 -0.018859040 -0.751428902 0.659413397
1770731532.822004795 2.883375406 37.429626465 3.504824638 -0.014412005 0.016895449 0.758095145 -0.651765764
1770731533.022076130 2.860792398 37.245979309 3.506489754 -0.014871500 0.015584520 0.762940288 -0.646110058
1770731533.220997572 2.848990202 37.095710754 3.511119366 0.008255519 -0.017537812 -0.765830874 0.642749846
1770731533.423557281 2.814445972 36.907848358 3.509320021 -0.013647386 0.016205531 0.772755325 -0.634350419
1770731533.621213198 2.794143438 36.728111267 3.512170553 -0.011807758 0.013109822 0.775141239 -0.631541610
1770731533.723087549 2.781351089 36.657779694 3.517641068 0.006439112 -0.018198140 -0.775030434 0.631629050
1770731534.721918821 2.715829134 35.892150879 3.534911633 0.000721239 -0.010235066 -0.755838335 0.654677868
1770731535.018816233 2.710204840 35.708835602 3.534319162 0.000829109 -0.009675459 -0.750745773 0.660519898
1770731535.422531128 2.681936741 35.351734161 3.536910772 -0.005816830 0.004555757 0.753716469 -0.657158196
1770731535.620773315 2.664938450 35.175559998 3.538838387 -0.003293967 0.006754741 0.755667329 -0.654912591
1770731535.821801901 2.664589405 35.016109467 3.544069290 -0.001953626 -0.005171614 -0.753551483 0.657365620
1770731536.117287159 2.634896994 34.762252808 3.541030645 -0.009676866 0.008066433 0.751349032 -0.659784794
1770731536.321387053 2.617613792 34.597469330 3.537909031 -0.013184375 0.007687911 0.758042216 -0.652026951
1770731536.520496607 2.594702244 34.451015472 3.542518854 -0.012406976 0.015235817 0.770984828 -0.636550367
1770731536.723001957 2.573101759 34.330688477 3.544627905 0.011594022 -0.017750600 -0.782705605 0.622030973
1770731536.921411991 2.559683323 34.226200104 3.547427654 0.009479073 -0.018028606 -0.784652114 0.619601667
1770731537.324811935 2.540372372 33.998928070 3.559212208 0.003329543 -0.024100240 -0.771646619 0.635586083
1770731537.420859575 2.538475752 33.925575256 3.561044455 0.003148881 -0.021604495 -0.767992973 0.640086055
1770731537.819693327 2.544697285 33.626693726 3.565866232 -0.001572360 -0.010063260 -0.753046811 0.657888114
1770731538.122449636 2.520684481 33.405498505 3.570806503 0.002659684 -0.011646313 -0.752279878 0.658735394
1770731538.719217777 2.491642952 32.943683624 3.580303907 -0.001078256 -0.010759273 -0.754824340 0.655837834
1770731538.920052052 2.488283396 32.771980286 3.583916426 -0.000751931 -0.008476004 -0.750458062 0.660863400
1770731539.120052576 2.476822376 32.584110260 3.582323074 -0.003117287 0.005380441 0.749571681 -0.661893964
1770731539.419454813 2.470795870 32.334938049 3.581689358 -0.006486899 0.003024490 0.744051516 -0.668083906
1770731539.715975285 2.472877264 32.127761841 3.585370064 -0.001036975 0.006145399 0.738137186 -0.674621940
1770731539.918439150 2.452528715 31.953805923 3.582961798 -0.014203739 0.007965456 0.737709761 -0.674921572
1770731540.119182825 2.464031935 31.798904419 3.591837645 0.001275917 -0.011505656 -0.737511694 0.675235212
1770731541.018854141 2.420387745 30.925916672 3.609477758 0.007018690 -0.013872127 -0.745275617 0.666575313
1770731541.119949102 2.415657282 30.830108643 3.614911556 0.001721404 -0.016909296 -0.746447325 0.665227473
1770731541.317964792 2.405364037 30.654321671 3.622139931 -0.000427980 -0.017883427 -0.748378575 0.663030565
1770731541.821649313 2.371213198 30.266019821 3.640394926 -0.001145291 -0.019781163 -0.753957272 0.656624556
1770731542.016773701 2.357579470 30.082565308 3.647038937 -0.001606337 -0.019466352 -0.753953397 0.656637430
1770731542.417388916 2.336750269 29.691455841 3.661265373 -0.000617848 -0.012941068 -0.752820790 0.658098102
1770731542.717525959 2.321967840 29.419301987 3.665202141 0.002446355 -0.009469381 -0.750000834 0.661364615
1770731543.016062260 2.293893099 29.182409286 3.671463728 -0.011607297 0.011358649 0.747792840 -0.663733482
1770731543.417006254 2.267203808 28.851057053 3.675235271 -0.015245606 0.010610668 0.754214704 -0.656365097
1770731543.630462408 2.229442835 28.663846970 3.678375483 -0.018266844 0.016455308 0.758168280 -0.651595294
1770731543.817155600 2.232205391 28.507534027 3.687941551 0.004189971 -0.016384996 -0.762245953 0.647066593
1770731544.016629457 2.191338062 28.328147888 3.687904119 0.007932715 -0.022155933 -0.764557958 0.644125223
1770731544.216240168 2.177032709 28.166135788 3.697381020 0.006241031 -0.020953408 -0.765587687 0.642960072
1770731544.416327238 2.164901733 28.022413254 3.701385736 0.002863044 -0.023141149 -0.764162540 0.644602180
1770731544.618157864 2.148131847 27.839294434 3.708149672 -0.000009016 -0.021992659 -0.763378978 0.645576417
1770731545.016828775 2.136079311 27.506553650 3.714036226 0.001404927 -0.017429514 -0.752247095 0.658649087
1770731545.215708256 2.131354570 27.343139648 3.715020657 0.003327500 -0.013659064 -0.747954965 0.663600564
1770731545.514526129 2.121227741 27.126457214 3.720045567 0.002695181 -0.014887002 -0.744029045 0.667976081
1770731545.813721180 2.108219385 26.885843277 3.724753141 0.001192855 -0.017819798 -0.745377481 0.666403472
1770731546.021040440 2.091402531 26.696203232 3.723737478 0.005692523 -0.015789006 -0.750530243 0.660622835
1770731546.417132854 2.057338953 26.334590912 3.729094028 0.006328600 -0.011912599 -0.758394182 0.651656628
1770731546.814615965 2.047966480 26.056303024 3.739809752 0.001117872 -0.014966518 -0.739716768 0.672751009
1770731547.014967918 2.048853874 25.896633148 3.742136955 -0.005524512 0.010054281 0.728809595 -0.684620321
1770731547.118982077 2.047716856 25.811113358 3.739160061 -0.006191810 0.010026552 0.726763308 -0.686786890
1770731547.213602781 2.052195311 25.721475601 3.736424208 -0.007893564 0.003694954 0.729272783 -0.684167564
1770731547.414232731 2.051948071 25.545486450 3.740680218 -0.007441774 0.005178709 0.726619661 -0.686980128
1770731547.514586449 2.044322968 25.444416046 3.736901999 -0.013072240 0.002952195 0.728511512 -0.684902549
1770731548.019451141 2.032769203 25.050725937 3.754268169 0.000466672 -0.010244559 -0.741548061 0.670821428
1770731548.213979483 2.029364347 24.875900269 3.758505821 -0.001979226 -0.008173609 -0.745417118 0.666545272
1770731548.513041735 2.015441179 24.606277466 3.762158394 0.001744528 0.001657081 0.751869261 -0.659307897
1770731548.613383055 2.006407499 24.512977600 3.764854193 -0.004892542 -0.005283090 -0.754699707 0.656030893
1770731549.113392830 1.971703053 24.054512024 3.786541462 -0.010822508 -0.004273359 -0.760417521 0.649330258
1770731549.619876385 1.919719219 23.568498611 3.793837309 0.003162738 -0.003098596 0.764144301 -0.645030141
1770731549.813019991 1.912694693 23.443265915 3.799626350 -0.009103080 -0.000554111 -0.762626529 0.646774888
1770731550.006716251 1.898062229 23.284206390 3.801934719 0.007414324 -0.001735379 0.761468351 -0.648157477
1770731550.313677788 1.864391208 23.024803162 3.804073095 -0.001853917 -0.002796266 0.760401964 -0.649444044
1770731550.512707949 1.857566357 22.866687775 3.805928469 0.002251317 -0.004142962 0.760426581 -0.649406910
1770731550.714487791 1.842659831 22.717872620 3.806969643 0.003683127 -0.002641299 0.761849344 -0.647738457
1770731550.911838770 1.828377366 22.575984955 3.809020042 0.004948174 -0.001122227 0.761503875 -0.648140550
1770731551.112583637 1.816901565 22.421958923 3.812641144 -0.006166793 -0.001271600 -0.756194711 0.654316366
1770731551.312661171 1.803572655 22.240528107 3.815114260 0.004743497 0.000730437 0.753699660 -0.657201409
1770731551.411959410 1.798051238 22.163057327 3.816555977 0.005047529 0.000360348 0.753942311 -0.656921148
1770731551.712287188 1.780466437 21.939268112 3.819562197 -0.006029394 -0.003273180 -0.753609657 0.657286406
1770731552.232427359 1.744667411 21.534624100 3.823675632 0.002100948 0.002608775 0.752624094 -0.658441901
1770731552.819187641 1.714351177 20.996986389 3.827369452 -0.011013516 -0.000964632 0.738027453 -0.674680114
1770731553.211312056 1.720184088 20.757623672 3.839950800 -0.002423120 -0.004949909 -0.739183307 0.673481822
1770731553.611344814 1.687121391 20.402805328 3.845089674 -0.013429797 0.004224348 0.739488184 -0.673022389
1770731553.911535978 1.682336807 20.175527573 3.862764359 0.001090469 -0.013342312 -0.741696656 0.670601904
1770731554.309478045 1.657021642 19.796047211 3.865729094 -0.012362730 0.007628061 0.743816197 -0.668226421
1770731554.508866310 1.651044965 19.641742706 3.875679493 0.004478063 -0.010892073 -0.747522771 0.664131820
1770731554.709034443 1.649478912 19.501358032 3.881102085 -0.001570479 -0.013081963 -0.748916447 0.662533522
1770731555.210782766 1.615598917 19.070487976 3.897834539 -0.002177993 -0.013048887 -0.755428135 0.655097961
1770731555.510689497 1.590436578 18.834873199 3.901246309 0.001543614 -0.013979946 -0.757216156 0.653012931
1770731555.909456968 1.566609383 18.518037796 3.905954361 0.003465204 -0.011477086 -0.758147240 0.651973248
1770731556.111153841 1.564432144 18.345304489 3.911709547 -0.001435886 -0.010462203 -0.754449844 0.656272709
1770731556.218642950 1.559539080 18.243991852 3.911523581 0.000064177 -0.009409866 -0.752102077 0.658979535
1770731556.708453894 1.553320527 17.808565140 3.917517424 -0.002115098 -0.007926332 -0.738921285 0.673741817
1770731556.806424618 1.553044319 17.724208832 3.919970036 -0.004108660 -0.009833238 -0.737543106 0.675216019
1770731557.207484007 1.538239956 17.383924484 3.923099995 0.000355988 -0.008769180 -0.739441097 0.673164129
1770731557.506529570 1.534545541 17.159198761 3.937878370 -0.010481363 -0.017671546 -0.740933061 0.671264529
1770731557.706481218 1.520271778 16.972875595 3.943373442 -0.010262690 -0.020757250 -0.743200660 0.668667793
1770731558.006917238 1.494782090 16.721000671 3.955536842 -0.008121910 -0.028754195 -0.745388508 0.665960431
1770731558.706988573 1.402597904 16.091176987 3.954173088 0.020503974 -0.033276998 -0.746564746 0.664163709
1770731558.906450272 1.426699400 16.007438660 3.975435972 -0.007815711 -0.047496617 -0.740167201 0.670697808
1770731559.204231501 1.411684871 15.819860458 3.992016792 -0.016142296 -0.064210661 -0.739283383 0.670131683
1770731559.506664753 1.428618431 15.625658989 4.005791187 -0.019836433 -0.053816378 -0.735648096 0.674931288
1770731559.904618025 1.470469832 15.327423096 4.009961605 -0.016567044 -0.033917848 -0.715642452 0.697446108
1770731560.304505587 1.507330060 15.022239685 4.015867710 -0.002155441 -0.019854633 -0.674749672 0.737776399
1770731560.702852726 1.561248899 14.825406075 4.021542549 -0.001939307 -0.022286931 -0.637168884 0.770399570
1770731561.104616404 1.656543016 14.652334213 4.013451099 -0.007180456 -0.009930060 -0.606544554 0.794955134
1770731561.503845930 1.752325535 14.486957550 4.004616737 0.002453491 -0.003021925 0.559457064 -0.828850269
1770731562.004925728 1.848729134 14.296356201 4.009212494 -0.005327213 -0.007261718 0.544357896 -0.838804781
1770731562.205779791 1.885966063 14.195880890 4.011322975 -0.005820292 0.002536757 0.546292007 -0.837570727
1770731562.403897285 1.961925983 14.101076126 4.020855904 -0.008044410 -0.001745171 -0.548685372 0.835988402
1770731562.616631269 2.024845839 13.996445656 4.036414146 -0.014391268 -0.006945653 -0.549154341 0.835568190
1770731562.803632021 2.088974476 13.835060120 4.023684025 0.000694626 0.000730459 0.550520480 -0.834821045
1770731563.108272314 2.191438913 13.450519562 3.978953838 -0.053311348 -0.034829173 0.559263110 -0.826540768
1770731563.202656269 2.230482817 13.400095940 3.984116316 -0.037879057 -0.023814004 0.562226534 -0.825771987
1770731563.303728342 2.256695747 13.348566055 3.987498045 -0.032238230 -0.010699032 0.561848164 -0.826542735
1770731563.506934166 2.320035219 13.239690781 3.991968632 -0.017559852 -0.004694280 0.568608403 -0.822407484
1770731563.802694082 2.378363132 13.114064217 4.000587940 -0.009017810 0.008438840 0.567780495 -0.823087394
1770731564.101744890 2.441636086 13.027975082 4.014460087 -0.005259241 -0.022732442 -0.555667639 0.831077099
1770731564.402476788 2.557377815 12.892789841 4.011854172 -0.009719494 -0.018922342 -0.520004332 0.853898764
1770731564.602447033 2.657028198 12.771569252 4.006862164 -0.008951366 -0.010858500 -0.494556308 0.869031668
1770731565.003807545 2.872719765 12.590511322 3.992616177 0.005278318 -0.007600764 0.436107427 -0.899847031
1770731565.306117296 2.983628035 12.508249283 3.997028112 -0.008373305 -0.001820184 -0.386833161 0.922109902
1770731565.702462196 3.133279324 12.377732277 3.961992979 -0.024061823 -0.013784523 0.316423178 -0.948212743
1770731566.105817318 3.274195433 12.368301392 3.950291157 -0.012452740 -0.016845327 0.258833706 -0.965694726
1770731566.500505924 3.347589731 12.380020142 3.941795826 -0.006517029 -0.017904421 0.213888526 -0.976672232
1770731566.800751925 3.450004339 12.367701530 3.930176258 -0.011358525 -0.025794959 0.172939956 -0.984529018
1770731567.200433969 3.549435139 12.373476028 3.923903942 -0.009569404 -0.012774981 0.115492553 -0.993180096
1770731567.500104427 3.587864161 12.379127502 3.915720224 -0.013114880 -0.010409407 0.076282524 -0.996945620
1770731568.108365297 3.649791002 12.407548904 3.904531717 0.014708857 0.008565147 -0.014132148 0.999755263
1770731571.099958420 4.172732353 12.748325348 3.812701941 0.007640596 0.021020049 0.380978227 0.924313486
1770731573.997451782 4.145967007 12.834063530 3.800259352 0.004067008 -0.004537998 0.457811981 0.889028132
1770731575.494133234 4.172905445 12.965514183 3.785112858 0.020278372 -0.001101434 0.570968866 0.820720553
1770731575.897075891 4.154187679 12.971626282 3.775265932 0.018793175 -0.002050403 0.595223784 0.803337574
1770731576.406517744 4.136533260 12.985372543 3.768503189 0.020930484 -0.003694443 0.620189726 0.784163833
1770731576.897182941 4.126026154 13.012171745 3.761875629 0.023851102 -0.004774177 0.650147557 0.759418607
1770731577.396301985 4.123963833 13.038246155 3.756606579 0.024945447 -0.007774125 0.662758946 0.748376906
1770731577.996094942 4.133822441 13.205868721 3.749537945 0.010169870 0.004505273 0.664948344 0.746806562
1770731578.395663500 4.118957996 13.332134247 3.751999378 0.017986270 0.001466228 0.708397388 0.705583036
1770731578.794994116 4.076896667 13.460942268 3.745956898 0.004905757 -0.003696866 0.712273836 0.701874852
1770731578.993236303 4.078289032 13.514477730 3.742396832 0.003919852 0.004702935 0.716928780 0.697119534
1770731579.498326540 4.079714775 13.632906914 3.742294073 0.003262898 0.015657118 0.724226654 0.689376533
1770731579.894399881 4.060940266 13.733144760 3.745339394 0.001325418 0.010494065 0.725077450 0.688586175
1770731580.395334244 4.070995331 13.821672440 3.742979765 -0.002005898 0.017729012 0.709681571 0.704296589
1770731580.993977785 4.113142490 13.820322037 3.744638205 0.000782851 0.018678481 0.668329239 0.743630648
1770731581.593782902 4.108612537 13.819795609 3.746781349 0.001397083 0.017767934 0.670628667 0.741579056
1770731582.093964577 4.100540638 13.843338966 3.750181913 0.001773527 0.014626079 0.677891672 0.735014141
1770731582.697513103 4.099106312 13.926322937 3.751292706 0.000872927 0.010784905 0.674551427 0.738148630
1770731583.291985750 4.108639717 14.017502785 3.748264790 0.001280744 0.015713647 0.675848782 0.736871719
1770731583.892315626 4.113374233 14.034322739 3.747455120 0.000962548 0.017762644 0.672964573 0.739460826
1770731584.392728806 4.116681576 14.043787003 3.747462034 0.000819935 0.018784408 0.670481801 0.741687775
1770731584.893610954 4.114416122 14.041870117 3.747787237 0.000820164 0.018633276 0.671767116 0.740527570
1770731585.491763830 4.113751411 14.040439606 3.748115063 0.000924255 0.018676765 0.672002017 0.740313172
1770731586.090920210 4.113940716 14.039846420 3.748252630 0.000860586 0.018641280 0.672110796 0.740215421
