%YAML:1.0
# AirSLAM camera + IMU calibration for the HortiMulti dataset.
#
# Source: Basler acA1920-155uc cameras with fisheye lenses.
# Pre-processing: fisheye stereo rectification (scripts/data/convert_hortimulti.sh),
#   output 640x480 grayscale PNG stored in mav0/cam0/data/ and mav0/cam1/data/.
#
# Because images are pre-rectified (zero distortion), distortion_type = 0.
#
# Rectified intrinsics (cv2.fisheye.stereoRectify, scaled 2048x1536 -> 640x480):
#   fx = fy = 262.7149,  cx = 329.4310,  cy = 219.5617
#   baseline = 0.139502 m
#
# T convention (T_type: 0 = EuRoC Tbc): T is T_cam_imu (camera <- IMU/body).
#   cam0 T = T_forwardLeft_cam_imu_link  (from calibration.yaml)
#   cam1 T = T_forwardRight_cam_imu_link (= inverse of T_imu_link_forwardRight_cam)
#
# IMU: MicroStrain 3DM-GX5-25 AHRS @ 200 Hz.
# Noise from Allan variance in datasets/hortimulti/calibration.yaml.

image_height: 480
image_width: 640
use_imu: 1

depth_lower_thr: 0.1
depth_upper_thr: 15.0
max_y_diff: 1

# Calibration
distortion_type: 0   # 0 = undistorted / pre-rectified input

cam0:
  intrinsics: [262.7149, 262.7149, 329.4310, 219.5617]  # fx fy cx cy
  distortion_coeffs: [0.0, 0.0, 0.0, 0.0, 0.0]
  T_type: 0           # EuRoC format: T is T_cam_imu (body/IMU -> camera)
  T:
  - [ 0.0521232345, -0.9986040017,  0.0085566475,  0.0306819693]
  - [-0.0073054379, -0.0089493527, -0.9999332676, -0.0550750963]
  - [ 0.9986139389,  0.0520572461, -0.0077617087, -0.1240776643]
  - [ 0.0,           0.0,           0.0,           1.0          ]

cam1:
  intrinsics: [262.7149, 262.7149, 329.4310, 219.5617]  # fx fy cx cy
  distortion_coeffs: [0.0, 0.0, 0.0, 0.0, 0.0]
  T_type: 0
  T:
  - [ 0.0280588344, -0.9995658920,  0.0089849508, -0.1058259019]
  - [-0.0081160869, -0.0092160020, -0.9999245945, -0.0552409762]
  - [ 0.9995733245,  0.0279837960, -0.0083711539, -0.1237505692]
  - [ 0.0,           0.0,           0.0,           1.0          ]

# IMU
rate_hz: 200
gyroscope_noise_density:     6.037e-04   # rad/s/sqrt(Hz)  - Allan variance
gyroscope_random_walk:       3.221e-05   # rad/s^2/sqrt(Hz)
accelerometer_noise_density: 1.094e-03   # m/s^2/sqrt(Hz)
accelerometer_random_walk:   4.584e-05   # m/s^3/sqrt(Hz)
g_value: 9.812                           # Herefordshire, UK (~52 deg N)
