1770725407.332646 15.504993 2.033159 93.301155 0.109393 0.265347 0.883101 -0.371156
1770725410.503443 15.115191 1.702480 93.547653 0.110689 0.263383 0.890427 -0.354283
1770725411.603005 13.846712 0.676440 94.224594 0.072822 0.278351 0.879367 -0.379382
1770725412.703051 12.794121 -0.353515 94.985619 0.120312 0.276615 0.876664 -0.374794
1770725413.802298 11.657562 -1.332218 95.773392 0.129940 0.293106 0.873251 -0.366931
1770725414.803712 10.595645 -2.253149 96.554924 0.129915 0.296764 0.870000 -0.371690
1770725415.900481 9.432285 -3.270226 97.422745 0.123748 0.296700 0.871230 -0.370963
1770725416.910103 8.442772 -4.227494 98.226479 0.140796 0.294794 0.857816 -0.396767
1770725418.002247 7.365158 -5.397210 99.096771 0.123767 0.281440 0.860504 -0.406210
1770725419.099081 6.343648 -6.632524 99.930344 0.109915 0.275654 0.843498 -0.447709
1770725420.199048 5.514139 -7.904289 100.757545 0.119044 0.263557 0.828110 -0.480208
1770725421.298399 4.796879 -9.251659 101.530144 -0.103125 -0.239884 -0.821040 0.507656
1770725422.392187 4.131358 -10.616541 102.229012 -0.093134 -0.232681 -0.814286 0.523568
1770725423.395551 3.612134 -11.894464 102.825577 -0.082831 -0.215943 -0.801973 0.550770
1770725424.395808 3.136081 -13.228073 103.366783 -0.064215 -0.202144 -0.796094 0.566788
1770725425.494788 2.798213 -14.708816 103.921066 -0.069534 -0.184126 -0.769608 0.607426
1770725426.594133 2.520514 -16.187506 104.434761 -0.063897 -0.173863 -0.765078 0.616720
1770725427.694720 2.304502 -17.721029 104.890266 -0.048090 -0.148127 -0.750009 0.642831
1770725428.793760 2.164608 -19.227379 105.290359 -0.034155 -0.141614 -0.733460 0.663940
1770725429.891527 2.163214 -20.750900 105.647591 -0.022439 -0.129475 -0.705501 0.696420
1770725430.894391 2.207901 -22.151419 105.938850 -0.011076 -0.109103 -0.708648 0.696987
1770725431.996357 2.270082 -23.659622 106.216728 -0.012174 -0.097992 -0.709145 0.698114
1770725433.093925 2.322237 -25.196722 106.443611 0.006741 -0.091561 -0.694255 0.713849
1770725434.188293 2.558360 -26.704033 106.631294 0.002596 -0.075301 -0.659952 0.747520
1770725435.191133 2.787915 -28.075548 106.759773 0.015151 -0.058725 -0.659389 0.749352
1770725436.289927 3.094396 -29.587603 106.851868 0.014278 -0.031867 -0.658516 0.751756
1770725437.388472 3.351377 -31.104511 106.903214 0.022118 -0.032425 -0.659620 0.750574
1770725438.487262 3.627095 -32.628696 106.925873 0.041288 -0.012558 -0.662705 0.747636
1770725439.587003 3.894631 -34.162281 106.910851 0.049225 -0.007438 -0.651216 0.757258
1770725440.685626 4.160903 -35.649975 106.851540 0.049238 -0.006144 -0.658716 0.750754
1770725441.785399 4.481984 -37.158188 106.784134 0.053246 0.006899 -0.650833 0.757320
1770725442.797864 4.706500 -38.525509 106.687325 0.049219 0.014120 -0.668851 0.741630
1770725443.879702 4.857164 -40.064991 106.552887 0.066584 0.019890 -0.684457 0.725733
1770725444.883118 4.917097 -41.444321 106.390656 0.065455 0.030276 -0.713211 0.697230
1770725445.979682 4.884970 -42.942410 106.188293 0.067091 0.032696 -0.721763 0.688105
1770725446.993775 4.847306 -44.322159 105.989174 0.073132 0.033123 -0.721355 0.687896
1770725448.077714 4.853872 -45.870983 105.772820 0.068294 0.045025 -0.719648 0.689504
1770725449.080585 4.771548 -47.256489 105.579292 0.082613 0.043206 -0.735598 0.670972
1770725450.180758 4.684236 -48.770477 105.353966 0.078226 0.043364 -0.741929 0.664486
1770725451.281190 4.497469 -50.295692 105.118500 0.092771 0.045157 -0.752072 0.650955
1770725452.380014 4.357370 -51.792889 104.864250 0.096282 0.043439 -0.720704 0.685148
1770725453.472189 4.386349 -53.298859 104.602249 0.070307 0.064513 -0.755149 0.648571
1770725454.478575 4.208564 -54.669575 104.369781 0.061886 0.077653 -0.770097 0.630151
1770725455.575166 3.938617 -56.166222 104.121902 0.069969 0.069501 -0.782323 0.615016
1770725456.577074 3.637311 -57.534973 103.859810 0.080183 0.075613 -0.787610 0.606238
1770725457.577780 3.261080 -58.865292 103.602951 0.078004 0.070156 -0.794973 0.597505
1770725458.674741 2.645411 -60.283699 103.323425 0.073173 0.072017 -0.845212 0.524478
1770725459.676206 2.041044 -61.596004 103.084641 0.076982 0.065179 -0.852209 0.513386
1770725460.773557 1.336045 -63.024944 102.797356 0.074800 0.064729 -0.858423 0.503315
1770725461.773835 0.682540 -64.316170 102.556801 -0.078088 -0.051362 0.861103 -0.499767
1770725462.876797 -0.031137 -65.724350 102.294182 0.078534 0.045389 -0.855044 0.510561
1770725463.971674 -0.743998 -67.166153 102.042755 0.075046 0.049765 -0.854844 0.511012
1770725464.972159 -1.311817 -68.445457 101.798370 0.073670 0.047482 -0.846630 0.524915
1770725465.972334 -1.992261 -69.745293 101.568199 0.094715 0.044672 -0.857482 0.503743
1770725467.072171 -2.730603 -71.148621 101.366249 -0.067495 -0.033888 0.868025 -0.490742
1770725468.175497 -3.500375 -72.558556 101.164017 -0.057681 -0.040362 0.877596 -0.474204
1770725469.268898 -4.376558 -73.913971 100.956284 -0.065350 -0.022626 0.885154 -0.460129
1770725470.270107 -5.167359 -75.176125 100.763702 -0.070450 -0.027750 0.871951 -0.483703
1770725471.376519 -5.914173 -76.601898 100.544662 -0.068451 -0.034800 0.867655 -0.491201
1770725472.666792 -6.910017 -78.215660 100.304970 -0.071640 -0.026390 0.876154 -0.475947
1770725473.770470 -7.683372 -79.647408 100.079582 -0.067962 -0.038075 0.873232 -0.481037
1770725474.866171 -8.516150 -81.040306 99.861977 -0.066005 -0.037800 0.879100 -0.470530
1770725475.965795 -9.382706 -82.404266 99.656349 -0.075504 -0.024826 0.877313 -0.473291
1770725477.064626 -10.161614 -83.840256 99.457672 -0.081293 -0.034010 0.870118 -0.484902
1770725478.162941 -10.977973 -85.228409 99.226006 -0.083461 -0.029114 0.876913 -0.472452
1770725479.163490 -11.733699 -86.482979 98.979431 -0.075507 -0.042945 0.877165 -0.472267
1770725480.264385 -12.573360 -87.860596 98.744095 -0.077144 -0.038637 0.879549 -0.467921
1770725481.363028 -13.369763 -89.294365 98.453514 -0.080032 -0.050825 0.861093 -0.499531
1770725482.365003 -14.015962 -90.611191 98.251518 -0.071316 -0.057059 0.864272 -0.494663
1770725483.460498 -14.830204 -92.016991 97.997559 -0.076987 -0.046815 0.869177 -0.486222
1770725484.460607 -15.489317 -93.296249 97.820702 0.073557 0.050611 -0.861406 0.500007
1770725485.462160 -16.210331 -94.612740 97.586792 -0.080101 -0.047699 0.868528 -0.486794
1770725486.558649 -17.049133 -95.981720 97.341614 -0.083549 -0.033518 0.875945 -0.473937
1770725487.661671 -17.869823 -97.345451 97.100037 -0.077428 -0.047386 0.880469 -0.465333
1770725488.757199 -18.741106 -98.700905 96.855629 -0.084018 -0.034087 0.876251 -0.473247
1770725489.757494 -19.434313 -99.997551 96.645020 -0.083883 -0.035079 0.863089 -0.496801
1770725490.758749 -20.137348 -101.282661 96.418327 -0.090792 -0.030073 0.866883 -0.489251
1770725491.855776 -20.941483 -102.712372 96.156723 -0.092937 -0.041546 0.873694 -0.475706
1770725492.858001 -21.666479 -103.909927 96.011688 -0.068837 -0.012208 0.869896 -0.488256
1770725493.954741 -22.334379 -105.335449 95.842850 -0.051550 -0.025637 0.865996 -0.496725
1770725495.054464 -23.159933 -106.734650 95.683960 -0.068109 -0.027457 0.878120 -0.472771
1770725496.153618 -23.846224 -108.030304 95.630295 -0.022131 -0.002064 0.871169 -0.490479
1770725497.252369 -24.595806 -109.503540 95.542229 0.042687 0.003629 -0.855552 0.515942
1770725498.252738 -25.232513 -110.806015 95.470978 0.043859 0.009246 -0.858250 0.511271
1770725499.352374 -25.945467 -112.218719 95.385025 0.033694 0.007642 -0.865002 0.500577
1770725500.450490 -26.705389 -113.624916 95.298752 -0.037072 -0.009590 0.870407 -0.490841
1770725501.450778 -27.330332 -114.849854 95.220200 0.038849 0.008933 -0.862354 0.504734
1770725502.451964 -28.046843 -116.100868 95.133644 -0.048162 -0.001049 0.867725 -0.494705
1770725503.549131 -28.747055 -117.494484 95.116783 0.027668 -0.016952 -0.863368 0.503530
1770725504.550866 -29.396683 -118.806557 95.084610 0.031392 -0.013932 -0.857433 0.513448
1770725505.647118 -29.801062 -119.829147 95.257858 0.008217 -0.025089 -0.841450 0.539689
1770725506.747906 -30.394705 -121.250275 95.317413 0.010452 -0.023458 -0.845602 0.533196
1770725507.846182 -31.006250 -122.662239 95.376595 0.003410 -0.022026 -0.850307 0.525814
1770725508.945674 -31.591671 -124.097137 95.426430 0.002878 -0.012006 -0.839681 0.542939
1770725509.946561 -32.113472 -125.400764 95.497635 0.003021 -0.016614 -0.845149 0.534265
1770725511.044130 -32.751667 -126.804146 95.554375 0.006087 -0.019387 -0.852021 0.523114
1770725512.143576 -33.380154 -128.104645 95.577568 -0.012518 0.004397 0.867942 -0.496488
1770725513.242949 -33.912357 -129.138641 95.635918 0.003161 0.005035 0.871567 -0.490241
1770725514.343975 -34.415062 -130.063309 95.660713 0.005798 -0.013282 -0.861991 0.506716
1770725515.442955 -34.791527 -130.759125 95.680283 0.015387 -0.012387 -0.865414 0.500669
1770725516.542119 -34.988251 -131.106125 95.683914 0.016098 -0.021634 -0.863913 0.502918
1770725517.639247 -35.113571 -131.367004 95.683891 0.012815 -0.024662 -0.850804 0.524748
1770725518.641610 -35.316029 -131.880432 95.698212 0.019877 -0.023645 -0.831622 0.554483
1770725519.738422 -35.557758 -132.610550 95.725662 0.016545 -0.016563 -0.831459 0.555092
1770725520.738946 -35.724670 -133.084351 95.729218 0.028042 -0.004967 -0.830078 0.556920
1770725521.837210 -35.717537 -133.454437 95.710121 0.026663 0.007896 -0.754640 0.655550
1770725522.935502 -35.611794 -133.897461 95.714821 0.015937 0.010952 -0.636275 0.771220
1770725523.935644 -35.361992 -134.171753 95.706726 0.010544 0.020941 -0.495068 0.868538
1770725525.036692 -35.072781 -134.411957 95.705017 0.023170 0.020551 -0.317350 0.947803
1770725526.134909 -34.579453 -134.512878 95.669556 0.013716 0.031108 -0.138259 0.989812
1770725527.232591 -34.221874 -134.469635 95.677147 0.014595 0.020889 -0.002968 0.999671
1770725528.245455 -33.819931 -134.318939 95.656799 0.002892 0.032791 0.141010 0.989461
1770725529.338000 -33.447388 -134.069016 95.657005 0.021386 0.029407 0.323799 0.945427
1770725530.434649 -33.310925 -133.853729 95.648720 0.032112 0.026181 0.470051 0.881666
1770725531.530923 -33.203678 -133.658127 95.657883 0.022514 0.017121 0.439209 0.897940
1770725532.534032 -32.942390 -133.335068 95.681061 0.033941 0.006181 0.442476 0.896116
1770725533.632658 -32.762974 -132.951843 95.671242 0.015347 0.015296 0.501550 0.864857
1770725534.632771 -32.557663 -132.492218 95.686943 0.013693 0.020861 0.522458 0.852300
1770725535.731293 -32.115925 -131.631073 95.716637 0.033099 0.017410 0.521494 0.852435
1770725536.830953 -31.801176 -130.950226 95.738129 0.019336 0.019935 0.518771 0.854462
1770725537.832989 -31.711195 -130.603683 95.740005 0.009990 0.018021 0.572767 0.819459
1770725538.929512 -31.436884 -130.012512 95.761032 0.038234 0.018975 0.557650 0.828978
1770725539.931072 -31.206398 -129.426514 95.771164 0.012911 0.009174 0.530095 0.847791
1770725540.932355 -30.917828 -128.753342 95.787453 0.019387 0.020407 0.544816 0.838083
1770725542.027027 -30.556881 -127.895065 95.805603 0.022827 0.020014 0.537085 0.842982
1770725543.029455 -30.090065 -126.834953 95.812256 0.010798 0.032515 0.515543 0.856179
1770725544.125799 -30.048149 -126.674072 95.815834 0.015151 0.017898 0.542077 0.840002
1770725545.126955 -29.725006 -125.445023 95.794838 0.025731 0.035821 0.624587 0.779709
1770725546.225008 -29.556759 -124.790260 95.780815 0.021442 0.033285 0.551028 0.833547
1770725547.232037 -29.270641 -124.214600 95.779778 0.030312 0.031718 0.520019 0.853027
1770725548.323591 -28.908361 -123.502258 95.799385 0.029545 0.018446 0.491269 0.870311
1770725549.324259 -28.460539 -122.735611 95.801414 0.026087 0.021972 0.489757 0.871192
1770725550.422231 -28.077023 -121.895905 95.802490 0.023080 0.019830 0.528968 0.848096
1770725551.422865 -27.772167 -121.056061 95.858215 0.020665 0.019938 0.558852 0.828770
1770725552.521915 -27.415125 -120.047905 95.870766 0.011016 0.031978 0.554642 0.831401
1770725553.619697 -27.034107 -119.065872 95.862335 0.016957 0.030481 0.538364 0.841990
1770725554.720543 -26.581106 -118.082626 95.863411 0.015669 0.027714 0.516409 0.855750
1770725555.818700 -26.083456 -117.069824 95.870537 0.017897 0.032262 0.509696 0.859563
1770725556.819993 -25.680824 -116.169174 95.843758 0.018473 0.031157 0.534921 0.844125
1770725557.918684 -25.276142 -115.174232 95.852974 0.028699 0.026323 0.546942 0.836264
1770725559.017413 -24.794197 -114.054916 95.823296 0.014111 0.047100 0.524135 0.850214
1770725560.113770 -24.346884 -113.004944 95.818069 0.026584 0.033597 0.533398 0.844779
1770725561.122886 -23.962654 -112.023544 95.787819 0.021205 0.033617 0.543445 0.838503
1770725562.229291 -23.525345 -110.936798 95.790787 0.015210 0.028531 0.543696 0.838659
1770725563.314626 -23.081038 -109.798622 95.791367 0.015427 0.027835 0.543791 0.838617
1770725564.417788 -22.618166 -108.579933 95.769394 0.013280 0.031219 0.547875 0.835872
1770725565.514300 -22.063868 -107.261032 95.758148 0.010597 0.019273 0.521198 0.853152
1770725566.613512 -21.463839 -105.992302 95.738007 0.009645 0.033096 0.536501 0.843195
1770725567.712455 -20.924711 -104.735611 95.729141 0.019296 0.022620 0.532304 0.846031
1770725568.813290 -20.334934 -103.373085 95.696266 0.012141 0.034803 0.535608 0.843662
1770725569.816624 -19.837582 -102.195061 95.696983 0.016538 0.032674 0.530556 0.846859
1770725570.821759 -19.447025 -101.128052 95.676117 0.012662 0.027136 0.558491 0.828970
1770725571.916250 -18.965467 -99.901810 95.687454 0.019959 0.023367 0.546844 0.836671
1770725573.009277 -18.458080 -98.585403 95.676277 0.019322 0.022527 0.550009 0.834631
1770725574.106867 -17.925184 -97.239182 95.661911 0.016917 0.021671 0.544827 0.838098
1770725575.209028 -17.318819 -95.860947 95.676369 0.018082 0.015332 0.521566 0.852881
1770725576.306413 -16.717669 -94.542969 95.673019 0.013331 0.012092 0.532395 0.846305
1770725577.405584 -16.266644 -93.306885 95.693787 0.014899 0.005242 0.567194 0.823432
1770725578.502614 -15.779983 -91.996315 95.687592 0.009949 0.021762 0.550185 0.834700
1770725579.506601 -15.252480 -90.730827 95.691933 0.028320 0.018420 0.537796 0.842398
1770725580.605277 -14.576307 -89.338875 95.691879 0.024337 0.036298 0.520671 0.852638
1770725581.813466 -13.794854 -87.868164 95.758995 0.030650 0.007406 0.494812 0.868428
1770725582.903799 -13.202045 -86.631439 95.803162 0.028345 0.011698 0.511641 0.858652
1770725584.003704 -12.656080 -85.449768 95.845322 0.029408 0.002398 0.525238 0.850444
1770725585.102296 -12.046052 -84.188553 95.888405 0.031690 0.022704 0.515675 0.855897
1770725586.199842 -11.403046 -82.917770 95.929802 0.036495 0.011199 0.493049 0.869164
1770725587.202060 -10.848265 -81.828506 95.965530 0.031994 0.023915 0.508250 0.860282
1770725588.302606 -10.243862 -80.715271 95.984856 0.031768 0.019130 0.477164 0.878031
1770725589.409756 -10.188537 -80.559753 95.997192 0.030273 0.013386 0.504757 0.862626
1770725590.498693 -10.047852 -80.211357 96.002747 0.026586 0.013187 0.537838 0.842526
1770725591.599221 -9.913584 -79.896927 96.016296 0.024952 0.023178 0.535295 0.843979
1770725592.698148 -9.779729 -79.561638 96.022934 0.025857 0.020156 0.530308 0.847171
1770725593.796623 -9.652381 -79.309921 96.014084 0.029266 0.024887 0.524193 0.850733
1770725594.797601 -9.423872 -78.807091 96.024460 0.030068 0.014412 0.508791 0.860244
1770725595.895564 -8.898088 -77.840248 96.061066 0.032606 0.004923 0.485620 0.873548
1770725596.996683 -8.487326 -77.026848 96.071617 0.031788 0.009297 0.496668 0.867308
1770725598.094541 -7.997067 -76.055489 96.098076 0.022201 0.025272 0.508550 0.860375
1770725599.194448 -7.490636 -74.980659 96.136436 0.034555 0.009610 0.512852 0.857728
1770725600.292912 -6.891076 -73.726433 96.162605 0.025560 0.011370 0.504811 0.862776
1770725601.393628 -6.235213 -72.480141 96.203316 0.021499 0.014911 0.501157 0.864961
1770725602.492273 -5.547556 -71.214500 96.243042 0.024530 0.007631 0.485500 0.873859
1770725603.601889 -4.923564 -69.997765 96.276138 0.019210 0.007006 0.507229 0.861569
1770725604.690329 -4.383159 -68.875870 96.320168 0.022410 0.000524 0.513964 0.857519
1770725605.787297 -3.823731 -67.755440 96.397110 0.034284 0.002379 0.520738 0.853025
1770725606.790695 -3.335566 -66.652863 96.446144 0.032387 -0.002529 0.511916 0.858421
1770725607.793116 -2.820357 -65.602928 96.506355 0.032380 -0.033166 0.498585 0.865601
1770725608.888644 -2.184739 -64.348740 96.519447 0.024625 0.011597 0.518338 0.854743
1770725609.988765 -1.688409 -63.180889 96.566338 0.034383 0.011602 0.543521 0.838611
1770725610.989290 -1.282279 -62.321033 96.598709 0.036641 0.007032 0.500365 0.865010
1770725612.087527 -0.692826 -61.277966 96.682594 0.035184 -0.003130 0.488404 0.871902
1770725613.184978 -0.147778 -60.237030 96.732147 0.034879 0.025506 0.514669 0.856299
1770725614.185636 0.329159 -59.245953 96.794334 0.039147 0.001747 0.498798 0.865832
1770725615.284754 0.966831 -58.060371 96.856735 0.026953 -0.000957 0.496471 0.867634
1770725616.383123 1.665517 -56.840103 96.919884 0.023026 0.004621 0.475741 0.879272
1770725617.383896 2.236745 -55.838741 96.966141 0.012322 -0.009198 0.489522 0.871856
1770725618.386876 2.626132 -54.908077 96.991859 0.018684 0.008934 0.562179 0.826756
1770725619.483597 2.997101 -53.893181 97.018959 0.022527 -0.000806 0.537712 0.842827
1770725620.589896 3.493757 -52.818607 97.066383 0.029134 -0.000196 0.521162 0.852961
1770725621.680601 4.031147 -51.801277 97.105087 0.036503 0.005122 0.499782 0.865367
1770725622.681186 4.467492 -50.987194 97.150261 0.035776 0.005194 0.494928 0.868182
1770725623.784942 4.971296 -49.933052 97.206078 0.027045 0.012389 0.517369 0.855245
1770725624.879276 5.461983 -48.726868 97.256218 0.033730 0.005150 0.534685 0.844362
1770725625.900098 5.666788 -48.452507 97.263153 0.039176 0.006288 0.520101 0.853182
1770725626.978930 5.887830 -48.038857 97.302010 0.040818 0.001546 0.493466 0.868805
1770725628.076514 6.317371 -47.271706 97.323959 0.029045 0.008023 0.475445 0.879229
1770725629.176954 6.727029 -46.596912 97.352577 0.035709 0.005022 0.489234 0.871407
1770725630.275008 7.116449 -45.812130 97.475204 0.075222 -0.031838 0.514552 0.853560
1770725631.374498 7.531590 -44.924969 97.733978 0.108763 -0.081744 0.516278 0.845545
1770725632.476637 7.942795 -44.018276 97.957977 0.094320 -0.082948 0.525000 0.841783
1770725633.574055 8.400460 -42.926929 98.180344 0.068832 -0.053412 0.541397 0.836240
1770725634.574719 8.757722 -42.061806 98.422539 0.092071 -0.059324 0.552126 0.826535
1770725635.674328 9.149591 -41.093395 98.666328 0.098490 -0.068853 0.535672 0.835832
1770725636.779263 9.595025 -40.079250 98.951233 0.101224 -0.070054 0.542144 0.831219
1770725637.871548 9.997808 -39.044579 99.250793 0.123609 -0.083104 0.551212 0.820963
1770725638.970876 10.348030 -38.019672 99.650169 0.141945 -0.108942 0.568503 0.802986
1770725640.081582 10.628701 -36.931843 100.097214 0.152314 -0.115387 0.595650 0.780184
1770725641.169369 10.937838 -35.824535 100.557190 0.149657 -0.120934 0.593414 0.781561
1770725642.170172 11.071169 -34.782825 101.073151 0.159252 -0.150007 0.641192 0.735533
1770725643.268595 11.075119 -33.711681 101.616844 0.160584 -0.162412 0.691186 0.685636
1770725644.269994 11.125525 -32.793922 102.073196 0.176790 -0.155227 0.661759 0.711846
1770725645.367668 11.167335 -31.856438 102.617661 0.186524 -0.153080 0.679408 0.692950
1770725646.369217 11.088842 -30.985548 103.123695 0.185215 -0.155366 0.701606 0.670303
1770725647.465744 11.031241 -30.100567 103.663567 0.190823 -0.163413 0.697221 0.671391
1770725648.470359 10.872730 -29.419472 104.081001 0.176206 -0.174214 0.740883 0.624254
1770725649.570177 10.609219 -28.524296 104.602547 0.173011 -0.166593 0.753599 0.611884
1770725650.659327 10.297738 -27.608919 105.141441 0.171259 -0.153396 0.781331 0.580226
1770725651.663318 9.946714 -26.981945 105.530846 0.161721 -0.160869 0.821961 0.521869
1770725652.663753 9.534853 -26.292736 105.916145 0.156410 -0.145077 0.833283 0.510027
1770725653.763135 9.057313 -25.530369 106.320061 0.139895 -0.122718 0.843023 0.504661
1770725654.865767 8.591953 -24.811499 106.674240 0.140971 -0.114013 0.849642 0.495214
1770725655.962531 8.050263 -24.040106 107.022919 0.119698 -0.102422 0.861806 0.482154
1770725657.066992 7.405628 -23.274702 107.333382 0.095661 -0.091187 0.892934 0.430352
1770725658.166336 6.986272 -22.719450 107.525795 0.093223 -0.074407 0.855760 0.503436
1770725659.258983 6.591346 -22.155441 107.692223 0.077246 -0.066264 0.872563 0.477782
1770725660.258998 6.159548 -21.541122 107.844383 0.065865 -0.054377 0.870222 0.485200
1770725661.259655 5.732708 -20.962069 107.948036 0.043885 -0.040305 0.880085 0.471062
1770725662.269235 5.284793 -20.360422 108.047325 0.031408 -0.035169 0.877165 0.477869
1770725663.356670 4.798279 -19.699602 108.112068 0.011390 -0.023864 0.874174 0.484892
1770725664.456194 4.327997 -19.050797 108.137558 -0.005649 -0.012653 0.876890 0.480491
1770725665.457298 3.894116 -18.344414 108.120262 -0.028722 0.000373 0.855848 0.516429
1770725666.556259 3.639283 -18.053267 108.095467 -0.041552 0.003128 0.889533 0.454966
1770725667.566055 3.283076 -17.555702 108.038712 -0.056258 0.015553 0.873542 0.483237
1770725668.649206 2.886016 -16.901297 107.943611 -0.067111 0.034187 0.858150 0.507845
1770725669.653338 2.559721 -16.222960 107.801155 -0.080691 0.064277 0.823767 0.557464
1770725670.751063 2.257001 -15.501653 107.656807 -0.083750 0.059598 0.810912 0.576070
1770725671.752805 2.010838 -14.810448 107.496483 -0.100420 0.067842 0.789966 0.601055
1770725672.753543 1.813181 -14.029058 107.293327 -0.114615 0.071140 0.760107 0.635641
1770725673.766014 1.665183 -13.310607 107.082863 -0.115784 0.093124 0.771121 0.619108
1770725674.850729 1.476592 -12.666312 106.884262 -0.115363 0.094936 0.765273 0.626128
1770725675.950592 1.412133 -11.946877 106.663040 -0.124432 0.097877 0.718377 0.677401
1770725677.049272 1.382198 -10.966589 106.346382 -0.133938 0.102796 0.689156 0.704668
1770725678.148010 1.489718 -10.063084 106.058609 -0.128281 0.099034 0.637355 0.753336
1770725679.149233 1.654283 -9.350806 105.835953 -0.134579 0.096946 0.585936 0.793201
1770725680.248663 1.948803 -8.578790 105.573357 -0.145532 0.103233 0.545811 0.818690
1770725681.348109 2.237304 -7.851039 105.320282 -0.143395 0.111596 0.537516 0.823445
1770725682.446635 2.531352 -7.125865 105.085220 -0.135249 0.098031 0.528949 0.832052
1770725683.550693 2.902206 -6.393666 104.849846 -0.138268 0.090062 0.488228 0.856974
1770725684.644557 3.390749 -5.693497 104.631599 -0.130660 0.091115 0.435417 0.886024
1770725685.646693 3.930571 -5.053841 104.446541 -0.112400 0.078959 0.400055 0.906139
1770725686.649951 4.365091 -4.584169 104.311676 -0.105669 0.079000 0.372202 0.918727
1770725687.742892 4.795978 -4.163051 104.194611 -0.094888 0.073349 0.351523 0.928465
1770725688.743083 5.165045 -3.812787 104.117508 -0.086393 0.062512 0.333251 0.936788
1770725689.941407 5.767649 -3.308777 104.021729 -0.066108 0.056144 0.318014 0.944110
1770725691.041278 6.320999 -2.828975 103.940765 -0.058346 0.044265 0.309699 0.948010
1770725692.140378 6.889500 -2.349234 103.873146 -0.045991 0.043020 0.309947 0.948666
1770725693.237497 7.528749 -1.793353 103.808128 -0.044007 0.034452 0.303785 0.951100
1770725694.237563 7.891940 -1.402726 103.800919 -0.027896 0.018180 0.355867 0.933943
1770725695.335669 8.222524 -0.953604 103.820702 -0.001452 -0.002596 0.424921 0.905226
1770725696.435374 8.586341 -0.434423 103.812256 0.020857 0.045037 0.480864 0.875389
1770725697.534498 8.647712 -0.063848 103.871658 0.059150 -0.012302 0.595072 0.801399
1770725698.536257 8.583056 0.388250 103.917099 0.046520 0.015751 0.745399 0.664807
1770725699.632707 8.386128 0.759669 103.947098 0.040819 0.008326 0.814082 0.579254
1770725700.634718 8.025276 1.237969 103.948639 0.005248 0.016858 0.868714 0.494999
1770725701.732502 7.682062 1.474661 103.968277 0.010798 0.020170 0.949898 0.311723
1770725702.832011 7.193951 1.587471 103.964584 0.002457 0.025328 0.994235 0.104161
1770725703.930530 6.633283 1.462763 103.960617 -0.004099 0.005888 0.999845 -0.016100
1770725704.931066 5.912174 1.296921 103.954247 -0.012648 -0.008241 0.997912 -0.062798
1770725706.029849 5.256741 1.093276 103.955269 0.002740 -0.008691 0.994565 -0.103722
1770725707.031330 4.530885 0.852673 103.942299 -0.013228 -0.010249 0.991157 -0.131634
1770725708.129071 4.014365 0.456183 103.892685 -0.045002 -0.025983 0.951129 -0.304389
1770725709.230629 3.912483 0.258255 103.909500 -0.032195 -0.001948 0.895455 -0.443982
1770725710.328426 3.765115 -0.192080 103.848450 0.064263 0.018380 -0.830674 0.552733
1770725711.335377 3.780821 -0.509454 103.817017 0.074570 0.018033 -0.720677 0.689013
1770725712.426862 3.922719 -0.857118 103.789551 0.072446 0.011010 -0.610456 0.788653
1770725713.427667 4.131016 -1.435079 103.713509 0.081609 0.031283 -0.612779 0.785407
1770725714.428320 4.350790 -2.061784 103.653404 0.065044 0.017273 -0.616184 0.784722
1770725715.527040 4.662136 -2.917744 103.543098 0.083447 0.044719 -0.602997 0.792105
1770725716.626616 4.902384 -3.589319 103.487015 0.058849 0.027324 -0.620393 0.781603
1770725717.725598 5.095298 -4.231304 103.429230 0.053289 0.019443 -0.631002 0.773704
1770725718.826138 5.313076 -5.085048 103.335342 0.074598 0.018645 -0.632471 0.770758
1770725719.923852 5.498129 -5.769011 103.265129 0.076316 0.011790 -0.647070 0.758510
1770725720.923933 5.654397 -6.253030 103.208595 0.082896 0.014296 -0.614593 0.784346
1770725722.022845 5.881436 -6.994272 103.097076 0.099798 0.021180 -0.608938 0.786630
1770725723.022964 6.131614 -7.774950 102.963326 0.117759 0.028503 -0.604410 0.787407
1770725724.121809 6.431038 -8.587321 102.815598 0.114179 0.037239 -0.599022 0.791675
1770725725.238775 6.680703 -9.098607 102.708038 0.130592 0.042418 -0.541251 0.829574
1770725726.322028 6.998764 -9.833585 102.508507 0.172919 0.049382 -0.550374 0.815322
1770725727.418864 7.338000 -10.551916 102.305885 0.174844 0.052457 -0.570774 0.800559
1770725728.519973 7.644018 -11.251654 102.102661 0.179843 0.051255 -0.573969 0.797238
1770725729.520584 7.896783 -11.785429 101.913513 0.201128 0.066190 -0.540201 0.814462
1770725730.618236 8.142550 -12.269624 101.718933 0.216689 0.073832 -0.548040 0.804517
1770725731.717046 8.468580 -12.926876 101.445366 0.217453 0.077618 -0.550619 0.802190
1770725732.816820 8.806430 -13.598345 101.148827 0.220812 0.087213 -0.569419 0.787019
1770725733.919101 9.107301 -14.335075 100.792213 0.223413 0.103873 -0.591448 0.767780
1770725734.922756 9.328259 -14.916777 100.487381 0.235066 0.115465 -0.602024 0.754307
1770725736.033362 9.547423 -15.592910 100.101868 0.248001 0.123552 -0.602753 0.748277
1770725737.113708 9.742419 -16.245447 99.729050 0.251500 0.114229 -0.610973 0.741898
1770725738.114303 9.911666 -16.797316 99.399620 0.262720 0.119746 -0.615086 0.733695
1770725739.212618 10.025913 -17.368017 99.029747 0.271783 0.132676 -0.642234 0.704320
1770725740.214847 10.089503 -18.108509 98.521057 0.272240 0.147641 -0.679489 0.665119
1770725741.311436 10.084737 -18.820089 98.024132 0.294953 0.139772 -0.680131 0.656421
1770725742.314832 10.071173 -19.157740 97.800468 0.294388 0.131851 -0.700959 0.636088
1770725743.410383 9.962176 -19.869789 97.295677 0.289587 0.136199 -0.741789 0.589355
1770725744.509756 9.826038 -20.515718 96.846832 0.285680 0.129368 -0.754203 0.576913
1770725745.609552 9.649135 -21.123169 96.443962 0.268595 0.117034 -0.776119 0.558390
1770725746.715055 9.380021 -21.714293 96.041084 0.274498 0.107741 -0.802165 0.519205
1770725747.807453 8.977885 -22.353264 95.601013 -0.267251 -0.096458 0.838851 -0.464329
1770725748.906831 8.426626 -23.079863 95.173958 -0.230473 -0.079476 0.865322 -0.437932
1770725750.006821 8.137300 -23.537348 94.958115 -0.223067 -0.059850 0.861559 -0.452079
1770725751.018871 7.781575 -23.902140 94.784424 -0.196171 -0.044432 0.896881 -0.393888
1770725752.104890 7.144221 -24.493637 94.530594 -0.175477 -0.028372 0.916375 -0.358692
1770725753.204100 6.451661 -25.116764 94.304169 -0.154410 -0.015010 0.925928 -0.344369
1770725754.204822 5.802040 -25.530821 94.170654 -0.121177 -0.008463 0.958874 -0.256525
1770725755.303785 5.222682 -25.917091 94.112724 -0.083857 0.013076 0.953551 -0.289028
1770725756.399479 4.486650 -26.389175 94.085426 -0.046255 0.031376 0.963764 -0.260836
1770725757.400297 3.592007 -26.903223 94.122292 -0.014099 0.048466 0.970402 -0.236163
1770725758.402039 2.791092 -27.339655 94.235176 0.035109 0.070023 0.969009 -0.234275
1770725760.199901 1.071682 -28.216352 94.518738 0.049636 0.085418 0.968564 -0.228307
1770725761.213054 0.008301 -28.777578 94.756195 0.071115 0.088139 0.967848 -0.224598
1770725762.299521 -0.961400 -29.309502 95.001358 0.078449 0.090329 0.963353 -0.240078
1770725763.398825 -2.067570 -29.939657 95.324959 0.095036 0.100233 0.955812 -0.259509
1770725764.499284 -3.136107 -30.651144 95.722961 0.123184 0.105764 0.945253 -0.283084
1770725765.598408 -4.104036 -31.371193 96.105347 0.134038 0.114528 0.930412 -0.321326
1770725766.695838 -4.928917 -32.146961 96.490707 0.138483 0.116468 0.905607 -0.383579
1770725767.795295 -5.723794 -32.949451 96.872688 0.147180 0.119491 0.906647 -0.376897
1770725768.795829 -6.457861 -33.752068 97.257278 0.138063 0.127527 0.898300 -0.397156
1770725769.888718 -7.301839 -34.698486 97.683578 0.132602 0.112582 0.902582 -0.393811
1770725770.893338 -7.936723 -35.510700 98.025932 0.134727 0.118493 0.883912 -0.431865
1770725771.992786 -8.564132 -36.591782 98.395302 0.102820 0.090883 0.862426 -0.487227
1770725773.099967 -9.086441 -37.591560 98.713356 0.117770 0.083616 0.855691 -0.496922
1770725774.193937 -9.571050 -38.557716 99.035927 0.116383 0.083816 0.854157 -0.499846
1770725775.290343 -9.983115 -39.604019 99.296638 -0.091721 -0.073130 -0.828116 0.548145
1770725776.388838 -10.427840 -40.693211 99.570488 -0.103043 -0.075913 -0.841806 0.524387
1770725777.389452 -10.789523 -41.760376 99.764931 -0.067056 -0.043602 -0.822121 0.563666
1770725778.494634 -11.084219 -42.808361 99.877785 -0.019223 -0.012487 -0.805077 0.592727
1770725779.587219 -11.321974 -43.814442 99.967087 -0.029740 -0.018463 -0.778404 0.626787
1770725780.687451 -11.498623 -44.873150 100.035492 -0.027302 -0.014302 -0.782332 0.622099
1770725781.786500 -11.733881 -45.959839 100.107155 -0.031038 -0.010295 -0.797900 0.601902
1770725782.786612 -12.000435 -46.950020 100.190506 -0.037766 -0.021051 -0.800189 0.598187
1770725783.888653 -12.212429 -48.081837 100.186501 0.003817 0.020517 -0.790992 0.611471
1770725784.986430 -12.425419 -49.233856 100.177444 -0.003018 0.010656 -0.776384 0.630162
1770725786.083090 -12.674493 -50.468018 100.152252 0.015219 0.018727 -0.789543 0.613221
1770725787.083201 -12.905112 -51.528793 100.127747 0.017433 0.016510 -0.787452 0.615909
1770725788.184213 -13.148881 -52.714092 100.124115 0.005756 0.007709 -0.786918 0.616983
1770725789.288026 -13.397431 -54.054310 100.093468 0.015564 0.017444 -0.783582 0.620849
1770725790.381044 -13.583089 -55.264980 100.109146 -0.002007 0.009889 -0.775373 0.631423
1770725791.480540 -13.835846 -56.565430 100.091049 0.003589 0.023625 -0.790201 0.612382
1770725792.480627 -14.025902 -57.837357 100.095840 0.005989 0.023839 -0.758165 0.651599
1770725793.484685 -14.215537 -59.159290 100.078239 0.005695 0.015168 -0.776924 0.629386
1770725794.578901 -14.537552 -60.563896 100.038109 0.008296 -0.003069 -0.798762 0.601583
1770725795.588659 -14.625374 -61.022511 100.020744 0.007707 0.011686 -0.776434 0.630043
1770725796.591732 -14.596208 -61.258308 100.012688 0.005732 0.008788 -0.717047 0.696946
1770725797.676981 -14.656644 -62.112991 100.015266 0.024589 0.003901 -0.745309 0.666254
1770725798.677795 -14.798254 -63.061577 99.992409 0.033456 -0.002974 -0.769211 0.638111
1770725799.775377 -15.032288 -64.175552 99.987297 0.023796 -0.017259 -0.787030 0.616214
1770725800.873791 -15.143170 -65.146347 99.995293 0.005372 -0.004999 -0.766931 0.641687
1770725801.876514 -15.261083 -66.218353 99.956749 0.027775 0.016233 -0.758106 0.651338
1770725802.973809 -15.445400 -67.530006 99.943443 0.036406 0.007519 -0.767516 0.639951
1770725804.070854 -15.678729 -68.785332 99.909836 0.023767 -0.014763 -0.786712 0.616686
1770725805.074891 -15.919111 -69.962593 99.889763 0.007501 0.001169 -0.809719 0.586768
1770725806.173549 -16.091099 -71.010582 99.893417 0.005658 0.000910 -0.749035 0.662506
1770725807.270740 -16.184378 -71.968552 99.900368 0.010996 -0.010974 -0.760531 0.649116
1770725808.271529 -16.444565 -72.985352 99.836220 0.040341 0.018912 -0.808873 0.586293
1770725809.271729 -16.740841 -74.053131 99.740768 0.031946 0.016146 -0.814490 0.579072
1770725810.368335 -17.080803 -75.218437 99.663048 0.028864 0.034688 -0.809494 0.585392
1770725811.369203 -17.219488 -75.922188 99.637100 0.021172 0.035116 -0.789364 0.612555
1770725812.369823 -17.500299 -77.026146 99.569145 0.023949 0.026781 -0.799723 0.599294
1770725813.371059 -17.714811 -78.063217 99.527481 0.014672 0.017492 -0.790154 0.612483
1770725814.467699 -18.016048 -79.279877 99.438675 0.025519 0.027432 -0.797857 0.601681
1770725815.566367 -18.320484 -80.471451 99.398010 0.026312 0.023284 -0.798291 0.601246
1770725816.665478 -18.506439 -81.638245 99.331673 0.026384 0.018919 -0.748782 0.662020
1770725817.765253 -18.736204 -82.876152 99.261543 0.044117 -0.005980 -0.786225 0.616334
1770725818.864037 -19.045712 -84.095421 99.204430 0.042794 0.003321 -0.810426 0.584266
1770725819.963415 -19.349653 -85.175636 99.132072 0.039842 0.020630 -0.818598 0.572612
1770725821.062608 -19.676107 -86.304405 99.073532 0.027890 0.028078 -0.819239 0.572086
1770725822.168790 -19.779995 -86.748024 99.052025 0.024200 0.028907 -0.788455 0.613936
1770725823.262634 -19.914146 -87.483284 99.016823 0.021159 0.029093 -0.778809 0.626228
1770725824.264231 -20.026356 -88.294144 98.959755 0.010384 0.023572 -0.775720 0.630551
1770725825.360124 -20.262142 -89.364754 98.898239 0.045627 0.027570 -0.790027 0.610750
1770725826.459730 -20.520363 -90.413765 98.819466 0.031458 0.013643 -0.799471 0.599725
1770725827.460033 -20.750055 -91.362518 98.752136 0.027164 0.022476 -0.807453 0.588877
1770725828.558422 -20.834436 -91.725250 98.724960 0.021815 0.015442 -0.766426 0.641777
1770725829.559203 -20.944284 -92.479263 98.666077 0.042415 0.028720 -0.771263 0.634453
1770725830.656532 -21.196678 -93.497910 98.623474 0.056214 0.002317 -0.810299 0.583309
1770725831.756437 -21.400206 -94.362259 98.561684 0.044586 0.003999 -0.795284 0.604582
1770725832.856947 -21.636629 -95.266296 98.475868 0.051366 0.012027 -0.804516 0.591583
1770725833.953884 -21.824549 -96.131889 98.427971 0.031745 0.013582 -0.793093 0.608121
1770725834.955116 -22.017311 -96.958389 98.371216 0.031657 0.012873 -0.792339 0.609123
1770725836.053334 -22.211533 -97.879051 98.313980 0.034753 0.018743 -0.792796 0.608207
1770725837.054774 -22.405373 -98.780373 98.247025 0.033214 0.012472 -0.801991 0.596281
1770725838.152247 -22.638521 -99.848183 98.178146 0.040052 0.016966 -0.796573 0.602976
1770725839.152335 -22.867907 -100.723083 98.144669 0.030948 0.008775 -0.807073 0.589575
1770725840.154970 -23.076471 -101.615356 98.094467 0.034633 0.012828 -0.783290 0.620559
1770725841.250398 -23.262943 -102.607033 98.037315 0.042057 0.016475 -0.792973 0.607580
1770725842.349388 -23.519957 -103.601906 97.996284 0.035764 0.000910 -0.801787 0.596538
1770725843.350482 -23.792387 -104.657104 97.923553 0.048427 0.017645 -0.807494 0.587620
1770725844.449103 -24.107513 -105.787750 97.835449 0.034788 0.012999 -0.810960 0.583921
1770725845.548528 -24.194902 -106.451302 97.810814 0.032315 0.008783 -0.756336 0.653326
1770725846.555765 -24.331995 -107.292458 97.754524 0.049620 0.013330 -0.773756 0.631397
1770725847.647874 -24.561161 -108.322289 97.686066 0.050919 0.005436 -0.786731 0.615168
1770725848.742535 -24.749430 -109.141975 97.643394 0.040695 0.006603 -0.805267 0.591478
1770725849.745907 -24.966307 -109.907089 97.591988 0.035078 0.017684 -0.816372 0.576189
1770725850.840857 -25.240711 -110.841156 97.525742 0.049709 0.024391 -0.804048 0.591980
1770725851.846682 -25.402256 -111.565582 97.476585 0.035830 0.007404 -0.789927 0.612108
1770725852.846867 -25.590380 -112.334564 97.425888 0.044957 0.006591 -0.796350 0.603127
1770725853.952742 -25.840456 -113.344925 97.359840 0.047640 0.013404 -0.807385 0.587946
1770725855.043030 -26.150417 -114.361038 97.294807 0.041264 0.004188 -0.810956 0.583635
1770725856.142640 -26.352476 -115.253563 97.236885 0.051109 0.011200 -0.782997 0.619821
1770725857.242778 -26.540970 -116.211052 97.163353 0.060235 0.004758 -0.780433 0.622313
1770725858.343046 -26.742891 -117.123322 97.083061 0.060378 0.002938 -0.786320 0.614855
1770725859.440711 -26.986786 -118.122879 97.020126 0.047952 -0.007597 -0.804780 0.591584
1770725860.540106 -27.209682 -119.024841 96.978752 0.037020 0.004490 -0.816506 0.576131
1770725861.639182 -27.563850 -120.112778 96.905594 0.052477 -0.000566 -0.814674 0.577539
1770725862.738198 -27.860853 -121.201958 96.844131 0.053917 0.003248 -0.799145 0.598706
1770725863.837442 -28.138926 -122.224724 96.782494 0.055204 0.010006 -0.819065 0.570951
1770725864.942343 -28.328581 -123.124260 96.732483 0.036884 0.014912 -0.799473 0.599383
1770725866.038480 -28.504831 -123.960014 96.687653 0.037014 0.019600 -0.780889 0.623264
1770725867.136631 -28.716730 -124.980339 96.605171 0.045933 0.014772 -0.791021 0.609883
1770725868.234755 -28.971867 -125.983162 96.521904 0.035342 0.013376 -0.799184 0.599898
1770725869.235236 -29.220373 -126.996086 96.464195 0.030359 0.020388 -0.802855 0.595051
1770725870.335038 -29.450598 -127.984772 96.382217 0.038838 0.011938 -0.785506 0.617519
1770725871.433530 -29.710625 -129.003021 96.321304 0.039538 0.001094 -0.802188 0.595760
1770725872.532047 -29.971401 -130.110733 96.235603 0.029928 0.022862 -0.800365 0.598330
1770725873.639195 -30.272015 -131.283142 96.182953 0.023747 0.011412 -0.802790 0.595680
1770725874.731796 -30.552505 -132.413925 96.117798 0.028705 0.005027 -0.791603 0.610340
1770725875.732762 -30.739433 -133.408112 96.068398 0.044366 0.015154 -0.775201 0.629973
1770725876.831077 -30.892515 -134.536880 96.009117 0.031447 0.008610 -0.787852 0.615001
1770725877.928119 -31.149609 -135.675705 95.958420 0.027488 0.009402 -0.806227 0.590893
1770725878.937954 -31.335260 -136.543015 95.906837 0.024941 0.012800 -0.782452 0.622079
1770725880.024479 -31.674639 -137.614594 95.800926 0.054426 -0.012685 -0.795588 0.603256
1770725881.025280 -31.682880 -138.142792 95.786400 0.045297 -0.007853 -0.713959 0.698677
1770725882.125120 -31.468481 -138.651367 95.785500 0.021564 0.008396 -0.609430 0.792502
1770725883.224253 -31.110674 -139.137405 95.760040 0.037450 0.015184 -0.466038 0.883841
1770725884.237052 -30.584078 -139.608597 95.710403 0.068241 0.031557 -0.310090 0.947730
1770725885.330650 -30.334536 -139.670593 95.713928 0.061615 0.012061 -0.175247 0.982521
1770725886.422900 -30.014507 -139.579391 95.730560 0.051127 0.022210 -0.008499 0.998409
1770725887.425751 -29.796982 -139.456894 95.714935 0.045076 0.014807 0.159983 0.985979
1770725888.521724 -29.574730 -139.188690 95.715630 0.029287 0.009804 0.339808 0.939988
1770725889.523589 -29.270761 -138.720825 95.719681 0.026545 0.032612 0.499586 0.865243
1770725890.620113 -29.073029 -137.976852 95.786629 0.040745 0.005442 0.586255 0.809083
1770725891.620779 -28.672155 -136.604568 95.829132 0.021176 0.022137 0.565571 0.824131
1770725892.622710 -28.210062 -135.317261 95.835983 0.036024 0.021184 0.570692 0.820100
1770725893.720004 -27.801781 -133.854080 95.880165 0.019598 0.008459 0.566885 0.823520
1770725894.818986 -27.267830 -132.406982 95.936172 0.038163 0.016236 0.578332 0.814746
1770725895.917173 -26.819233 -130.926987 95.987518 0.025176 0.018253 0.577990 0.815451
1770725896.917902 -26.425205 -129.577332 96.022858 0.026827 0.016090 0.589533 0.807138
1770725898.010492 -26.047045 -128.101334 96.098457 0.016704 0.003888 0.577881 0.815941
1770725899.016629 -25.621599 -126.761292 96.132790 0.019786 0.003060 0.577502 0.816144
1770725900.116602 -25.214769 -125.276680 96.195496 0.019609 0.002810 0.585468 0.810453
1770725901.215098 -24.776661 -123.808884 96.260155 0.018704 0.005374 0.585088 0.810736
1770725902.217716 -24.392061 -122.518982 96.302406 0.020513 -0.010906 0.574306 0.818311
1770725903.314194 -23.940649 -121.032646 96.357864 0.019118 0.002542 0.572253 0.819851
1770725904.413129 -23.506742 -119.563431 96.436058 0.023695 0.001163 0.577705 0.815901
1770725905.512453 -23.018953 -118.169701 96.490211 0.034225 0.010338 0.554294 0.831553
1770725906.517561 -22.606436 -116.847900 96.538811 0.023841 0.012823 0.577842 0.815700
1770725907.611111 -22.168028 -115.382248 96.592278 0.021913 0.012990 0.580291 0.814011
1770725908.711503 -21.707340 -113.915993 96.655830 0.037022 0.013706 0.585373 0.809803
1770725909.812324 -21.286045 -112.447350 96.726433 0.038598 0.006998 0.585283 0.809880
1770725910.910956 -20.868874 -110.973763 96.798714 0.035231 0.015684 0.593206 0.804127
1770725912.009081 -20.499891 -109.479576 96.832924 0.027021 0.016424 0.596315 0.802128
1770725913.009928 -20.117159 -108.129379 96.873863 0.016672 0.034404 0.589531 0.806840
1770725914.113620 -19.705425 -106.698906 96.944496 0.018408 0.023651 0.594881 0.803255
1770725915.207440 -19.344893 -105.215286 96.964775 0.017114 0.013144 0.597753 0.801390
1770725916.306980 -18.972448 -103.704155 96.977242 0.006093 0.014892 0.593412 0.804738
1770725917.406093 -18.555977 -102.196800 96.976997 0.005786 0.028792 0.595746 0.802636
1770725918.501380 -18.152567 -100.722305 96.986839 0.004660 0.018126 0.598807 0.800675
1770725919.503826 -17.813597 -99.369553 96.984268 0.004638 0.008466 0.585987 0.810263
1770725920.604224 -17.432644 -97.881371 97.021973 -0.011972 0.003692 0.588506 0.808396
1770725921.702663 -16.989162 -96.401772 97.021843 -0.002112 0.021250 0.591123 0.806299
1770725922.709725 -16.599249 -95.011841 96.993568 0.011119 0.043872 0.602919 0.796518
1770725923.800981 -16.329741 -93.534851 96.942612 0.017646 0.013951 0.625241 0.780108
1770725924.802973 -16.045235 -92.167580 96.914093 0.014470 0.019602 0.601750 0.798313
1770725925.900482 -15.610667 -90.677063 96.893478 0.006364 0.024704 0.581557 0.813106
1770725927.004875 -15.282009 -89.132729 96.919067 -0.000921 0.029539 0.618529 0.785206
1770725928.007274 -15.006913 -87.782227 96.877571 -0.002987 0.027600 0.606725 0.794427
1770725929.098587 -14.668556 -86.283348 96.845177 -0.020570 0.027172 0.590706 0.806167
1770725930.197662 -14.197034 -84.796059 96.779167 -0.009065 0.038347 0.575184 0.817075
1770725931.296961 -13.757927 -83.297653 96.683151 -0.012108 0.038666 0.574318 0.817629
1770725932.300963 -13.336723 -81.944252 96.614014 -0.005674 0.046020 0.583781 0.810586
1770725933.395569 -12.806479 -80.477173 96.615501 0.014902 0.022714 0.557776 0.829547
1770725934.396666 -12.220355 -79.147682 96.689667 0.030503 0.005683 0.540838 0.840554
1770725935.492966 -11.627244 -77.688095 96.767303 0.028609 0.007171 0.536531 0.843365
1770725936.494894 -11.043126 -76.398109 96.832550 0.032895 0.003278 0.531539 0.846388
1770725937.595052 -10.272271 -75.005013 96.987907 0.042861 -0.017400 0.484795 0.873404
1770725938.692439 -9.453473 -73.615891 97.104988 0.044565 -0.010906 0.469924 0.881514
1770725939.694298 -8.714652 -72.357246 97.233826 0.044377 -0.014695 0.478246 0.876981
1770725940.694677 -7.982223 -71.130035 97.374237 0.053134 -0.019897 0.478431 0.876290
1770725941.791174 -7.175089 -69.730499 97.542725 0.058578 -0.022686 0.496964 0.865494
1770725942.794662 -6.475390 -68.474556 97.684418 0.055053 -0.020675 0.494908 0.866953
1770725943.801334 -5.803595 -67.188469 97.870277 0.055911 -0.033599 0.493519 0.867285
1770725944.894557 -5.035923 -65.743767 98.053009 0.039157 -0.021884 0.485289 0.873202
1770725945.993204 -4.165394 -64.393875 98.253258 0.052017 -0.036697 0.458103 0.886617
1770725947.088757 -3.249125 -63.086826 98.492661 0.069261 -0.047996 0.452851 0.887595
1770725948.187725 -2.256053 -61.774597 98.745178 0.082384 -0.035592 0.432801 0.897011
1770725949.286343 -1.268284 -60.493778 99.011429 0.088141 -0.033731 0.436240 0.894868
1770725950.286685 -0.447548 -59.228466 99.258858 0.082287 -0.027850 0.465653 0.880693
1770725951.385647 0.407451 -57.893215 99.529251 0.086535 -0.038302 0.456259 0.884801
1770725952.485784 1.291398 -56.559467 99.778206 0.089851 -0.023812 0.459734 0.883179
1770725953.584851 2.125736 -55.223339 100.007439 0.088378 -0.025748 0.460258 0.883000
1770725954.682270 2.968019 -53.840881 100.234070 0.080151 -0.022751 0.470544 0.878434
1770725955.687247 3.648952 -52.589020 100.430061 0.078789 -0.017180 0.500689 0.861863
1770725956.694698 4.231022 -51.263206 100.566269 0.062615 -0.001030 0.532229 0.844281
1770725957.782073 4.775198 -49.823475 100.692314 0.052166 0.013159 0.545164 0.836601
1770725958.782835 5.211864 -48.497589 100.747040 0.042528 0.018394 0.568324 0.821499
1770725959.881558 5.599248 -47.004662 100.712044 0.031042 0.040456 0.593622 0.803127
1770725960.980124 5.893776 -45.480652 100.619591 0.020139 0.073625 0.624607 0.777200
1770725962.084953 6.094287 -43.989964 100.482544 -0.010725 0.069890 0.624550 0.777777
1770725963.187241 6.242143 -42.501022 100.275696 -0.018810 0.092791 0.663952 0.741757
1770725964.279183 6.160438 -41.009186 99.999313 -0.029389 0.114012 0.714246 0.689920
1770725965.377585 5.917753 -39.533588 99.664833 -0.044837 0.116925 0.729992 0.671885
1770725966.379229 5.670786 -38.167229 99.310013 -0.071041 0.130380 0.733004 0.663822
1770725967.474429 5.399772 -36.687149 98.863228 -0.072171 0.146924 0.749289 0.641694
1770725968.576298 4.987092 -35.269829 98.409363 -0.083498 0.154509 0.766156 0.618190
1770725969.678303 4.597569 -33.848583 97.903358 -0.100014 0.157945 0.756417 0.626804
1770725970.773751 4.271136 -32.418896 97.363235 -0.106032 0.161441 0.745008 0.638480
1770725971.873779 4.000570 -30.984535 96.802406 -0.110452 0.173063 0.733474 0.647970
1770725972.882915 3.788782 -29.697624 96.299202 -0.111132 0.167430 0.723136 0.660826
1770725973.974865 3.608021 -28.245068 95.705498 -0.112137 0.172173 0.718720 0.664246
1770725975.081602 3.437419 -26.811600 95.129707 -0.111789 0.177912 0.713901 0.667979
1770725976.170947 3.371258 -25.365206 94.594719 -0.107676 0.163550 0.692361 0.694474
1770725977.171034 3.345768 -24.025833 94.116486 -0.093526 0.163372 0.690128 0.698774
1770725978.268918 3.324249 -22.538765 93.634384 -0.085641 0.156899 0.682366 0.708819
1770725979.269547 3.410791 -21.167908 93.251892 -0.069431 0.144655 0.652092 0.740966
1770725980.369079 3.557286 -19.642664 92.891953 -0.064155 0.130100 0.639810 0.754720
1770725981.467806 3.883837 -18.115824 92.614761 -0.038681 0.098182 0.597333 0.795021
1770725982.477748 4.309171 -16.717899 92.435333 -0.016242 0.085749 0.575867 0.812872
1770725983.574030 4.784365 -15.183715 92.343750 0.011205 0.068822 0.575235 0.815011
1770725984.666830 5.308059 -13.648841 92.370613 0.034775 0.040830 0.553481 0.831133
1770725985.765425 5.914819 -12.165814 92.520714 0.075717 0.010304 0.544022 0.835584
1770725986.865061 6.446356 -10.652493 92.771759 0.094848 -0.009384 0.555836 0.825810
1770725987.960022 6.901446 -9.208719 93.184212 0.126923 -0.050974 0.577892 0.804570
1770725989.168715 7.139538 -7.650431 93.855675 0.166439 -0.103099 0.632287 0.749588
1770725990.262532 7.201197 -6.233306 94.560013 0.193939 -0.116133 0.676296 0.701088
1770725991.362131 6.981397 -4.798066 95.300568 0.170045 -0.131998 0.717870 0.662061
1770725992.362165 6.697923 -3.526821 95.965660 0.168734 -0.135217 0.745079 0.630953
1770725993.362860 6.305581 -2.239080 96.606285 0.155292 -0.128506 0.766975 0.609196
1770725994.454696 5.797152 -0.873112 97.255547 0.146115 -0.137220 0.776613 0.597238
1770725995.458332 5.437098 -0.026225 97.649971 0.129299 -0.113554 0.813083 0.556132
1770725996.557874 5.136086 0.543946 97.893433 0.123363 -0.115130 0.813274 0.556877
1770725997.666455 5.041678 1.002869 98.049622 0.127461 -0.086518 0.764663 0.625747
1770725998.754462 5.149553 1.171433 98.092453 0.127443 -0.058287 0.703026 0.697220
1770725999.756666 5.274180 1.333988 98.123154 0.114259 -0.033960 0.630645 0.766863
1770726000.856696 5.423512 1.301584 98.104523 0.115719 -0.012645 0.549592 0.827283
1770726001.953893 5.525965 1.180658 98.088371 0.113726 -0.002752 0.476074 0.872016
1770726003.053905 5.642442 1.185639 98.081764 0.112658 0.011721 0.433847 0.893839
1770726004.054600 5.750810 1.349963 98.101242 0.103313 0.014367 0.447651 0.888104
1770726005.154126 5.832445 1.339000 98.098228 0.106912 0.018195 0.390390 0.914240
1770726007.352774 6.141425 1.490489 98.115204 0.124716 0.017812 0.314981 0.940700
1770726008.354764 6.294627 1.476495 98.096779 0.117341 0.031230 0.182401 0.975698
1770726009.451447 6.442115 1.455900 98.092339 0.129650 0.044476 0.049127 0.989343
1770726010.451655 6.625771 1.421519 98.082489 0.111471 0.037706 -0.100638 0.987940
1770726011.551036 6.865119 1.249477 98.034012 0.116310 0.054820 -0.249012 0.959927
1770726012.552444 7.193049 1.065205 97.957230 0.128728 0.078120 -0.272249 0.950372
1770726013.656009 7.440194 0.852909 97.887703 0.115126 0.086724 -0.377371 0.914777
1770726014.948290 7.964459 0.374830 97.718826 0.114710 0.101685 -0.396960 0.904945
1770726016.047878 8.700212 -0.452685 97.408684 0.128017 0.104225 -0.421243 0.891798
1770726017.048043 9.093686 -0.833935 97.262642 0.118100 0.106794 -0.419412 0.893723
1770726018.146546 9.485975 -1.256549 97.083206 0.137215 0.099247 -0.407192 0.897506
1770726019.159938 9.916110 -1.741125 96.889969 0.139928 0.107764 -0.431483 0.884663
1770726020.244607 10.517404 -2.515398 96.566467 0.146979 0.108433 -0.457974 0.870000
1770726021.346878 10.990133 -3.256433 96.260864 0.145659 0.111500 -0.501498 0.845489
1770726022.444284 11.449629 -4.026765 95.935333 0.148757 0.115352 -0.509773 0.839462
1770726023.638993 11.902807 -4.880338 95.582527 0.144205 0.114878 -0.535795 0.823973
1770726024.642368 12.277789 -5.638510 95.273613 0.143350 0.111955 -0.545475 0.818152
1770726025.644575 12.590144 -6.523964 94.936050 0.139642 0.106471 -0.587850 0.789681
1770726026.740881 12.846371 -7.529089 94.571251 0.144173 0.113089 -0.616106 0.766054
1770726027.841601 13.110219 -8.551205 94.216766 0.143428 0.093723 -0.615540 0.769256
1770726028.939894 13.299338 -9.655892 93.879784 0.136098 0.083399 -0.651619 0.741562
1770726029.940254 13.352567 -10.776299 93.561790 0.141294 0.079280 -0.693762 0.701744
1770726030.949320 13.286494 -11.822563 93.355042 0.107111 0.058114 -0.740204 0.661247
1770726032.037774 13.151886 -13.001968 93.178291 0.093274 0.042791 -0.745682 0.658352
1770726033.038141 12.956580 -14.103707 93.073380 0.073357 0.014719 -0.775692 0.626661
1770726034.137068 12.627162 -15.373553 93.004257 0.069849 0.000694 -0.803139 0.591683
1770726035.137069 12.202870 -16.510647 93.024918 0.042305 -0.036079 -0.837465 0.543655
1770726036.236576 11.609213 -17.786758 93.098679 -0.025683 0.035583 0.872100 -0.487356
1770726037.334117 11.385649 -18.182981 93.134140 -0.006928 -0.056015 -0.860771 0.505853
1770726038.334668 11.300071 -18.410381 93.180023 -0.027833 -0.069628 -0.854026 0.514799
1770726039.438125 10.958721 -19.035685 93.317627 0.037524 0.092474 0.864246 -0.493072
1770726040.534474 10.515845 -19.792795 93.535881 0.068415 0.106145 0.879586 -0.458674
1770726041.626743 9.918990 -20.695942 93.793953 0.056183 0.113403 0.885159 -0.447746
1770726042.630442 9.261027 -21.559992 94.098854 0.080994 0.129266 0.899542 -0.409334
1770726043.630915 8.575218 -22.321554 94.423729 0.098703 0.145252 0.908386 -0.379466
1770726044.631672 7.920134 -23.027491 94.736710 0.100550 0.139335 0.908285 -0.381437
1770726045.741372 7.200283 -23.894156 95.102951 0.095389 0.131445 0.897171 -0.410740
1770726046.828657 6.372859 -24.811615 95.631317 0.135772 0.155687 0.895508 -0.394200
1770726047.828783 5.545450 -25.653341 96.179878 0.151543 0.167917 0.898197 -0.376937
1770726048.832682 4.511721 -26.627951 96.966438 0.171980 0.176274 0.901163 -0.356729
1770726049.928419 3.701503 -27.373217 97.565392 0.179623 0.173620 0.886687 -0.389074
1770726051.026491 3.344216 -27.798637 97.900513 0.189686 0.166300 0.872949 -0.417521
1770726052.125602 2.569516 -28.833775 98.639816 0.193248 0.171852 0.843189 -0.471333
1770726053.126528 2.129684 -29.380434 99.012878 0.177679 0.200856 0.869229 -0.415365
1770726054.126719 1.669915 -29.872271 99.395561 0.162069 0.197653 0.872028 -0.417413
1770726055.225248 0.757280 -30.933029 100.144333 0.155174 0.188109 0.871216 -0.426050
1770726056.322829 -0.104713 -32.082314 100.793411 0.123984 0.171597 0.872848 -0.439680
1770726057.324480 -0.569407 -32.932926 101.149071 -0.120039 -0.126652 -0.831406 0.527554
1770726058.326036 -0.909755 -33.820053 101.491524 -0.118863 -0.124035 -0.812324 0.557330
1770726059.422518 -1.309256 -34.975891 101.840935 -0.074260 -0.115089 -0.805061 0.577163
1770726060.423617 -1.637070 -36.257618 102.042908 -0.034684 -0.069505 -0.809798 0.581544
1770726061.519867 -2.166802 -37.680557 102.260345 -0.027481 -0.080873 -0.825669 0.557651
1770726062.619868 -2.658508 -39.018661 102.493027 -0.035371 -0.076473 -0.824970 0.558860
1770726063.720559 -2.889190 -40.098167 102.665863 -0.038329 -0.065750 -0.789119 0.609507
1770726064.817157 -3.163611 -41.420181 102.724274 -0.031235 -0.039111 -0.805057 0.591082
1770726065.817903 -3.601425 -42.814659 102.777611 -0.001265 -0.025554 -0.818911 0.573350
1770726066.819182 -4.016615 -44.184883 102.665955 0.033265 0.017806 -0.820840 0.569910
1770726067.919269 -4.419333 -45.567520 102.611122 0.023054 0.020108 -0.815862 0.577437
1770726068.925972 -4.698367 -46.588726 102.541893 0.037448 0.013189 -0.797778 0.601644
1770726070.016043 -5.053949 -47.981758 102.480881 0.034364 0.022943 -0.808937 0.586441
1770726071.118328 -5.415689 -49.360226 102.372604 0.028096 0.020506 -0.797355 0.602507
1770726072.214755 -5.700671 -50.601925 102.297470 0.035253 0.007537 -0.785747 0.617497
1770726073.318858 -5.978380 -51.901421 102.214867 0.039879 0.013384 -0.791272 0.610015
1770726074.414670 -6.340106 -53.354462 102.142166 0.049121 0.012218 -0.803804 0.592737
1770726075.512856 -6.688134 -54.784718 102.042084 0.031647 0.018329 -0.811360 0.583402
1770726076.613288 -7.120731 -56.123211 101.945686 0.030347 0.033278 -0.816122 0.576123
1770726077.712596 -7.419536 -57.395458 101.859627 0.029676 0.027513 -0.781610 0.622453
1770726078.714759 -7.673219 -58.646172 101.772133 0.034822 0.011510 -0.779341 0.625526
1770726079.809574 -7.991074 -60.188004 101.682800 0.044459 0.006201 -0.788940 0.612828
1770726080.813399 -8.284654 -61.516457 101.654343 0.031368 0.009107 -0.802359 0.595947
1770726081.909549 -8.692458 -63.026691 101.576752 0.042396 0.016121 -0.806100 0.590038
1770726083.008457 -9.098990 -64.479713 101.512939 0.043866 -0.007622 -0.807592 0.588058
1770726084.108214 -9.413682 -65.947571 101.388741 0.066024 0.011618 -0.783340 0.617968
1770726085.109534 -9.588470 -66.926018 101.318146 0.063449 0.006140 -0.784553 0.616777
1770726086.206727 -9.850061 -68.054298 101.237152 0.057931 -0.005618 -0.794864 0.603990
1770726087.299613 -10.174083 -69.278320 101.134056 0.042146 -0.002055 -0.814035 0.579281
1770726088.304273 -10.562592 -70.493011 101.064987 0.041893 -0.000117 -0.820482 0.570136
1770726089.308659 -10.811473 -71.600220 100.998734 0.045049 0.008042 -0.772022 0.633947
1770726090.404543 -10.984570 -72.742241 100.936722 0.042725 0.004671 -0.778737 0.625876
1770726091.505151 -11.238743 -73.905182 100.861305 0.051926 -0.002275 -0.790838 0.609815
1770726092.602598 -11.562876 -75.101837 100.797852 0.054335 -0.003113 -0.809707 0.584306
1770726093.602915 -11.974486 -76.137596 100.699852 0.053916 0.006870 -0.841031 0.538249
1770726094.702088 -12.371791 -77.179474 100.610893 0.052401 0.005898 -0.833546 0.549928
1770726095.797023 -12.730395 -78.275223 100.534554 0.042085 0.014839 -0.833493 0.550726
1770726096.800106 -13.087133 -79.317810 100.439568 0.047530 0.013153 -0.828294 0.558119
1770726097.898014 -13.599100 -80.614365 100.352371 0.040308 0.023799 -0.864466 0.500507
1770726098.898218 -13.957339 -81.333023 100.277336 -0.035138 -0.032530 0.873450 -0.484553
1770726099.997854 -13.975038 -81.559883 100.265366 0.043301 0.027822 -0.810521 0.583444
1770726100.999008 -14.085925 -82.045334 100.226669 0.043714 0.029906 -0.797643 0.600800
1770726104.396590 -14.760346 -84.588638 100.025421 0.048720 0.010009 -0.811074 0.582825
1770726105.493936 -15.098594 -85.603493 99.948875 0.053041 0.002769 -0.821747 0.567372
1770726106.494213 -15.423305 -86.493515 99.878777 0.053577 -0.005923 -0.831402 0.553050
1770726107.494983 -15.844685 -87.550545 99.788780 0.055771 0.000390 -0.843084 0.534882
1770726108.590798 -16.372709 -88.780045 99.685379 0.055253 0.001149 -0.834983 0.547494
1770726109.593577 -16.672562 -89.645340 99.619530 0.059987 -0.003721 -0.825725 0.560861
1770726110.690514 -17.025143 -90.714317 99.566391 0.038763 -0.002044 -0.826663 0.561357
1770726111.789821 -17.372923 -91.818558 99.449623 0.027462 0.021720 -0.843704 0.535666
1770726112.790909 -17.777594 -92.839882 99.348045 0.044071 0.012197 -0.818664 0.572450
1770726113.804745 -18.027937 -93.715637 99.276352 0.046180 0.013043 -0.811508 0.582368
1770726114.890188 -18.358883 -94.763603 99.209793 0.036588 0.014930 -0.831346 0.554348
1770726115.989060 -18.887978 -96.074287 99.094109 0.037684 0.014847 -0.843943 0.534901
1770726117.088058 -19.317913 -97.193092 99.005272 0.032389 0.017358 -0.837218 0.545633
1770726118.089865 -19.712559 -98.171860 98.927460 0.030535 0.009536 -0.834163 0.550590
1770726119.098457 -19.995186 -99.046661 98.870911 0.046171 0.003293 -0.816994 0.574785
1770726120.190175 -20.309780 -100.057671 98.823647 0.053599 0.009412 -0.819694 0.570210
1770726121.285224 -20.620361 -100.981270 98.748253 0.041805 0.001256 -0.826461 0.561439
1770726122.286532 -20.921133 -101.738205 98.683891 0.054912 0.002846 -0.839403 0.540720
1770726123.383767 -21.175688 -102.371742 98.651024 0.040086 -0.000565 -0.846510 0.530860
1770726124.383849 -21.404303 -102.940727 98.595451 0.037832 0.013078 -0.841285 0.539108
1770726125.483617 -21.689629 -103.721832 98.539055 0.038684 0.010888 -0.833179 0.551541
1770726126.495806 -22.047901 -104.715981 98.482437 0.033191 0.012825 -0.840572 0.540530
1770726127.581361 -22.477800 -105.734200 98.399757 0.039706 0.013049 -0.839383 0.541931
1770726128.587906 -22.820332 -106.705711 98.332146 0.046874 0.010936 -0.822113 0.567286
1770726129.680597 -23.173990 -107.739754 98.273468 0.050700 0.008688 -0.823783 0.564567
1770726130.680737 -23.583181 -108.932373 98.188293 0.046078 0.002014 -0.827751 0.559197
1770726131.778429 -24.107307 -110.169647 98.068138 0.056549 -0.004191 -0.843408 0.534273
1770726132.878515 -24.421879 -111.018570 98.028099 0.047444 -0.000055 -0.832999 0.551237
1770726133.977656 -24.785139 -112.047615 97.947609 0.054601 0.002363 -0.830073 0.554971
1770726134.978520 -25.188931 -113.105568 97.880180 0.036851 0.003775 -0.840938 0.539862
1770726136.083899 -25.584730 -114.250839 97.823578 0.044802 -0.000359 -0.825079 0.563238
1770726137.085449 -25.982487 -115.385017 97.749886 0.039710 -0.000631 -0.831716 0.553779
1770726138.173107 -26.439774 -116.603676 97.669960 0.042393 -0.001218 -0.827443 0.559946
1770726139.194393 -26.826797 -117.655090 97.604630 0.048492 -0.003995 -0.832131 0.552441
1770726140.274619 -27.303753 -118.883110 97.532982 0.042751 0.003623 -0.849108 0.526473
1770726141.374183 -27.725405 -119.996567 97.466911 0.037849 -0.000519 -0.829027 0.557925
1770726142.472744 -28.159657 -121.262680 97.395470 0.043440 -0.000594 -0.825979 0.562025
1770726143.475151 -28.606148 -122.462868 97.321465 0.041614 0.000522 -0.836181 0.546872
1770726144.571017 -29.105469 -123.694099 97.249222 0.039815 0.005066 -0.845751 0.532066
1770726145.571429 -29.519859 -124.813873 97.187080 0.032626 0.012489 -0.843218 0.536435
1770726146.671957 -29.943991 -126.083969 97.095894 0.036112 0.004383 -0.821338 0.569280
1770726147.770064 -30.454002 -127.426964 97.064301 0.042691 -0.016226 -0.826808 0.560628
1770726148.770654 -30.946518 -128.687180 96.995079 0.046691 -0.009228 -0.842851 0.536038
1770726149.867889 -31.472672 -129.973083 96.943047 0.042738 -0.002158 -0.852640 0.520744
1770726150.868095 -31.876759 -130.945297 96.893318 0.038018 0.001937 -0.836973 0.545919
1770726151.966916 -32.118752 -131.880936 96.846359 0.032259 0.000182 -0.814747 0.578918
1770726152.967462 -32.488087 -132.969696 96.813606 0.039522 -0.006783 -0.824744 0.564083
1770726154.066306 -32.943245 -134.230667 96.758919 0.046361 -0.008082 -0.836162 0.546459
1770726155.163804 -33.463200 -135.383698 96.721596 0.036477 -0.015982 -0.836226 0.546938
1770726156.167898 -33.718250 -136.042450 96.688019 -0.022807 -0.006652 0.878191 -0.477719
1770726157.262561 -34.083595 -136.328400 96.705513 0.000736 0.006104 0.936462 -0.350715
1770726158.262853 -34.510201 -136.553101 96.702583 -0.011015 -0.001784 0.978533 -0.205786
1770726159.263967 -34.834820 -136.621552 96.691727 -0.038336 0.006921 0.987827 -0.150598
1770726160.361001 -35.071957 -136.698380 96.691551 -0.014091 0.000870 0.993710 -0.111094
1770726161.361125 -36.050362 -136.823456 96.687653 -0.009744 -0.008716 0.999737 0.018852
1770726162.459261 -36.656952 -136.797440 96.684059 -0.001855 -0.005023 0.978685 0.205298
1770726163.560257 -36.693394 -136.698303 96.701416 0.006238 -0.002453 0.943670 0.330822
1770726164.658120 -36.928185 -136.246780 96.711258 0.016472 0.034784 0.860101 0.508670
1770726165.758555 -36.963192 -135.862778 96.740814 0.013902 0.036138 0.762238 0.646138
1770726166.859557 -36.878059 -135.453033 96.734512 0.017018 0.026777 0.607575 0.793629
1770726167.960996 -36.825306 -135.311371 96.734444 0.016821 0.027758 0.581764 0.812710
1770726171.255903 -36.669659 -134.721542 96.689072 -0.006946 0.033106 0.571128 0.820163
1770726172.355460 -36.221027 -133.631088 96.679054 0.025898 0.048139 0.566745 0.822078
1770726173.364534 -36.058735 -133.141037 96.662155 0.018714 0.037885 0.544539 0.837670
1770726174.453589 -35.860844 -132.754608 96.662125 0.011986 0.020997 0.506182 0.862088
1770726175.455021 -35.400562 -131.766739 96.612732 0.016570 0.044488 0.544589 0.837358
1770726176.553966 -34.849163 -130.589874 96.552704 0.009227 0.048618 0.510481 0.858464
1770726177.651214 -34.230919 -129.391510 96.528252 0.007496 0.046275 0.506601 0.860905
1770726178.651793 -33.798588 -128.464371 96.493797 0.007876 0.041960 0.517894 0.854379
1770726179.749982 -33.297874 -127.361153 96.458191 -0.001951 0.032106 0.513215 0.857657
1770726180.751591 -32.779037 -126.209747 96.415359 0.001971 0.050856 0.530244 0.846316
1770726181.849245 -32.207489 -124.949417 96.355827 0.001543 0.045885 0.513051 0.857129
1770726182.948128 -31.635653 -123.725983 96.301018 0.010790 0.045295 0.520736 0.852447
1770726184.047447 -31.088411 -122.621407 96.244072 0.016367 0.055798 0.517433 0.853746
1770726185.048533 -30.628151 -121.581848 96.208580 0.014790 0.050614 0.524666 0.849673
1770726186.150076 -30.149424 -120.524498 96.167915 0.007205 0.027076 0.513976 0.857347
1770726187.246994 -29.596905 -119.316956 96.132080 0.005155 0.027575 0.529505 0.847843
1770726188.345839 -29.029617 -117.964485 96.118431 0.003757 0.038222 0.536524 0.843011
1770726189.354284 -28.482079 -116.773628 96.065056 0.006584 0.027828 0.513009 0.857907
1770726190.453836 -27.770166 -115.445412 96.047218 0.009979 0.027167 0.504495 0.862930
1770726191.542675 -27.308695 -114.348419 96.019958 0.003806 0.024371 0.549294 0.835265
1770726192.544403 -27.038975 -113.622955 96.022293 0.006400 0.033532 0.536890 0.842962
1770726196.841102 -26.728903 -112.893967 95.995979 0.001878 0.035818 0.529555 0.847517
1770726197.940760 -26.301775 -112.000725 95.974525 0.009422 0.032868 0.516524 0.855590
1770726198.946917 -25.853634 -111.099152 95.955421 0.022737 0.026943 0.515166 0.856365
1770726200.039069 -25.253452 -109.949829 95.943771 0.017657 0.037103 0.499402 0.865395
1770726201.137579 -24.809822 -108.989456 95.924583 0.015595 0.034355 0.522986 0.851506
1770726202.236942 -24.397739 -108.079002 95.916618 0.008110 0.031185 0.523288 0.851547
1770726203.245250 -24.025862 -107.301895 95.886177 0.011819 0.040237 0.521012 0.852518
1770726204.337226 -23.557440 -106.211433 95.872986 0.009069 0.032409 0.525338 0.850228
1770726205.434074 -23.116219 -105.131996 95.857803 0.018753 0.030257 0.556358 0.830180
1770726206.435634 -22.674229 -104.017677 95.803238 0.012579 0.054990 0.552835 0.831379
1770726207.534000 -22.218172 -102.938217 95.783340 0.013178 0.044735 0.516011 0.855311
1770726208.550859 -21.697607 -101.942642 95.752403 0.023566 0.049259 0.507922 0.859671
1770726209.634005 -21.192175 -100.888725 95.715652 0.017730 0.045369 0.515272 0.855641
1770726210.736880 -20.651995 -99.853333 95.667030 0.019116 0.052494 0.508745 0.859102
1770726211.739674 -20.227901 -98.935303 95.625877 0.013820 0.043780 0.519141 0.853455
1770726212.831466 -19.800447 -97.910309 95.594292 0.010975 0.048863 0.527078 0.848340
1770726213.833786 -19.384317 -97.045998 95.564240 0.018625 0.046932 0.532517 0.844912
1770726214.931257 -18.995045 -96.101013 95.516502 0.025681 0.042502 0.544728 0.837141
1770726216.029060 -18.607218 -95.100708 95.492157 0.019986 0.037105 0.536453 0.842877
1770726217.127935 -18.221369 -94.217690 95.467079 0.019810 0.034054 0.527733 0.848496
1770726218.231245 -17.860184 -93.408096 95.466393 0.014576 0.019203 0.518486 0.854746
1770726219.327055 -17.458408 -92.584930 95.440353 0.021815 0.034887 0.526439 0.849217
1770726220.426370 -17.035252 -91.505524 95.371681 -0.000198 0.051403 0.535505 0.842966
1770726221.426719 -16.710384 -90.729782 95.364670 0.008409 0.039421 0.543894 0.838185
1770726222.525496 -16.362864 -89.797569 95.343727 0.009109 0.034107 0.554586 0.831377
1770726223.624790 -15.888136 -88.779282 95.310204 0.018479 0.059416 0.535612 0.842169
1770726224.629808 -15.514517 -87.825653 95.294983 0.030930 0.043395 0.547647 0.835011
1770726225.723692 -15.017365 -86.627014 95.284241 0.032521 0.033633 0.538517 0.841315
1770726226.823098 -14.562656 -85.638214 95.265244 0.031728 0.038592 0.521212 0.851963
1770726227.920788 -14.092924 -84.610397 95.244537 0.034006 0.043901 0.532728 0.844462
1770726228.921630 -13.663421 -83.694351 95.219597 0.031672 0.049649 0.528226 0.847059
1770726229.921938 -13.250448 -82.806442 95.205353 0.041442 0.051828 0.535343 0.842024
1770726231.022517 -12.876656 -81.876602 95.194160 0.031421 0.047886 0.533583 0.843806
1770726232.116951 -12.493853 -80.934166 95.171959 0.030133 0.040687 0.539116 0.840708
1770726233.118209 -12.158662 -80.022163 95.160332 0.028522 0.044096 0.552564 0.831814
1770726234.217576 -11.785610 -78.947762 95.147430 0.028155 0.045899 0.578882 0.813632
1770726235.318401 -11.494864 -78.001373 95.139145 0.032956 0.053285 0.576698 0.814552
1770726236.417034 -11.178971 -77.072594 95.123726 0.030942 0.048468 0.551434 0.832234
1770726237.417213 -10.807066 -76.119286 95.111946 0.030395 0.047962 0.539520 0.840056
1770726238.516588 -10.298862 -74.990051 95.090988 0.027857 0.055522 0.520976 0.851308
1770726239.614763 -9.825122 -73.890442 95.055977 0.030914 0.048910 0.530785 0.845529
1770726240.714389 -9.190896 -72.773888 95.146843 0.065135 0.009972 0.491764 0.868232
1770726241.714710 -8.588415 -71.721916 95.235672 0.069042 0.004825 0.496054 0.865529
1770726242.815865 -7.905009 -70.423485 95.341171 0.073729 0.012641 0.502838 0.861138
1770726243.914798 -7.254584 -69.121155 95.481606 0.080318 -0.000168 0.524436 0.847653
1770726245.011668 -6.650958 -67.849030 95.652641 0.086476 -0.010045 0.509589 0.856003
1770726246.111879 -5.997737 -66.489456 95.791565 0.067939 0.013392 0.521944 0.850164
1770726247.112064 -5.473695 -65.500931 95.941872 0.079102 -0.000701 0.490191 0.868018
1770726248.209526 -4.797881 -64.289902 96.090965 0.060573 0.003841 0.493314 0.867731
1770726249.211433 -4.223221 -63.282047 96.216614 0.072408 0.000059 0.495226 0.865741
1770726250.308211 -3.644989 -62.137039 96.351578 0.076006 0.000609 0.513261 0.854860
1770726251.405396 -2.981754 -60.833241 96.532639 0.070887 0.008030 0.503752 0.860897
1770726252.406789 -2.372564 -59.678284 96.659317 0.077917 -0.004745 0.501691 0.861518
1770726253.506921 -1.738623 -58.425293 96.809715 0.059166 0.010408 0.498618 0.864738
1770726254.607001 -1.027507 -57.166046 96.928581 0.061971 0.012773 0.486752 0.871246
1770726255.704309 -1.046335 -57.124001 96.941505 0.064284 -0.002506 0.541577 0.838186
1770726256.807123 -0.808972 -56.497936 97.015656 0.063981 -0.006032 0.546446 0.835025
1770726257.903286 -0.441827 -55.537945 97.122421 0.066908 -0.006641 0.543259 0.836868
1770726258.923312 -0.084726 -54.668587 97.205338 0.058741 -0.003174 0.533609 0.843683
1770726260.006801 0.363084 -53.724163 97.309479 0.066169 -0.004668 0.521553 0.850636
1770726261.103356 0.901974 -52.692749 97.425621 0.068151 -0.000138 0.503642 0.861220
1770726262.201196 1.425336 -51.647980 97.544098 0.063228 -0.011458 0.492073 0.868179
1770726263.201484 1.885928 -50.727551 97.639595 0.055099 -0.003706 0.512501 0.856909
1770726264.300939 2.359864 -49.538368 97.742264 0.055175 -0.010293 0.540829 0.839258
1770726265.398846 2.872695 -48.414429 97.809532 0.057660 0.005086 0.525526 0.848806
1770726266.400145 3.416099 -47.222443 97.902367 0.048872 0.016779 0.516190 0.854914
1770726267.500164 3.920470 -45.928089 97.951012 0.038298 0.029859 0.548898 0.834477
1770726268.598096 4.228820 -44.742058 97.950562 0.025205 0.034122 0.594015 0.803334
1770726269.696759 4.504258 -43.449596 97.892136 0.012792 0.049066 0.619580 0.783294
1770726270.697158 4.760247 -42.323963 97.807381 -0.001883 0.087974 0.614644 0.783881
1770726271.701838 4.806630 -41.511169 97.784241 -0.013788 0.074841 0.657492 0.749608
1770726272.795226 4.968951 -40.329205 97.688789 -0.002804 0.074385 0.648675 0.757417
1770726273.894948 5.038629 -39.139549 97.542213 -0.012945 0.087026 0.669443 0.737635
1770726274.993740 5.009538 -38.102444 97.398689 -0.024248 0.087582 0.690492 0.717609
1770726276.093731 5.017919 -37.007874 97.246460 -0.023628 0.087103 0.687131 0.720906
1770726277.102408 5.015764 -36.026104 97.110847 -0.025802 0.083764 0.682186 0.725907
1770726278.192399 4.987508 -34.855526 96.903923 -0.043001 0.098563 0.694918 0.711003
1770726279.285711 4.954030 -33.800564 96.717094 -0.030186 0.090510 0.706288 0.701466
1770726280.291007 4.812963 -32.774090 96.514526 -0.042160 0.103357 0.730752 0.673455
1770726281.293449 4.652730 -31.759773 96.290352 -0.043232 0.112811 0.738638 0.663188
1770726282.388701 4.427381 -30.537523 95.997253 -0.057106 0.122672 0.740399 0.658407
1770726283.390029 4.124672 -29.542221 95.749397 -0.066199 0.138236 0.783908 0.601662
1770726284.488619 3.760409 -28.508160 95.464828 -0.059005 0.134483 0.792416 0.592038
1770726285.587847 3.321208 -27.316637 95.106407 -0.072081 0.153341 0.788691 0.590980
1770726286.686670 2.886168 -26.125153 94.705917 -0.087215 0.152293 0.784840 0.594329
1770726287.689308 2.501844 -25.119276 94.349846 -0.093365 0.160937 0.787956 0.586947
1770726288.782055 2.070685 -24.117956 93.993912 -0.098675 0.167433 0.801424 0.565641
1770726289.788109 1.718106 -23.468878 93.752060 -0.093410 0.171133 0.827233 0.526947
1770726290.884057 1.233069 -22.559536 93.397545 -0.096171 0.188488 0.821775 0.529064
1770726291.985229 0.665182 -21.537146 92.989464 -0.109212 0.177490 0.814411 0.541576
1770726293.087002 0.174597 -20.534681 92.610229 -0.096610 0.184201 0.817614 0.536883
1770726294.093070 -0.351298 -19.671343 92.273872 -0.088182 0.181093 0.834015 0.513661
1770726295.180896 -0.866570 -18.761000 91.932716 -0.094262 0.177495 0.821855 0.533072
1770726296.180998 -1.306085 -17.865232 91.615265 -0.085790 0.162715 0.811333 0.554891
1770726297.181493 -1.663549 -17.010637 91.306580 -0.091581 0.172827 0.798657 0.569115
1770726298.181930 -2.073125 -16.090973 90.992752 -0.089663 0.171064 0.803976 0.562424
1770726299.279809 -2.542180 -14.973413 90.658325 -0.067719 0.167880 0.808088 0.560558
1770726300.374922 -3.054115 -13.745821 90.325905 -0.060383 0.160362 0.799366 0.575892
1770726301.380791 -3.001595 -12.749229 90.382584 0.082048 0.062112 0.679879 0.726068
1770726302.476622 -2.837911 -11.498050 90.495926 0.103966 0.045653 0.642335 0.757966
1770726303.477144 -2.649426 -10.519977 90.629707 0.115990 0.034655 0.627757 0.768939
1770726304.576188 -2.479596 -9.529577 90.806351 0.119679 0.010505 0.621307 0.774302
1770726305.675161 -2.258276 -8.516951 91.045860 0.146800 -0.013688 0.615801 0.773984
1770726306.675260 -1.987060 -7.452799 91.376335 0.173209 -0.032671 0.607060 0.774861
1770726307.675690 -1.630689 -6.379457 91.775665 0.206114 -0.041852 0.574546 0.790988
1770726308.778149 -1.102622 -5.354329 92.396042 0.271684 -0.100455 0.501134 0.815452
1770726309.873780 -0.492747 -4.399187 93.057938 0.294361 -0.118627 0.468122 0.824707
1770726310.974301 0.025140 -3.608560 93.733459 0.311891 -0.161050 0.500472 0.791400
1770726312.075218 0.435239 -2.910386 94.425705 0.342946 -0.180491 0.509814 0.768050
1770726313.173863 0.856274 -2.157569 95.372398 0.365684 -0.219895 0.498276 0.754747
1770726314.180517 1.308999 -1.406447 96.385750 0.382819 -0.231430 0.501331 0.740647
1770726315.270474 1.732158 -0.709930 97.398193 0.404400 -0.249297 0.505300 0.720406
1770726316.367179 1.770231 0.116264 98.448074 0.327611 -0.247399 0.624270 0.664644
1770726317.368488 1.579813 0.615460 98.960487 0.260164 -0.243294 0.740440 0.569974
1770726318.371161 1.259201 0.929400 99.254654 0.202951 -0.229573 0.809019 0.501592
1770726319.466755 0.613802 1.780682 99.675606 0.121641 -0.142677 0.852918 0.487214
1770726320.467375 0.048158 2.412882 99.952232 0.105858 -0.078938 0.843493 0.520655
1770726321.564085 -0.060996 2.764918 100.048042 0.112182 -0.049531 0.753838 0.645516
1770726322.664189 0.101330 3.430016 100.127983 0.110415 -0.015702 0.673760 0.730485
1770726323.763153 0.263960 3.660006 100.179749 0.112386 -0.005572 0.559859 0.820912
1770726324.862584 0.878102 3.030226 100.221100 0.104853 0.022255 0.431637 0.895657
1770726325.962223 1.409146 3.203783 100.244194 0.108561 0.038393 0.261256 0.958377
1770726326.962757 1.632872 3.435052 100.206421 0.103478 0.042316 0.141864 0.983553
1770726328.059742 2.045666 3.551660 100.183601 0.078624 0.044232 0.011978 0.995851
1770726329.063014 2.214677 3.487291 100.165787 0.063673 0.041052 -0.077030 0.994146
1770726330.159475 2.272019 3.387792 100.155380 0.053866 0.038561 -0.145044 0.987205
1770726331.258739 2.308664 3.283355 100.146469 0.044343 0.033492 -0.225019 0.972768
1770726333.463942 2.412627 3.172858 100.154541 0.038948 0.021693 -0.286912 0.956919
1770726334.557625 2.539387 3.082081 100.145187 0.028638 0.019789 -0.354465 0.934421
1770726335.657194 2.608570 2.951847 100.148941 0.019470 0.008420 -0.443195 0.896174
1770726337.658919 2.765905 2.571570 100.143990 0.016920 0.008501 -0.574594 0.818220
1770726338.755806 2.718191 2.462511 100.135551 0.018231 0.002995 -0.638885 0.769081
1770726339.756330 2.674910 2.343509 100.138779 0.016890 -0.001042 -0.689338 0.724242
1770726340.854041 2.634507 2.109630 100.133293 0.029862 -0.001399 -0.740431 0.671468
1770726343.064272 2.660487 1.878683 100.141899 0.014798 -0.001779 -0.776244 0.630256
1770726344.153608 2.654191 1.725307 100.136162 0.018129 0.006492 -0.794055 0.607541
1770726345.251582 2.646998 1.537947 100.131523 0.017886 0.007802 -0.799723 0.600052
1770726347.349705 2.629440 1.385414 100.123070 0.026145 0.005841 -0.799469 0.600110
1770726349.449188 2.707894 1.278135 100.121475 0.028127 0.010380 -0.712454 0.701078
1770726351.648159 2.776677 1.286413 100.118042 0.029523 0.010231 -0.633677 0.772966
1770726354.857758 2.841516 1.108324 100.110649 0.033589 0.015445 -0.643981 0.764148
