1403638541.227829456 -0.993263960 3.242498159 1.856451869 -0.542676568 -0.624879897 -0.384583592 0.408806622
1403638542.977829456 -1.909327626 4.094403267 2.140799999 -0.403252870 -0.716743350 -0.288072407 0.490591943
1403638543.227829456 -2.104662657 4.150204182 2.207720995 -0.411000043 -0.715515077 -0.282042712 0.489457905
1403638543.477829456 -2.305994511 4.207237244 2.241273403 -0.409407318 -0.716998875 -0.279025912 0.490349710
1403638543.627829552 -2.430426121 4.241576672 2.249686241 -0.392005235 -0.727912366 -0.270276934 0.493382215
1403638545.627829552 -4.267462254 4.756521225 2.398034334 -0.276151717 -0.773573458 -0.183181107 0.540156484
1403638546.027829409 -4.619310856 4.853875160 2.429011345 -0.196259424 -0.801154733 -0.136750981 0.548573256
1403638546.177829266 -4.750063419 4.888804436 2.452614069 -0.171218127 -0.807070971 -0.123698913 0.551379561
1403638546.627829552 -5.159688473 4.984843731 2.451599121 -0.151792958 -0.812173367 -0.101636752 0.554078937
1403638546.727829456 -5.254575729 5.004858017 2.457288027 -0.144269228 -0.813209534 -0.097489238 0.555313110
1403638548.677829266 -7.491777897 5.034435272 2.488249063 -0.063985839 -0.826682091 -0.043450888 0.557328045
1403638549.077829361 -8.029376984 4.983993530 2.559283018 -0.053085279 -0.827525139 -0.034861073 0.557825089
1403638549.377829313 -8.440577507 4.944546223 2.671768188 -0.057479363 -0.825549543 -0.030957688 0.560540676
1403638550.177829266 -9.575245857 4.882228374 2.994626045 -0.063564643 -0.824760735 -0.027661210 0.561216831
1403638550.477829456 -10.012334824 4.884260178 3.182498455 -0.063111283 -0.824165225 -0.025829399 0.562229156
1403638550.677829266 -10.303083420 4.894372463 3.281665325 -0.066400208 -0.819374740 -0.020711372 0.569023073
1403638550.977829456 -10.722799301 4.931585312 3.400495291 -0.067452803 -0.805678368 -0.020934856 0.588127792
1403638551.127829552 -10.914651871 4.957665443 3.448948622 -0.068749927 -0.801299393 -0.019679224 0.593974352
1403638553.877829313 -11.750557899 7.039792061 4.082613468 -0.166683823 -0.775505900 -0.123514190 0.596281230
1403638556.477829456 -9.520372391 8.549736977 4.403717518 -0.225414395 -0.802190006 -0.130784437 0.537191868
1403638558.477829456 -8.386861801 10.480640411 4.679464817 -0.223149821 -0.814499855 -0.138607904 0.517283261
1403638561.327829599 -8.478924751 13.491806984 4.494946003 -0.471674562 -0.642069280 -0.318185687 0.513836682
1403638561.877829313 -8.209809303 13.776521683 4.442129612 -0.472890139 -0.660625994 -0.332714379 0.478799999
1403638563.377829313 -7.314457417 14.049643517 4.356500626 -0.638553441 -0.485322773 -0.443259239 0.400290787
1403638563.727829456 -7.019093513 13.966651917 4.293361187 -0.642451525 -0.480389297 -0.446620941 0.396247417
1403638563.977829456 -6.781443596 13.850200653 4.298893452 -0.640904665 -0.481932640 -0.441295058 0.402791232
1403638564.427829504 -6.285724163 13.539540291 4.308065891 -0.625285506 -0.494864732 -0.442851663 0.409889400
1403638567.027829409 -2.527657270 9.952950478 3.129868507 -0.646487713 -0.539494038 -0.408628315 0.352168679
1403638567.177829266 -2.339155912 9.765150070 3.001389742 -0.630464971 -0.529124022 -0.431170553 0.369639784
1403638567.477829456 -1.982007980 9.408545494 2.720025539 -0.622050226 -0.523891866 -0.446580350 0.373037279
1403638569.777829409 -0.547162950 7.867954254 1.925411105 -0.632156193 -0.533582330 -0.445387989 0.342488080
1403638572.727829456 0.766061366 6.658477783 1.434111238 -0.809415638 -0.196554303 -0.533495665 0.146953285
1403638573.427829504 1.571557641 6.179622173 1.503891587 -0.813314080 -0.209935158 -0.525778651 0.134180233
1403638573.627829552 1.833047986 6.090418816 1.542554975 -0.813343406 -0.209147155 -0.527172089 0.129690513
1403638573.777829409 2.036629200 6.038527012 1.586572409 -0.813432872 -0.204055578 -0.531081319 0.120999485
1403638574.027829409 2.384008169 5.977599144 1.648075700 -0.806270421 -0.158198148 -0.559636652 0.108204439
1403638574.427829504 2.903819799 5.870224476 1.675527573 -0.810953498 -0.046729982 -0.578439415 0.074690700
1403638574.677829266 3.197795868 5.764139652 1.685540676 -0.814170122 -0.008591771 -0.579339504 0.037670583
1403638574.927829504 3.474425077 5.645356655 1.728694916 -0.822491169 -0.004252344 -0.568615079 0.012931466
1403638575.277829409 3.853881359 5.476586819 1.745023370 0.826401353 -0.006613106 0.562222898 -0.030372918
1403638575.577829361 4.187935352 5.306731701 1.719999075 -0.833947957 -0.005706608 -0.551109731 0.027862191
1403638575.977829456 4.684176445 5.069148064 1.757571220 -0.839297771 -0.025693979 -0.542878270 0.014222143
1403638576.427829504 5.324901104 4.852506638 1.895746469 -0.835442126 -0.033504635 -0.548547268 0.003145725
1403638576.627829552 5.631490707 4.783329010 1.930163026 -0.836280823 -0.042356193 -0.546556711 -0.010780096
1403638576.927829504 6.109790325 4.737871170 1.950698137 -0.824646354 -0.039808955 -0.564208090 -0.006543576
1403638577.127829552 6.422894478 4.740254402 1.949947834 -0.821993530 -0.029903114 -0.568670809 0.006779820
1403638577.477829456 6.955777168 4.778195381 2.010986567 -0.821652472 -0.039275404 -0.568595946 -0.006576597
1403638577.677829266 7.249986172 4.826182365 2.048736095 -0.823530555 -0.035669293 -0.566149354 -0.000176638
1403638578.027829409 7.752657413 4.948128700 2.062589407 -0.823309720 -0.036073864 -0.566436589 0.003071219
1403638578.427829504 8.319240570 5.132686138 2.123409033 -0.822177470 -0.021306813 -0.568202078 0.026770175
1403638578.727829456 8.726954460 5.254668236 2.139982224 -0.821119010 -0.023053944 -0.569884837 0.021529675
1403638578.827829599 8.858309746 5.292395592 2.140252829 -0.821556985 -0.028386533 -0.569244087 0.014127702
1403638579.127829552 9.246571541 5.416976929 2.152293444 -0.819705725 -0.034741756 -0.571675897 0.007894664
1403638581.727829456 11.210243225 6.403175354 2.127649784 -0.741285324 -0.335645825 -0.532703936 0.232517704
1403638584.377829313 11.038274765 7.000000477 2.873815060 -0.724838436 -0.326752990 -0.559404373 0.234325588
1403638586.827829599 9.269577980 7.355244637 3.116376638 -0.744048834 -0.329346240 -0.535492122 0.226209328
1403638587.177829266 8.983453751 7.421854973 3.054912567 -0.744496107 -0.329773873 -0.534228683 0.227100477
1403638589.827829599 6.575355053 7.798051834 2.842430115 -0.749389350 -0.325464606 -0.529510081 0.228270888
1403638590.677829266 5.768726349 7.812204361 2.740692854 -0.753624022 -0.323259085 -0.525280595 0.227232501
1403638591.577829361 5.053442955 7.858352661 2.756295443 -0.779285431 -0.329342723 -0.487994194 0.214730471
1403638591.977829456 4.890593052 7.978256702 2.701913834 -0.773169041 -0.326341927 -0.497298777 0.220010087
1403638594.877829313 5.023488998 9.157272339 3.737987041 -0.703145027 -0.403771281 -0.506022036 0.294104874
1403638595.777829409 4.819951057 9.205871582 3.831736565 -0.707079709 -0.408071011 -0.503140211 0.283489555
1403638596.227829456 4.684911251 9.202208519 3.782747507 -0.696535110 -0.424630940 -0.517275155 0.258754283
1403638596.577829361 4.481372833 9.234020233 3.792329311 -0.682748914 -0.442213506 -0.531976819 0.235163435
1403638597.277829409 3.540685654 9.530065536 3.996203899 -0.669789016 -0.446128577 -0.549476385 0.224561214
1403638597.527829409 3.025860786 9.700405121 4.020956039 -0.675451398 -0.428589106 -0.546246886 0.248376921
1403638597.727829456 2.566805840 9.839808464 4.018601418 -0.677714646 -0.419746518 -0.544894755 0.260010451
1403638597.827829599 2.325966358 9.907592773 4.010316849 -0.673220277 -0.428841174 -0.546098590 0.254256010
1403638598.127829552 1.543350697 10.108584404 3.981366396 -0.666952312 -0.442212641 -0.537693977 0.265532970
1403638598.227829456 1.262010813 10.172997475 3.980054379 -0.673959792 -0.435693979 -0.525362134 0.282743216
1403638598.427829504 0.692676127 10.294752121 3.975247622 -0.684522271 -0.430446833 -0.508251131 0.296354026
1403638598.527829409 0.408793747 10.351499557 3.964587212 -0.685629606 -0.431682974 -0.504547119 0.298318684
1403638598.727829456 -0.153621137 10.459074974 3.924866199 -0.679250896 -0.446477503 -0.495992810 0.305396885
1403638599.027829409 -0.982933164 10.606429100 3.889285326 -0.654346585 -0.482800394 -0.478683323 0.331054002
1403638599.127829552 -1.256340981 10.652290344 3.888455391 -0.643294275 -0.497126758 -0.472660273 0.340043902
1403638599.227829456 -1.529609799 10.694353104 3.892367601 -0.632400990 -0.511850119 -0.465319902 0.348648757
1403638599.427829504 -2.073235989 10.771942139 3.920909405 -0.613631606 -0.540675581 -0.447017223 0.362355828
1403638599.727829456 -2.872125387 10.879381180 3.962477446 -0.604707658 -0.558652282 -0.431549519 0.368783534
1403638599.927829504 -3.392243624 10.955652237 3.955257416 -0.609152496 -0.556458712 -0.426836580 0.370266706
1403638600.627829552 -5.002359390 11.293634415 3.863309383 -0.648742735 -0.525644362 -0.385915130 0.392301321
1403638600.727829456 -5.179168224 11.352328300 3.870390415 -0.651128769 -0.526362538 -0.382814437 0.390418917
1403638600.827829599 -5.340781212 11.415448189 3.883856773 -0.651958644 -0.531506240 -0.380755365 0.384026676
1403638601.227829456 -5.891334534 11.725215912 3.918124676 -0.627471685 -0.558942556 -0.412157267 0.352120519
1403638601.627829552 -6.412185192 12.125036240 3.940113306 -0.589295208 -0.572807372 -0.415002644 0.390379101
1403638601.727829456 -6.543245792 12.227039337 3.959055185 -0.572130859 -0.588333845 -0.407880425 0.400203913
1403638601.827829599 -6.675943375 12.326763153 3.985364676 -0.550608993 -0.606162071 -0.400227755 0.411357731
1403638602.677829266 -7.853866577 13.001854897 4.200850010 -0.404512674 -0.643857121 -0.328461647 0.560295105
1403638602.827829599 -8.019985199 13.032318115 4.268045425 -0.380255669 -0.662081480 -0.311447293 0.565733433
1403638604.577829361 -8.474641800 12.024860382 4.433255672 -0.306417584 -0.748161376 -0.234050319 0.539984524
1403638605.227829456 -8.421641350 11.277675629 4.473084450 -0.324962020 -0.766511321 -0.208311647 0.513289690
1403638606.027829409 -8.518482208 10.453046799 4.570032597 -0.286430597 -0.764473915 -0.262336820 0.514506161
1403638606.277829409 -8.626766205 10.132957458 4.597280502 -0.285840005 -0.766848505 -0.266426623 0.509171724
1403638606.677829266 -8.883413315 9.571896553 4.546177864 -0.318088651 -0.776753664 -0.215823665 0.498892277
1403638606.777829409 -8.962208748 9.439024925 4.519724846 -0.311766058 -0.783644080 -0.205728397 0.496366441
1403638607.577829361 -9.776897430 8.638805389 4.393713474 -0.232892975 -0.788896084 -0.140527770 0.551049650
1403638608.127829552 -10.304159164 8.283250809 4.180782318 -0.238605022 -0.783592999 -0.141213506 0.555975139
1403638609.777829409 -11.109279633 7.548440456 3.264520884 -0.237317383 -0.779742241 -0.150295392 0.559547961
1403638610.027829409 -11.136359215 7.480632305 3.135908604 -0.237974837 -0.777502179 -0.149274215 0.562650561
1403638610.527829409 -11.112877846 7.367741585 2.909252405 -0.234527543 -0.766701698 -0.155670509 0.577002704
1403638610.977829456 -10.956307411 7.250809193 2.682692528 -0.235845104 -0.770575225 -0.148793966 0.573106706
1403638611.277829409 -10.791107178 7.176352978 2.551911592 -0.233152151 -0.767247200 -0.148727968 0.578663826
1403638611.627829552 -10.537273407 7.076787949 2.436774254 -0.216344550 -0.776826262 -0.175948724 0.564604402
1403638612.027829409 -10.228426933 6.912287235 2.315730095 -0.237414449 -0.779288173 -0.150155365 0.560176492
1403638612.377829313 -9.952871323 6.784821510 2.243280411 -0.239419848 -0.779440105 -0.150270566 0.559079528
1403638612.727829456 -9.668110847 6.677926540 2.162928820 -0.233412609 -0.777643085 -0.167278543 0.559292257
1403638613.027829409 -9.420310020 6.571951389 2.070624352 -0.237560555 -0.774587154 -0.169495866 0.561115921
1403638613.327829599 -9.171859741 6.445215225 2.039461851 -0.240930870 -0.776722372 -0.166862905 0.557504773
1403638613.727829456 -8.844801903 6.263851643 2.007398844 -0.251574337 -0.764985085 -0.169716492 0.568070829
1403638613.977829456 -8.623270035 6.142577648 1.938820124 -0.272339135 -0.754411817 -0.184622601 0.567986429
1403638614.327829599 -8.272500992 5.959985733 1.822461367 -0.324213117 -0.742915154 -0.220543340 0.542515993
1403638614.727829456 -7.855748653 5.742288113 1.790539622 -0.368758738 -0.726271987 -0.230440587 0.532393932
1403638614.827829599 -7.745731831 5.692370892 1.803956032 -0.388009131 -0.720625758 -0.231228545 0.526004672
1403638614.927829504 -7.631919384 5.646427631 1.824880958 -0.407373160 -0.714269757 -0.237508669 0.517161012
1403638615.227829456 -7.267267227 5.542223930 1.915265083 -0.461908162 -0.678708732 -0.294944644 0.488879323
1403638615.427829504 -7.014290333 5.487771511 1.979851246 -0.499791414 -0.645368278 -0.337241501 0.469016492
1403638615.627829552 -6.765933990 5.434278488 2.021875858 -0.535398602 -0.614621401 -0.366648257 0.448506325
1403638615.727829456 -6.645354271 5.406558514 2.040311337 -0.546630442 -0.604669392 -0.374551892 0.441906214
1403638615.827829599 -6.526455402 5.377628803 2.066312551 -0.554773927 -0.597328901 -0.379660875 0.437357754
1403638616.277829409 -5.988491535 5.229158878 2.136401653 -0.600363553 -0.553903103 -0.406103969 0.409676135
1403638616.677829266 -5.509823322 5.081673145 2.010271788 -0.645352483 -0.514715970 -0.423639953 0.372983873
1403638616.827829599 -5.330666542 5.030087948 1.944463730 -0.663660169 -0.511899233 -0.405766517 0.364510655
1403638617.277829409 -4.750744820 4.959739685 1.838394880 -0.649896502 -0.522190928 -0.422301739 0.355826616
1403638617.577829361 -4.361757755 4.971672058 1.855052710 -0.649521530 -0.534069061 -0.413918257 0.348660052
1403638617.877829313 -3.989873409 5.045207500 1.943479061 -0.640699506 -0.539642036 -0.419246823 0.350032538
1403638618.627829552 -3.157010555 5.420883656 2.125424623 -0.635364115 -0.541059077 -0.420903116 0.355539262
1403638618.877829313 -2.911811352 5.597260952 2.176078558 -0.638244390 -0.533910692 -0.428683668 0.351871729
1403638619.427829504 -2.428149700 6.022129536 2.218708754 -0.688664615 -0.444110811 -0.482432842 0.309459656
1403638619.527829409 -2.349367857 6.097189903 2.205036163 -0.697712898 -0.427833229 -0.488100886 0.303171426
1403638622.427829504 -0.296029896 6.869195461 1.829150319 -0.694538891 -0.407970548 -0.508484125 0.304334939
1403638624.777829409 -0.462444901 5.196002960 1.922153473 -0.700238168 -0.399780929 -0.509230912 0.300874799
1403638625.227829456 -0.583270967 4.718427658 1.926658034 -0.701228082 -0.416019678 -0.488605171 0.310599059
1403638625.677829266 -0.685912430 4.239228725 1.940372348 -0.700654328 -0.419567287 -0.486295700 0.310746431
1403638625.977829456 -0.736103773 3.927866697 1.971451998 -0.707356274 -0.423357666 -0.478022039 0.303167045
1403638626.277829409 -0.766175032 3.635950089 1.959352612 -0.708028674 -0.422890246 -0.478567094 0.301384956
1403638626.577829361 -0.786037624 3.364330530 1.915529847 -0.701890707 -0.428647250 -0.486939102 0.294110984
1403638626.877829313 -0.811204553 3.122380733 1.882108212 -0.709555626 -0.432813317 -0.474931180 0.289212406
1403638627.277829409 -0.831238568 2.876820564 1.877699733 -0.709185779 -0.434795022 -0.473722875 0.289128721
1403638627.677829266 -0.837960601 2.706083059 1.830230594 -0.703668654 -0.434601367 -0.482042044 0.289149702
1403638628.127829552 -0.856534719 2.582421303 1.762887478 -0.704260290 -0.435549021 -0.483183295 0.284338444
1403638628.427829504 -0.882799089 2.539028645 1.735721707 -0.707071185 -0.432921201 -0.480699301 0.285583377
1403638628.877829313 -0.919665575 2.508141756 1.720236659 -0.704471648 -0.418201566 -0.485642761 0.304923356
1403638629.277829409 -0.934894264 2.473421812 1.689903259 -0.700851977 -0.427376986 -0.490465552 0.292572975
1403638629.477829456 -0.949746668 2.462419510 1.686940312 -0.707733810 -0.431023955 -0.481521755 0.285426021
1403638629.977829456 -0.966372371 2.484158516 1.682543039 -0.702918351 -0.411502361 -0.490663022 0.309550405
1403638630.327829599 -0.959221840 2.481979370 1.586631536 -0.701875448 -0.424950659 -0.492829472 0.289666891
1403638630.427829504 -0.961588204 2.491903543 1.586956143 -0.710779250 -0.424212337 -0.477066725 0.295371085
1403638630.527829409 -0.960799694 2.504057884 1.597957492 -0.698796928 -0.423421651 -0.493612677 0.297898382
1403638630.677829266 -0.960638106 2.518371582 1.577406287 -0.711638033 -0.436844587 -0.471498936 0.283596277
1403638630.777829409 -0.955351233 2.518496037 1.574619293 -0.712806523 -0.445733428 -0.466254324 0.275382400
1403638631.177829266 -0.959084630 2.502621412 1.573086500 -0.712409377 -0.444125295 -0.465553820 0.280152053
1403638631.677829266 -0.962342501 2.490705252 1.580804944 -0.712999880 -0.443580329 -0.464723468 0.280890942
