1403636579.763556 0.000000000 0.000000000 0.000000000 0.000000000 0.000000000 0.000000000 1.000000000
1403636579.913555384 0.000507874 0.056925241 0.020817998 -0.005643353 0.005716412 -0.002682545 0.999964139
1403636580.063555479 -0.001229226 0.131151388 0.043613231 -0.020517090 0.005712253 -0.000189141 0.999773166
1403636580.213555574 -0.003218817 0.203635956 0.063393927 -0.027216442 0.004722792 0.003216977 0.999613231
1403636580.363555670 -0.005583985 0.262754503 0.076167399 -0.039315114 0.003664953 -0.000503074 0.999220014
1403636580.513555527 -0.007902620 0.298316889 0.080599554 -0.064036671 0.002911995 -0.002512335 0.997940135
1403636580.613555431 -0.009869412 0.286592067 0.075285075 -0.073304213 0.000615063 -0.000839478 0.997309084
1403636580.763555527 -0.011471438 0.212105866 0.057393306 -0.062835477 0.003739680 -0.006240686 0.997997380
1403636580.863555670 -0.011600820 0.139059549 0.041789717 -0.048990716 0.012387045 -0.012634589 0.998642498
1403636581.163555622 -0.019107342 -0.066885211 -0.004020780 -0.005377754 0.020239739 -0.015073321 0.999667058
1403636581.313555479 -0.018784560 -0.131304006 -0.022196019 0.018861652 0.020516833 -0.011741357 0.999542614
1403636581.613555431 -0.010357958 -0.063320397 -0.009114055 0.005063903 0.025408727 -0.017147564 0.999517241
1403636581.763555527 -0.003647462 0.030130485 0.017995538 -0.005108464 0.022816544 -0.014810190 0.999616910
1403636582.063555479 0.001003012 0.215640381 0.062591384 -0.037092463 0.022548640 -0.009310915 0.999014021
1403636582.213555574 -0.002989365 0.261114595 0.071128113 -0.058808565 0.018742439 -0.010117142 0.998042042
1403636582.363555670 -0.007809161 0.233025915 0.063800361 -0.060827726 0.015161360 -0.009602116 0.997986934
1403636582.513555527 -0.012950998 0.150553766 0.042861950 -0.040233883 0.016231470 -0.011086640 0.998996927
1403636582.813555479 -0.010809380 -0.043918413 -0.006325244 -0.019124253 0.030382905 -0.009309897 0.999311997
1403636582.963555574 -0.005843168 -0.130694228 -0.027049642 0.004254896 0.039820314 -0.003946000 0.999190006
1403636583.363555670 0.001526981 -0.090592675 -0.014876878 0.012641281 0.042470171 -0.011586327 0.998950569
1403636583.513555527 0.007590287 0.003962594 0.012874737 0.003925879 0.036387153 -0.013233089 0.999242437
1403636583.663555622 0.013370989 0.105932334 0.041212708 -0.014551236 0.035468188 -0.015161068 0.999149844
1403636583.813555479 0.014744024 0.195623648 0.063286909 -0.046523252 0.031057111 -0.004002323 0.998426274
1403636583.963555574 0.015046682 0.259615391 0.076658677 -0.062626551 0.030039105 -0.009818009 0.997536553
1403636584.413555384 0.006023155 0.137007956 0.045542994 -0.056432159 0.022489660 -0.018130550 0.997988432
1403636584.713555574 0.002075737 -0.078643414 0.004484313 -0.011559194 0.039439959 -0.019366543 0.998967373
1403636584.863555670 -0.000159313 -0.158948541 -0.018196940 0.013905510 0.046313325 -0.016592157 0.998692352
1403636585.313555479 0.006570278 -0.099008765 0.004483629 0.004216239 0.060941066 -0.014693832 0.998024299
1403636585.463555574 0.015159156 -0.018871723 0.029801145 -0.007265535 0.059317145 -0.023353316 0.997939533
1403636585.613555431 0.018240115 0.055225699 0.039061266 -0.024638246 0.043983919 -0.024767259 0.998421231
1403636586.013555527 0.015436140 0.114933519 0.010930784 -0.096022190 0.020517344 -0.001083317 0.995167124
1403636586.163555622 0.012922902 0.112317645 0.002497300 -0.128709878 0.038982375 0.003146338 0.990910814
1403636586.513555527 0.006833795 0.111532622 -0.033927937 -0.195125189 0.044207998 0.014207350 0.979678501
1403636586.913555384 0.035371192 0.100530816 -0.040278440 -0.189348854 0.033470768 0.012070115 0.981265016
1403636587.313555479 0.059620510 0.094829634 -0.019520199 -0.194537326 0.025982332 0.004698224 0.980539685
1403636587.463555574 0.092946854 0.091387067 -0.009608955 -0.197102914 0.029183319 0.008497618 0.979911509
1403636587.563555479 0.122937856 0.088904753 -0.004561135 -0.198813720 0.030965946 0.012516996 0.979467988
1403636587.763555527 0.196454532 0.079406808 0.005022182 -0.189148145 0.041054741 0.021482911 0.980854715
1403636587.863555670 0.234015057 0.076184514 0.009572100 -0.185537981 0.047911127 0.025547784 0.981135817
1403636587.963555574 0.269580912 0.077492160 0.012910860 -0.190034341 0.055599408 0.027511182 0.979815692
1403636588.063555479 0.300627149 0.080419471 0.016032258 -0.200494751 0.064694939 0.029433473 0.977113141
1403636588.213555574 0.333281110 0.086395253 0.019333695 -0.205699190 0.065901038 0.030047373 0.975931377
1403636588.763555527 0.293941669 0.088751403 0.008071917 -0.200606587 0.059045418 0.031224145 0.977392290
1403636588.863555670 0.262443374 0.090703715 0.003279181 -0.202922134 0.054644930 0.030300901 0.977199260
1403636588.963555574 0.224951321 0.091276945 -0.001658320 -0.202232333 0.049209593 0.029484843 0.977655943
1403636589.063555479 0.182630155 0.089987158 -0.008226641 -0.198298570 0.043250614 0.026856143 0.978818578
1403636589.263555527 0.091412749 0.085948486 -0.020905825 -0.191808119 0.033624250 0.022251682 0.980603854
1403636589.363555670 0.043238831 0.086680947 -0.026443369 -0.195230589 0.028115285 0.019016132 0.980169850
1403636589.463555574 -0.004646316 0.088601806 -0.030728199 -0.197663131 0.024611034 0.014779565 0.979849554
1403636589.563555479 -0.052348736 0.091942637 -0.035206865 -0.195207588 0.021319026 0.014003697 0.980430208
1403636589.963555574 -0.220596139 0.113072886 -0.047839147 -0.202275819 -0.003202546 0.008484598 0.979286602
1403636590.113555431 -0.257809677 0.116717668 -0.051663039 -0.195882898 -0.013864072 0.007983143 0.980496786
1403636590.513555527 -0.226137682 0.110894061 -0.061194245 -0.190832449 -0.005209099 0.003271552 0.981603351
1403636590.613555431 -0.191939715 0.106835227 -0.063578968 -0.187974167 0.001293457 0.002221917 0.982170608
1403636590.713555574 -0.152327477 0.104048106 -0.064407453 -0.187253641 0.007734874 0.002506811 0.982277945
1403636590.813555479 -0.109248436 0.102865344 -0.062622298 -0.191293637 0.011703813 0.005936734 0.981445118
1403636590.913555384 -0.062732729 0.102570269 -0.059887859 -0.197062910 0.014540283 0.009303979 0.980238862
1403636591.013555527 -0.014672898 0.102173692 -0.055399646 -0.198542237 0.016413887 0.009912627 0.979904743
1403636591.113555431 0.030531315 0.101511122 -0.050590958 -0.196663152 0.014995755 0.011225438 0.980292161
1403636591.213555574 0.073203929 0.100197242 -0.045144367 -0.197429558 0.015702757 0.013811922 0.980093987
1403636591.313555479 0.110623605 0.101592710 -0.038914054 -0.200015395 0.018575511 0.015268319 0.979497662
1403636591.413555384 0.139717728 0.105358951 -0.032597972 -0.201895529 0.023048814 0.017278416 0.978983352
1403636591.563555479 0.170368404 0.113234207 -0.019473257 -0.197329898 0.032957043 0.019489148 0.979589158
1403636591.713555574 0.189462478 0.118488508 -0.002434306 -0.171524090 0.053472330 0.019921802 0.983525962
1403636592.013555527 0.210224703 0.110398198 0.023393685 -0.139314896 0.083494229 0.026076437 0.986377257
1403636592.213555574 0.237786151 0.100762923 0.059221307 -0.155381462 0.101854005 0.040936722 0.981736496
1403636592.363555670 0.252149963 0.090257266 0.095555066 -0.167557205 0.101728767 0.045595965 0.979539100
1403636592.513555527 0.247374696 0.074289226 0.139247205 -0.168129793 0.085165597 0.043447930 0.981117461
1403636592.613555431 0.232354802 0.063629065 0.169242935 -0.158795568 0.068886193 0.035471607 0.984266440
1403636592.763555527 0.192229507 0.052664287 0.210133457 -0.152201356 0.039987131 0.020566358 0.987326087
1403636592.913555384 0.125590366 0.050014812 0.231973188 -0.156861308 -0.002967667 0.011118696 0.987553592
1403636592.963555574 0.098234235 0.051305828 0.232568885 -0.159933900 -0.017340515 0.007767574 0.986944841
1403636593.113555431 0.009015389 0.060386004 0.211421230 -0.167235809 -0.059283992 -0.004232070 0.984123814
1403636593.163555622 -0.022374568 0.064591738 0.197741248 -0.168469089 -0.072417321 -0.006322039 0.983022853
1403636593.263555527 -0.082183475 0.074810809 0.162514281 -0.169420811 -0.095331173 -0.005021418 0.980909446
1403636593.363555670 -0.128576819 0.087111895 0.119997348 -0.173682964 -0.107626854 -0.006517043 0.978881104
1403636593.463555574 -0.156727498 0.103723380 0.074819590 -0.177313597 -0.109777017 -0.008657166 0.977974411
1403636593.563555479 -0.166166763 0.122931860 0.030313502 -0.181093222 -0.102393774 -0.005979094 0.978102761
1403636593.663555622 -0.159342966 0.142395677 -0.011194048 -0.189230517 -0.089213998 0.003324823 0.977865849
1403636593.763555527 -0.137243674 0.160837997 -0.047776567 -0.196907903 -0.065482778 0.014998377 0.978117750
1403636593.813555479 -0.120093083 0.169103262 -0.064531641 -0.197825001 -0.049184509 0.021913482 0.978757351
1403636593.863555670 -0.099577432 0.174369535 -0.078758886 -0.196290855 -0.031332979 0.030171815 0.979580424
1403636593.963555574 -0.053058255 0.181904707 -0.101817594 -0.186672846 0.008584813 0.044271310 0.981386571
1403636594.013555527 -0.026451067 0.184119457 -0.110440015 -0.180804028 0.028867250 0.050279559 0.981808816
1403636594.113555431 0.028639290 0.184955086 -0.117999906 -0.173784414 0.067785991 0.061894421 0.980496363
1403636594.213555574 0.087040807 0.181936332 -0.112021699 -0.174062426 0.098279421 0.071510063 0.977205065
1403636594.313555479 0.145354857 0.175793143 -0.091203514 -0.175374416 0.120195796 0.074280929 0.974309565
1403636594.413555384 0.201720955 0.165164892 -0.057168406 -0.172769412 0.134929804 0.070994392 0.973090168
1403636594.463555574 0.227924739 0.158878280 -0.035838589 -0.168555554 0.139282818 0.067463492 0.973466999
1403636594.563555479 0.271157059 0.143562956 0.010037225 -0.157253338 0.141420053 0.064151432 0.975272449
1403636594.713555574 0.295558009 0.120791061 0.079895674 -0.146271834 0.135826351 0.064277583 0.977764872
1403636594.863555670 0.259851637 0.106832060 0.138025944 -0.140745377 0.108748442 0.053545428 0.982597274
1403636595.013555527 0.167387158 0.103822197 0.175263971 -0.135219538 0.059023340 0.031836616 0.988543551
1403636595.113555431 0.090182621 0.106437106 0.179998913 -0.138529125 0.018537836 0.017291077 0.990033862
1403636595.213555574 0.013840616 0.113204541 0.173673558 -0.144156114 -0.019210789 0.006811311 0.989345019
1403636595.263555527 -0.020650398 0.117336788 0.165701058 -0.146876260 -0.036725161 0.003364512 0.988467150
1403636595.413555384 -0.091104011 0.132931730 0.128994794 -0.153160873 -0.071176436 -0.006080586 0.985615893
1403636595.513555527 -0.106329277 0.143726422 0.099336089 -0.156637709 -0.078977809 -0.007782817 0.984462575
1403636595.613555431 -0.094655532 0.155774480 0.068262554 -0.161296028 -0.079851668 -0.009590398 0.983623570
1403636595.713555574 -0.059704558 0.168597952 0.039356257 -0.164773924 -0.069082637 -0.009013058 0.983867831
1403636595.813555479 -0.008463654 0.181773442 0.014985940 -0.165142065 -0.044390784 -0.008505000 0.985233587
1403636595.863555670 0.020061553 0.188530441 0.003916112 -0.164788415 -0.028783551 -0.007043068 0.985883706
1403636595.963555574 0.075526610 0.201042632 -0.018718246 -0.166273174 0.003293347 0.001379594 0.986073264
1403636596.063555479 0.119759164 0.213765237 -0.045397706 -0.170555690 0.034542384 0.009400688 0.984697521
1403636596.163555622 0.142495695 0.223756507 -0.076657961 -0.174367223 0.055745205 0.019701952 0.982904053
1403636596.263555527 0.136781495 0.229977144 -0.108702791 -0.173013661 0.064368880 0.027513592 0.982428584
1403636596.413555384 0.089311398 0.232234088 -0.165570268 -0.166368574 0.067825123 0.030494023 0.983255493
1403636596.513555527 0.050127602 0.233723396 -0.204704333 -0.160841671 0.065624492 0.025222446 0.984473063
1403636596.663555622 0.001038567 0.236585889 -0.246168319 -0.159896025 0.063394989 0.019329161 0.984906452
1403636597.013555527 -0.004890904 0.223722400 -0.188082673 -0.155412172 0.063732002 0.004629988 0.985780834
1403636597.113555431 0.012669745 0.210157573 -0.134267433 -0.166867224 0.061009043 0.003857022 0.984082491
1403636597.213555574 0.030879721 0.190775143 -0.074318567 -0.175152633 0.049793038 0.000325782 0.983281294
1403636597.313555479 0.046903065 0.165923657 -0.012114216 -0.174374127 0.035584625 -0.006866889 0.984012319
1403636597.413555384 0.057296311 0.141199145 0.050587645 -0.169855098 0.019854469 -0.014622846 0.985160504
1403636597.513555527 0.059615207 0.120757293 0.104991116 -0.165896757 0.001613311 -0.024090327 0.985847513
1403636597.613555431 0.050817249 0.108126713 0.142092997 -0.158872485 -0.021855608 -0.027981259 0.986660486
1403636597.763555527 0.019567684 0.106263313 0.156399206 -0.145423205 -0.055014691 -0.031575268 0.987334025
1403636597.863555670 -0.003812060 0.113608419 0.139642680 -0.138522264 -0.067167796 -0.036995692 0.987386139
1403636597.963555574 -0.021031233 0.127141512 0.108471278 -0.136992786 -0.074564234 -0.045355919 0.986719814
1403636598.063555479 -0.031644350 0.144409695 0.069564706 -0.142796849 -0.077148256 -0.049396279 0.985503533
1403636598.163555622 -0.035561172 0.164860587 0.028953848 -0.156503054 -0.076043910 -0.049545981 0.983498507
1403636598.263555527 -0.031173314 0.188003507 -0.003974839 -0.175105301 -0.070808310 -0.052407487 0.980600720
1403636598.363555670 -0.021964265 0.208352983 -0.020875802 -0.186898561 -0.063310671 -0.055531801 0.978762947
1403636598.463555574 -0.010589681 0.223489759 -0.018397698 -0.188777587 -0.056038377 -0.058341617 0.978682267
1403636598.663555622 0.012109849 0.233073818 0.035295498 -0.165358964 -0.066407151 -0.058011103 0.982283673
1403636598.763555527 0.020421094 0.236845810 0.072827397 -0.145085373 -0.079037095 -0.056454852 0.984640148
1403636598.863555670 0.028455435 0.245308996 0.110604314 -0.122095113 -0.089014657 -0.052946301 0.987099723
1403636598.963555574 0.036038841 0.258515013 0.145992686 -0.102003681 -0.090823099 -0.050658571 0.989333171
1403636599.063555479 0.041226070 0.271629278 0.173673368 -0.085743814 -0.093853957 -0.048742734 0.990688437
1403636599.163555622 0.044223884 0.279741266 0.193635154 -0.063680046 -0.102594605 -0.042544692 0.991770713
1403636599.313555479 0.046292500 0.285377878 0.218819825 -0.018489026 -0.103743451 -0.035198751 0.993809086
1403636599.463555574 0.047867714 0.294357683 0.239509873 -0.000278875 -0.095367759 -0.036115153 0.994786715
1403636599.663555622 0.050275908 0.308041152 0.255945358 -0.010181498 -0.082822178 -0.032555697 0.995980397
1403636599.813555479 0.053090957 0.310886247 0.257411367 0.008580877 -0.083366158 -0.030907492 0.996002600
1403636600.863555670 0.056729620 0.312550522 0.256439056 0.018819818 -0.085536191 -0.018260379 0.995989926
1403636605.063555479 0.056790800 0.312673005 0.256445396 0.018848928 -0.085521552 -0.017993167 0.995995496
1403636606.113555431 0.056748974 0.312665393 0.256432133 0.018859328 -0.085417820 -0.018249840 0.995999531
1403636623.963555574 0.057875068 0.312465056 0.256881682 0.018907414 -0.083842360 -0.017273551 0.996149885
1403636624.513555527 0.067627054 0.314529935 0.250724276 -0.002555340 -0.074750290 -0.019616743 0.997006042
1403636624.713555574 0.086523974 0.318490042 0.241007530 -0.004001633 -0.068434053 -0.027862637 0.997258462
1403636624.863555670 0.109064047 0.322713021 0.227200952 -0.007617605 -0.063494167 -0.044683333 0.996952287
1403636625.013555527 0.132737593 0.314688354 0.202342329 -0.025816890 -0.057167529 -0.066129724 0.995837447
1403636625.113555431 0.142878292 0.298258381 0.183210230 -0.037242228 -0.056273365 -0.070681548 0.995213768
1403636625.263555527 0.147918346 0.259204226 0.158606552 -0.035321989 -0.061279788 -0.058687124 0.995767526
1403636625.463555574 0.149379619 0.243404076 0.149939137 -0.033832501 -0.065418049 -0.054877106 0.995773239
1403636625.763555527 0.139959810 0.227306736 0.168035002 -0.026724054 -0.068702674 -0.056568307 0.995673538
1403636625.913555384 0.126718045 0.165873682 0.171381898 -0.011992561 -0.071680776 -0.052540828 0.995970635
1403636626.063555479 0.111193081 0.090212993 0.169561924 -0.005758977 -0.074711967 -0.046516141 0.996103009
1403636626.213555574 0.097454834 0.021742117 0.167176193 -0.004791378 -0.080061619 -0.032615974 0.996244638
1403636626.663555622 0.111549421 -0.040054624 0.187030099 0.011736378 -0.079041649 -0.047125990 0.995687610
1403636627.213555574 0.168899127 0.005288591 0.170276054 -0.015890232 -0.081497070 -0.054904226 0.995033293
1403636627.813555479 0.231331103 -0.045233935 0.116321306 -0.028846314 -0.053596994 -0.041378978 0.997287838
1403636628.213555574 0.278190125 -0.064311728 0.137569776 -0.016266524 -0.023118817 -0.031754515 0.999095877
1403636628.963555574 0.410557688 -0.174208962 0.182969676 -0.024023682 -0.006546138 -0.023565238 0.999412172
1403636629.263555527 0.494262100 -0.223539451 0.209891540 -0.026457032 0.017038029 -0.017841955 0.999345484
1403636629.563555479 0.583778548 -0.243317007 0.267167143 -0.013212862 0.042105757 0.008383518 0.998990612
1403636629.813555479 0.679563742 -0.215082499 0.339374999 -0.033120957 0.091883187 0.019284947 0.995031946
1403636629.963555574 0.745750111 -0.198187734 0.389511481 -0.038044629 0.122843341 0.027571621 0.991313233
1403636630.163555622 0.837361226 -0.207415211 0.463531412 -0.024471737 0.146116512 0.033183349 0.988407793
1403636630.363555670 0.925230332 -0.245578598 0.536741051 -0.008337082 0.156505199 0.033317566 0.987079812
1403636630.713555574 1.074819317 -0.345899706 0.642041232 -0.019752233 0.155152312 0.020625251 0.987477700
1403636631.263555527 1.288730794 -0.428085675 0.850855478 -0.011659017 0.142942756 0.026257282 0.989313899
1403636632.263555527 1.603778655 -0.489531406 1.257895663 -0.010445533 0.143044043 0.010574323 0.989604707
1403636632.763555527 1.684071792 -0.490167569 1.465819828 -0.033670919 0.106133932 0.030696358 0.993307400
1403636633.013555527 1.730488070 -0.507231860 1.581806556 -0.020318977 0.059722092 -0.006706813 0.997985686
1403636633.513555527 1.818395277 -0.560646478 1.837457220 -0.029186481 0.024330094 -0.012864852 0.999195022
1403636634.163555622 1.953818183 -0.659821492 2.246808665 -0.028899607 0.033105679 0.007857473 0.999003046
1403636634.563555479 2.084627037 -0.776051249 2.517209260 -0.008803323 0.032950480 -0.014468825 0.999313475
1403636634.963555574 2.192295538 -0.858626394 2.786275422 -0.017099544 0.008437142 -0.028247864 0.999419070
1403636635.313555479 2.269536598 -0.940897350 3.004434443 -0.025718607 -0.004980611 -0.029804364 0.999212413
1403636635.613555431 2.325885632 -1.013136692 3.208627544 -0.028791653 -0.009729242 -0.018620980 0.999364619
1403636635.813555479 2.376933901 -1.095088967 3.341081327 -0.018772311 -0.010987465 -0.009964676 0.999713750
1403636636.013555527 2.431305927 -1.200567094 3.469406133 -0.026726464 -0.010297855 -0.004154444 0.999581108
1403636636.263555527 2.520795539 -1.331399517 3.639347545 -0.020260686 -0.002607946 -0.025289511 0.999471432
1403636636.413555384 2.574516605 -1.425005766 3.735257283 0.000747644 -0.001436333 -0.029748923 0.999556091
1403636636.563555479 2.625944925 -1.501778710 3.829128079 0.011887022 0.000653078 -0.036405568 0.999266184
1403636636.913555384 2.717244433 -1.591883557 4.026863508 0.007058854 0.007981851 -0.060467477 0.998113294
1403636637.563555479 2.757441160 -1.639335320 4.319488148 -0.023097286 -0.009887726 -0.033079617 0.999136871
1403636637.913555384 2.761702978 -1.766850507 4.450034507 -0.016095504 -0.013769069 -0.033017348 0.999230305
1403636638.413555384 2.760064927 -1.831501273 4.674215980 -0.023869924 -0.019816684 -0.021565038 0.999285983
1403636638.813555479 2.791748904 -1.854933698 4.887577722 -0.034667073 -0.019215072 -0.027675971 0.998830824
1403636639.063555479 2.821333618 -1.943271237 5.037609112 -0.023606267 -0.025486649 -0.011807108 0.999326657
1403636639.513555527 2.940986936 -1.992355692 5.358427993 -0.024405827 -0.020382908 -0.028431843 0.999089847
1403636639.863555670 3.045126975 -1.997076187 5.634040831 -0.005663575 -0.019794179 -0.034228704 0.999201937
1403636640.313555479 3.151896745 -2.092844972 5.906706420 -0.004763797 -0.042231319 -0.043030216 0.998169436
1403636640.813555479 3.259822381 -2.153908902 6.148666152 -0.008481580 -0.056671431 -0.050099985 0.997098994
1403636641.813555479 3.418335921 -2.206024173 6.526123296 -0.007062381 -0.052974512 -0.045716577 0.997523844
1403636642.263555527 3.490146110 -2.297648873 6.608035786 -0.000490326 -0.026114904 -0.036245076 0.999001534
1403636643.313555479 3.638622686 -2.307797855 6.782280318 -0.012528346 0.002037914 -0.019178315 0.999735505
1403636644.213555574 3.803989490 -2.470028054 7.029791041 -0.044364684 -0.002453617 -0.024630215 0.998708720
1403636644.663555622 3.915928722 -2.486872417 7.307473727 -0.000479670 -0.011809387 0.006547811 0.999908713
1403636644.963555574 4.043556797 -2.422261274 7.488458055 -0.007528872 0.002182116 -0.026173805 0.999626674
1403636645.213555574 4.147307892 -2.384784841 7.619196452 -0.057261197 0.003902250 -0.021997666 0.998109228
1403636645.563555479 4.277533216 -2.433678038 7.858923174 -0.043634343 0.006508955 -0.023631154 0.998746838
1403636645.963555574 4.414072732 -2.510783624 8.194846777 -0.033006474 0.006769116 -0.019720895 0.999237628
1403636646.163555622 4.486704733 -2.609422179 8.370283604 -0.018423483 0.027069328 -0.000638698 0.999463566
1403636646.313555479 4.554307904 -2.678816098 8.501791754 -0.007080383 0.059104965 0.020305448 0.998020120
1403636646.463555574 4.629917543 -2.734018195 8.630669930 0.005875554 0.099475597 0.032768463 0.994482937
1403636646.613555431 4.710198465 -2.790624568 8.747605916 0.012699001 0.130277046 0.031733991 0.990888278
1403636646.813555479 4.812808031 -2.876669133 8.870721701 0.007158175 0.151577447 0.033009574 0.987868112
1403636647.113555431 4.960336658 -3.006121594 9.017310735 -0.002762673 0.158706165 0.034402021 0.986722464
1403636647.513555527 5.148800945 -3.107662221 9.203676527 0.002650066 0.150380261 0.038119717 0.987889489
1403636647.863555670 5.326060516 -3.184033393 9.321678298 0.005892977 0.154976896 0.039599498 0.987106536
1403636648.063555479 5.436139939 -3.193144626 9.366712185 0.005150415 0.182667489 0.046786655 0.982047387
1403636648.313555479 5.574818922 -3.171229036 9.424488191 0.005521034 0.243299657 0.067939056 0.967553140
1403636648.463555574 5.658385487 -3.141254270 9.453522723 0.006014267 0.283479673 0.081229168 0.955512913
1403636648.663555622 5.772795581 -3.101308399 9.473467317 0.004798981 0.325982464 0.095681768 0.940509119
1403636649.163555622 6.019146236 -3.133332195 9.462973788 -0.010860913 0.351757711 0.100717198 0.930593681
1403636649.663555622 6.250522077 -3.333643732 9.404802790 0.005472762 0.341947764 0.094739963 0.934915031
1403636650.113555431 6.421645765 -3.442444683 9.321443710 0.013693374 0.371746641 0.098503351 0.922991883
1403636650.563555479 6.555204841 -3.398349676 9.217747878 0.000072456 0.459902020 0.136101934 0.877477288
1403636651.313555479 6.673397990 -3.333188745 9.007952572 0.002591731 0.497178231 0.143472610 0.855700123
1403636652.013555527 6.682329812 -3.279402279 8.766881190 0.026431230 0.511862577 0.160630165 0.843502248
1403636652.213555574 6.669289671 -3.221757436 8.680220845 0.011160688 0.563591751 0.174234240 0.807392226
1403636652.363555670 6.660391727 -3.142511486 8.595153731 -0.003109502 0.603036670 0.195414628 0.773401726
1403636652.563555479 6.640956506 -3.057551291 8.503903090 -0.012867816 0.637030364 0.218717936 0.739046141
1403636653.063555479 6.678905526 -2.983679898 8.234235209 -0.019692318 0.655295875 0.220660042 0.722155575
1403636653.613555431 6.788647555 -2.923892565 7.982182115 -0.000333984 0.647007755 0.193384488 0.737552231
1403636654.313555479 6.818730928 -2.839172542 7.711673368 0.008531830 0.656951180 0.196666448 0.727780642
1403636654.763555527 6.764826189 -2.839885224 7.522668381 -0.003429156 0.706003729 0.227869497 0.670538938
1403636655.263555527 6.686851980 -2.767712235 7.360927790 0.014452407 0.727869131 0.216997911 0.650314972
1403636655.613555431 6.584584733 -2.700539629 7.259745806 0.014967214 0.746845199 0.234048941 0.622269494
1403636655.813555479 6.503552784 -2.647067064 7.202293712 0.007180594 0.757722735 0.257548329 0.599561135
1403636655.963555574 6.445878325 -2.584849068 7.164307057 0.008314243 0.772499885 0.268603703 0.575349331
1403636656.113555431 6.386952290 -2.529211182 7.112011825 0.008752540 0.785664243 0.272435481 0.555368345
1403636656.313555479 6.312241875 -2.487795125 7.029693678 0.000746967 0.794469155 0.275610418 0.541162731
1403636656.563555479 6.227544442 -2.481501697 6.899950957 -0.002756908 0.795813214 0.275498012 0.539235175
1403636656.763555527 6.174372212 -2.476524907 6.789544259 0.009296026 0.799575201 0.256965673 0.542735410
1403636657.063555479 6.079456013 -2.421059641 6.646857606 0.018391269 0.799962169 0.241973583 0.548790556
1403636657.313555479 5.973330514 -2.357263862 6.550128407 0.023039829 0.795353398 0.250494398 0.551484084
1403636657.513555527 5.868197856 -2.314750903 6.468639464 0.017803741 0.789282419 0.269630912 0.551375971
1403636657.713555574 5.759282004 -2.255640047 6.380809809 0.015047473 0.788412147 0.273616634 0.550739319
1403636657.863555670 5.680541710 -2.197184373 6.308999461 0.019449547 0.789432878 0.279349299 0.546243000
1403636658.013555527 5.597084164 -2.142615614 6.227612034 0.020416679 0.788485887 0.288618177 0.542745532
1403636658.163555622 5.516716954 -2.097799918 6.132958607 0.007877125 0.793353180 0.281788823 0.539558840
1403636658.313555479 5.441259034 -2.056693613 6.028055047 -0.003134227 0.797562196 0.274883265 0.536958016
1403636658.463555574 5.372736915 -2.003121288 5.917861728 -0.010166508 0.799279153 0.272756998 0.535399942
1403636658.613555431 5.307720685 -1.949373813 5.815106964 -0.020315598 0.801879014 0.266411579 0.534417621
1403636658.763555527 5.256153278 -1.890099554 5.719220001 -0.023666333 0.804377702 0.259908114 0.533726700
1403636658.913555384 5.212970826 -1.830284879 5.634691660 -0.021012440 0.808183595 0.249453256 0.533076755
1403636659.063555479 5.177300318 -1.768900376 5.559246649 -0.006083848 0.808759078 0.247521057 0.533483896
1403636659.263555527 5.126086095 -1.680087500 5.483512440 0.001512675 0.809591798 0.244860062 0.533481379
1403636659.413555384 5.081508063 -1.622088580 5.430247898 -0.005467341 0.806748569 0.252585562 0.534160452
1403636659.563555479 5.038803538 -1.578797560 5.382183199 -0.009747867 0.805168630 0.257920946 0.533933743
1403636659.763555527 4.985115763 -1.525065745 5.325170787 -0.007320080 0.808607408 0.251941089 0.531625962
1403636659.913555384 4.946780048 -1.471762839 5.295366219 -0.007757583 0.809355000 0.252988434 0.529982222
1403636660.063555479 4.906447054 -1.412251537 5.278435429 -0.015670220 0.807141391 0.263724425 0.527945686
1403636660.213555574 4.877288457 -1.346935241 5.265828553 -0.021032346 0.805463307 0.270220575 0.527036377
1403636660.363555670 4.857132634 -1.285202786 5.258052475 -0.030671964 0.802131183 0.281227911 0.525885594
1403636660.613555431 4.859823333 -1.212662642 5.234241117 -0.032115107 0.802550312 0.279164934 0.526259020
1403636660.813555479 4.892659701 -1.143874714 5.225064034 -0.025445211 0.812518566 0.247940133 0.526964716
1403636660.963555574 4.920537664 -1.081980603 5.234613758 -0.025688424 0.815383722 0.237585513 0.527297464
1403636661.163555622 4.963691740 -0.998809674 5.274075021 -0.011424938 0.813863591 0.242400084 0.527956177
1403636661.413555384 5.008789102 -0.921306933 5.342789984 -0.004283018 0.813225273 0.244073871 0.528274793
1403636661.613555431 5.032362962 -0.892896413 5.403253073 -0.002458984 0.810652225 0.250208887 0.529369849
1403636661.913555384 5.050567352 -0.911655932 5.492338761 0.015338816 0.808225258 0.253501351 0.531294380
1403636662.313555479 5.020612039 -0.987102573 5.588247099 -0.002931226 0.810589288 0.246989567 0.530973228
1403636662.563555479 4.985424673 -1.001414415 5.671390549 -0.016811877 0.807491462 0.260845003 0.528805053
1403636662.763555527 4.966326759 -1.003551134 5.747504812 0.008557014 0.802900223 0.277096065 0.527726995
1403636662.963555574 4.948835508 -0.981653458 5.815162798 0.008594558 0.800690138 0.285593310 0.526552845
1403636663.113555431 4.937610555 -0.962946674 5.852596481 0.013518407 0.796215132 0.298972991 0.525807824
1403636663.413555384 4.927845862 -0.915476184 5.875477632 -0.027806674 0.801655454 0.286480538 0.523931506
1403636663.613555431 4.950557704 -0.858358329 5.887083152 -0.044608287 0.800381469 0.288753560 0.523470139
1403636663.813555479 5.010216604 -0.801170092 5.900919323 -0.056845587 0.803580622 0.275448787 0.524551932
1403636663.963555574 5.084641893 -0.779706304 5.913066146 -0.060092926 0.808660312 0.254583879 0.526919718
1403636664.113555431 5.176506819 -0.781856689 5.939190172 -0.051700914 0.811343702 0.240805511 0.530151977
1403636664.263555527 5.281635774 -0.799394616 5.980903790 -0.030661951 0.810314926 0.237954091 0.534628296
1403636664.413555384 5.385547105 -0.798465408 6.042354731 -0.017717981 0.807861013 0.236653992 0.539482665
1403636664.563555479 5.490392386 -0.780232996 6.120673040 -0.009987297 0.804573009 0.236203372 0.544766458
1403636664.713555574 5.589591358 -0.770215851 6.206196218 0.002488921 0.798875060 0.241865868 0.550720752
1403636664.863555670 5.677755866 -0.773630807 6.292010337 -0.006233050 0.796052238 0.240902979 0.555182617
1403636665.013555527 5.761580113 -0.795651497 6.378327992 -0.007544886 0.791388118 0.248013250 0.558692536
1403636665.163555622 5.842015452 -0.832380841 6.459972416 -0.013718994 0.786106577 0.258306467 0.561360854
1403636665.313555479 5.928772249 -0.877509295 6.533399397 0.002433848 0.783934850 0.260846897 0.563381863
1403636665.563555479 6.063062928 -0.953365254 6.652308578 -0.012772179 0.788474480 0.250430832 0.561630896
1403636665.813555479 6.198299171 -1.037362772 6.772829978 -0.017140865 0.793624084 0.242267707 0.557829152
1403636665.963555574 6.280266036 -1.098116985 6.853034950 0.007675458 0.791939184 0.251193138 0.556484882
1403636666.113555431 6.354894829 -1.146141554 6.935705272 0.013869070 0.791238894 0.255757608 0.555280747
1403636666.313555479 6.444118346 -1.185241203 7.046138642 0.012040690 0.793742229 0.248877276 0.554876920
1403636666.563555479 6.531032456 -1.225577471 7.182195702 0.014554372 0.789077724 0.257025272 0.557747725
1403636666.763555527 6.583542037 -1.276741825 7.275571186 -0.006826851 0.785709425 0.261303558 0.560655459
1403636666.913555384 6.624169849 -1.318189961 7.344107520 -0.005626430 0.777709064 0.280430863 0.562579315
1403636667.113555431 6.688169154 -1.350881648 7.424852008 0.004443054 0.776029758 0.282624559 0.563809749
1403636667.313555479 6.760155028 -1.365361007 7.486581328 -0.002377293 0.788049606 0.245688511 0.564454890
1403636667.613555431 6.855393386 -1.365783465 7.602217195 -0.009065652 0.781620864 0.261523425 0.566208563
1403636667.913555384 6.955486411 -1.408355891 7.704018655 -0.000091171 0.778540739 0.271734111 0.565716256
1403636668.363555670 7.128109823 -1.404438998 7.833841259 -0.016042679 0.786552085 0.265514812 0.557297349
1403636668.863555670 7.368131707 -1.338122764 8.005970505 -0.027232642 0.799385302 0.243665759 0.548514831
1403636669.163555622 7.527164984 -1.373582178 8.140246307 -0.005830835 0.801028831 0.241825174 0.547575930
1403636669.513555527 7.687921513 -1.410442441 8.343719709 0.001331764 0.802977589 0.237710938 0.546551669
1403636669.713555574 7.760250905 -1.421359158 8.477005905 0.012574562 0.806910955 0.221014799 0.547621265
1403636669.963555574 7.806387713 -1.475970661 8.654982820 0.050277487 0.791980841 0.255553851 0.552205353
1403636670.363555670 7.757740417 -1.583407758 8.846832640 0.090770714 0.770420927 0.276240729 0.567365254
1403636670.813555479 7.500986918 -1.630652669 8.810320648 0.095358515 0.714948851 0.275078761 0.635678039
1403636671.113555431 7.213943538 -1.627610022 8.575233530 0.108930698 0.652488353 0.256136642 0.704831237
1403636671.313555479 6.979555098 -1.606461306 8.309942160 0.069611464 0.621720007 0.231550773 0.744985044
1403636671.463555574 6.795929611 -1.582587926 8.075664343 0.012235974 0.609213623 0.205311492 0.765869593
1403636671.663555622 6.562672084 -1.538900677 7.759279313 -0.032297077 0.583714085 0.203843278 0.785291464
1403636671.863555670 6.363729289 -1.485466504 7.460716262 -0.055334081 0.571626153 0.210428975 0.791139259
1403636672.013555527 6.249313521 -1.452913663 7.251754121 -0.077423590 0.569549400 0.216379248 0.789176210
1403636672.213555574 6.156993000 -1.453204601 6.993216920 -0.093834433 0.579247685 0.195905878 0.785676846
1403636672.463555574 6.119126733 -1.477707859 6.757223197 -0.087182186 0.593959800 0.161206263 0.783341282
1403636672.613555431 6.115644490 -1.476005149 6.663575364 -0.041116127 0.597422876 0.153684590 0.785987544
1403636672.863555670 6.107869288 -1.395591565 6.579192870 -0.025934024 0.586261531 0.175049251 0.790558413
1403636673.163555622 6.094370839 -1.324820879 6.522532226 -0.040726181 0.551105614 0.164053247 0.817135554
1403636673.763555527 6.201239811 -1.345567436 6.552889117 -0.036531704 0.526690161 0.147260238 0.836407395
1403636674.513555527 6.407447558 -1.394507939 6.903355781 0.000891413 0.505722589 0.167419471 0.846294623
1403636674.963555574 6.525754962 -1.307530307 7.147652961 -0.027802946 0.470479887 0.176220154 0.864188712
1403636675.563555479 6.857227369 -1.375918334 7.455640286 -0.032108425 0.472833064 0.117331234 0.872714916
1403636675.813555479 7.001821879 -1.417821490 7.643278062 -0.008002077 0.444655597 0.105189713 0.889467532
1403636676.013555527 7.091630867 -1.434199858 7.807069561 0.005973966 0.396796258 0.130289386 0.908593263
1403636676.363555670 7.243570361 -1.408046316 8.077462341 -0.028410607 0.337003787 0.066824265 0.938698995
1403636676.713555574 7.340869512 -1.449611308 8.370730877 -0.024019969 0.265165722 0.057819962 0.962167882
1403636677.063555479 7.428820057 -1.553684600 8.659424498 -0.015441974 0.238489978 0.062785214 0.968990244
1403636677.463555574 7.524001790 -1.575614112 9.009346992 0.008239456 0.228726163 0.031977885 0.972930557
1403636677.713555574 7.535091410 -1.621314715 9.185796226 0.018661235 0.182351282 0.032879823 0.982506328
1403636677.863555670 7.525164295 -1.659046663 9.267138571 0.004958828 0.142671935 0.040556711 0.988926328
1403636678.113555431 7.524539684 -1.715354524 9.375238053 -0.010438997 0.082012224 0.026438545 0.996225891
1403636678.513555527 7.573907545 -1.786878591 9.531804393 -0.014153917 0.022070003 -0.014165852 0.999555856
1403636678.763555527 7.597275068 -1.850283533 9.607863590 -0.011924011 -0.028274478 -0.050784281 0.998238112
1403636679.113555431 7.593936056 -1.886759545 9.713722728 -0.008107770 -0.096788228 -0.099300797 0.990305839
1403636679.313555479 7.554154363 -1.885355961 9.767798769 0.000006681 -0.154757158 -0.083069145 0.984454031
1403636679.563555479 7.502846759 -1.902861521 9.803116110 -0.001347774 -0.216556782 -0.092693753 0.971858638
1403636679.813555479 7.467340215 -1.954132650 9.811992355 -0.003088692 -0.244620632 -0.105758181 0.963829038
1403636680.113555431 7.440419194 -2.061664390 9.787829771 0.018267987 -0.238504760 -0.138068678 0.961102908
1403636680.413555384 7.389833297 -2.132662339 9.708420881 0.020995514 -0.226332556 -0.153397670 0.961666219
1403636680.713555574 7.285255583 -2.132863487 9.575919679 0.008747764 -0.220133038 -0.147521057 0.964210796
1403636680.913555384 7.184965164 -2.102502086 9.465034407 -0.011746100 -0.230542379 -0.107926705 0.966987108
1403636681.113555431 7.085623332 -2.051628195 9.362979568 -0.043336409 -0.229804410 -0.105886067 0.966488505
1403636681.363555670 6.953349524 -1.991384647 9.266690599 -0.013099932 -0.228347750 -0.115192925 0.966652102
1403636681.613555431 6.812510329 -1.966613222 9.159206515 -0.003670390 -0.233070124 -0.111944428 0.965988246
1403636681.913555384 6.643843802 -1.914746499 9.023086174 0.000560031 -0.236841657 -0.115713327 0.964632646
1403636682.213555574 6.471052896 -1.892407014 8.857837488 -0.004507197 -0.242755860 -0.109677134 0.963856942
1403636682.413555384 6.360501407 -1.869796566 8.744807833 -0.024006801 -0.241820057 -0.110084277 0.963757327
1403636682.763555527 6.170102564 -1.809330805 8.572241382 -0.001338545 -0.237103631 -0.107465902 0.965521184
1403636683.113555431 5.984442029 -1.764192909 8.371675960 0.005461995 -0.230659436 -0.115256365 0.966168909
1403636683.413555384 5.824610927 -1.690225970 8.182919436 -0.000684699 -0.237361195 -0.108431645 0.965350596
1403636683.663555622 5.690055199 -1.603415857 8.024217675 -0.006485941 -0.240717653 -0.107862928 0.964561316
1403636684.263555527 5.396271353 -1.474652645 7.639843624 -0.008401249 -0.251608688 -0.106494119 0.961915532
1403636684.563555479 5.255004576 -1.451073228 7.444222920 -0.002237361 -0.257162073 -0.101087488 0.961063984
1403636684.963555574 5.126829825 -1.334536550 7.207268877 0.001676557 -0.256287885 -0.108046328 0.960541358
1403636685.263555527 5.049583290 -1.259932396 7.012777281 -0.006513752 -0.246771603 -0.119917072 0.961603475
1403636685.613555431 4.951581437 -1.195874493 6.770534596 -0.010010740 -0.241647415 -0.114031102 0.963588719
1403636685.913555384 4.855199119 -1.092506041 6.571885252 -0.003916168 -0.238612452 -0.118412419 0.963860602
1403636686.263555527 4.735634625 -0.980257964 6.335493865 -0.016613712 -0.243081875 -0.105998095 0.964053728
1403636686.663555622 4.606090281 -0.902176132 6.079914382 -0.022861178 -0.243252146 -0.107440852 0.963723105
1403636686.913555384 4.520102879 -0.842306615 5.950053604 -0.016740989 -0.245911710 -0.104311815 0.963517626
1403636687.163555622 4.444207192 -0.824599516 5.817291229 -0.014777106 -0.248233372 -0.102176268 0.963183181
1403636687.463555574 4.360721063 -0.787356673 5.676271937 -0.007432942 -0.248929124 -0.104241204 0.962866976
1403636687.713555574 4.305660546 -0.717896662 5.571920335 -0.005420773 -0.252500727 -0.099405450 0.962461716
1403636687.913555384 4.269378417 -0.635120542 5.498943163 -0.006501344 -0.252696825 -0.101593510 0.962175039
1403636688.163555622 4.233315405 -0.515713370 5.410636427 -0.004334588 -0.249225771 -0.113459432 0.961766439
1403636688.363555670 4.202012771 -0.442388884 5.329136770 -0.006774725 -0.251593577 -0.107398873 0.961831720
1403636688.563555479 4.170450298 -0.363867468 5.248650045 -0.006717289 -0.248565573 -0.115688783 0.961658016
1403636688.763555527 4.136953655 -0.270562610 5.168924115 -0.005666193 -0.247030896 -0.126390334 0.960712816
1403636688.913555384 4.100101001 -0.204550385 5.104266739 -0.009425199 -0.253890523 -0.125197361 0.959049732
1403636689.063555479 4.058651308 -0.157533788 5.031376486 -0.016006991 -0.265550394 -0.121893776 0.956226266
1403636689.213555574 4.010783768 -0.125935374 4.957463654 -0.022578994 -0.276079988 -0.119984137 0.953348748
1403636689.363555670 3.960935893 -0.113608026 4.885959410 -0.025808531 -0.283288546 -0.120543014 0.951078809
1403636689.563555479 3.887497829 -0.122090718 4.795658725 -0.027824632 -0.288187132 -0.121298451 0.949452817
1403636689.713555574 3.832358719 -0.142907925 4.733289757 -0.039184735 -0.290323444 -0.116568954 0.948993432
1403636689.863555670 3.776673142 -0.158538427 4.687335418 -0.049162194 -0.292365592 -0.105286698 0.949220812
1403636690.163555622 3.681044252 -0.182625207 4.655963574 -0.044261211 -0.287795374 -0.104965174 0.950892780
1403636690.463555574 3.594402419 -0.240054920 4.679228399 -0.038477225 -0.282183232 -0.115164018 0.951645615
1403636690.613555431 3.546740324 -0.275347474 4.705649018 -0.039272494 -0.286444869 -0.101271592 0.951919678
1403636690.763555527 3.503392129 -0.301120928 4.748569715 -0.038572643 -0.294472799 -0.075824658 0.951865822
1403636690.913555384 3.475064102 -0.300379491 4.812297610 -0.027547256 -0.301140011 -0.055725769 0.951551618
1403636691.063555479 3.472918492 -0.306332184 4.889347896 -0.002793121 -0.306584514 -0.042057703 0.950909714
1403636691.163555622 3.492628797 -0.316687418 4.939349448 0.012033202 -0.307009684 -0.044954405 0.950567913
1403636691.263555527 3.528835969 -0.335591651 4.987231234 0.026645659 -0.302143724 -0.063804228 0.950751387
1403636691.363555670 3.577306994 -0.358981002 5.029379596 0.031265623 -0.297005789 -0.084128205 0.950648446
1403636691.463555574 3.635755266 -0.385547687 5.059776115 0.016797894 -0.295766789 -0.096115920 0.950263946
1403636691.563555479 3.697701598 -0.423856797 5.082104916 0.002790579 -0.296634536 -0.100929751 0.949638536
1403636691.713555574 3.803156870 -0.485786280 5.110871677 -0.004457437 -0.294076153 -0.117769163 0.948488150
1403636691.863555670 3.908136219 -0.539991369 5.137550360 -0.005872345 -0.293382441 -0.123818634 0.947924683
1403636692.013555527 4.008516799 -0.585582094 5.164617636 0.000375970 -0.296692036 -0.114061175 0.948136985
1403636692.213555574 4.147319630 -0.641305363 5.192857879 0.000766579 -0.292911463 -0.121770911 0.948353379
1403636692.413555384 4.283769450 -0.721702261 5.201419964 -0.004707652 -0.291425990 -0.120448335 0.948968350
1403636692.563555479 4.383422242 -0.796137990 5.198866911 -0.003851006 -0.287125916 -0.127844156 0.949315411
1403636692.813555479 4.539717442 -0.933242814 5.176654994 -0.009820393 -0.277022520 -0.146168367 0.949629871
1403636693.113555431 4.681016938 -1.056347015 5.147243131 -0.013739176 -0.276470356 -0.147289250 0.949568983
1403636693.613555431 4.809190549 -1.161858891 5.123516465 -0.057723334 -0.284722349 -0.133987477 0.947443168
1403636694.063555479 4.826575032 -1.226018160 5.222355629 -0.010962174 -0.292419725 -0.121926565 0.948422083
1403636694.963555574 4.835512522 -1.316002371 5.434133798 -0.017813694 -0.294775968 -0.106801199 0.949412084
1403636695.863555670 4.900506222 -1.392900689 5.641464960 -0.008166586 -0.276920714 -0.123389648 0.952902524
1403636696.513555527 4.903626563 -1.342399186 5.764785323 0.004843230 -0.273842352 -0.116057886 0.954734244
1403636697.563555479 4.841150325 -1.337055057 5.659159124 -0.012981725 -0.263208329 -0.128175051 0.956098325
1403636697.913555384 4.752951051 -1.366171401 5.542159292 -0.013404933 -0.206477828 -0.109906497 0.972166537
1403636698.213555574 4.655233174 -1.339395199 5.450695060 -0.013904791 -0.174587006 -0.092747780 0.980165233
1403636698.563555479 4.534314637 -1.263383471 5.361336523 -0.016323336 -0.116463682 -0.075269963 0.990204116
1403636698.913555384 4.394185728 -1.148770560 5.301813135 -0.019314834 -0.026986280 -0.036330385 0.998788657
1403636699.213555574 4.280232005 -1.086850915 5.252724257 -0.017990824 0.050421939 0.007130430 0.998540493
1403636699.663555622 4.157377081 -1.076703972 5.179016318 -0.020742624 0.165273694 0.071723061 0.983417588
1403636700.263555527 4.143343969 -0.964760371 5.125984051 -0.008329411 0.229704482 0.079818619 0.969946112
1403636700.813555479 4.240887017 -0.747862134 5.093249891 -0.000123150 0.284558299 0.084974982 0.954885235
1403636701.213555574 4.323765759 -0.652220976 5.023207751 -0.027156842 0.292027461 0.090261097 0.951753856
1403636701.863555670 4.505658830 -0.677466694 4.938702116 -0.009887499 0.290325154 0.081240398 0.953422016
1403636702.113555431 4.586094779 -0.647594202 4.926069538 -0.008188920 0.330065104 0.100955136 0.938508406
1403636702.363555670 4.671259599 -0.582612314 4.924240109 -0.012750646 0.371868317 0.115708927 0.920957556
1403636702.613555431 4.747874453 -0.490351871 4.932701302 -0.023568179 0.391927881 0.115820997 0.912371949
1403636702.813555479 4.817213534 -0.404808779 4.957793214 -0.031138351 0.395300611 0.115904886 0.910677708
1403636703.263555527 4.980869903 -0.277400407 5.054481515 -0.002822108 0.386570872 0.130808384 0.912931631
1403636703.663555622 5.146049479 -0.272045471 5.089029158 -0.012537791 0.390433874 0.113086501 0.913573006
1403636704.163555622 5.350419955 -0.259562283 5.127049676 -0.005403022 0.380393094 0.119735915 0.917025197
1403636704.413555384 5.451057933 -0.225413714 5.148632198 -0.020523329 0.379220868 0.116030571 0.917772974
1403636704.763555527 5.609486993 -0.236215805 5.186480782 -0.040833532 0.377993414 0.113530606 0.917913070
1403636705.013555527 5.738274435 -0.221858034 5.258005042 -0.055061455 0.373429138 0.117414546 0.918549258
1403636705.263555527 5.891583210 -0.216351477 5.376737730 -0.028863967 0.376703545 0.101203804 0.920336406
1403636705.563555479 6.074680367 -0.249511925 5.540550996 -0.032335493 0.375804619 0.103327184 0.920352540
1403636705.813555479 6.225702649 -0.262903315 5.703335111 -0.025501785 0.375726848 0.106258244 0.920265277
1403636706.113555431 6.408999449 -0.315249698 5.903206996 0.004938771 0.365598325 0.127602807 0.921971256
1403636706.313555479 6.536271784 -0.340144041 6.017690296 -0.002960548 0.369947144 0.106649552 0.922906398
1403636706.563555479 6.693456265 -0.342520215 6.162442964 -0.019495573 0.372555711 0.093691164 0.923062366
1403636707.013555527 6.949938524 -0.434586743 6.434044918 -0.028209351 0.376522124 0.100233809 0.920537075
1403636707.463555574 7.191849567 -0.607607448 6.735891095 -0.028056773 0.387655904 0.100637106 0.915864559
1403636707.813555479 7.362544068 -0.792063448 6.996700782 -0.024254712 0.381208322 0.122214297 0.916054360
1403636708.113555431 7.529527969 -0.856163677 7.257456770 -0.016179151 0.378055717 0.111613273 0.918887690
1403636708.513555527 7.767016826 -0.886816056 7.610939476 0.008361025 0.365363697 0.132146276 0.921399383
1403636708.913555384 8.020487844 -0.918408594 7.885007122 0.000801970 0.385936440 0.091305507 0.917995493
1403636709.263555527 8.185642209 -0.967228864 8.088629842 -0.001913374 0.397929146 0.089364859 0.913051289
1403636709.763555527 8.304842910 -1.041072740 8.389870533 -0.017002745 0.396106435 0.093632161 0.913259885
1403636710.113555431 8.333121096 -1.108059965 8.629283705 -0.013971933 0.391029588 0.090017846 0.915858850
1403636710.463555574 8.320257972 -1.145845016 8.898640625 -0.000219942 0.367158447 0.110398090 0.923583720
1403636710.813555479 8.300793526 -1.121812427 9.157737175 0.004468551 0.318944686 0.096329898 0.942854639
1403636711.113555431 8.287638177 -1.124123281 9.332100031 -0.006188458 0.282234290 0.053281192 0.957844780
1403636711.513555527 8.219612909 -1.190028007 9.537790412 0.018854166 0.269551563 0.050424491 0.961480029
1403636711.913555384 8.072727761 -1.262824265 9.668861229 0.016873200 0.275871873 0.057642071 0.959316109
1403636712.263555527 7.898338841 -1.348340610 9.706909717 0.011381364 0.266162427 0.070225620 0.961299323
1403636712.563555479 7.739812512 -1.445760455 9.686084984 0.012952272 0.237546063 0.036257774 0.970612941
1403636712.763555527 7.615416967 -1.500118481 9.662242537 0.025181864 0.219077620 0.035343960 0.974741850
1403636713.163555622 7.349532668 -1.543050574 9.563764911 0.014447052 0.208022036 0.037963735 0.977280344
1403636713.563555479 7.065317070 -1.630961200 9.382609300 0.006369111 0.205287374 0.050150661 0.977395232
1403636713.713555574 6.961736620 -1.664945389 9.302670654 0.002709508 0.204163244 0.060856075 0.977039695
1403636714.163555622 6.705269561 -1.679361924 9.060462063 -0.002589484 0.216042914 0.056189935 0.974762251
1403636714.663555622 6.484610017 -1.590373411 8.802124148 -0.022226830 0.198789232 0.060150443 0.977942091
1403636714.963555574 6.384954196 -1.563411123 8.658593759 -0.028549283 0.137320700 0.024992238 0.989799652
1403636715.363555670 6.272118723 -1.616183103 8.504658643 -0.027370153 0.085298955 0.002964603 0.995974987
1403636715.513555527 6.240146789 -1.625255702 8.466007176 -0.016043846 0.076981437 0.014498861 0.996797992
1403636716.313555479 6.142146367 -1.598117333 8.240549768 -0.000993904 0.095499380 0.013750644 0.995334014
1403636716.863555670 6.096840568 -1.492063721 8.009681399 -0.003345685 0.073140025 0.002834212 0.997312043
1403636717.113555431 6.072750242 -1.447170699 7.893849442 -0.006484008 0.020181775 -0.017014546 0.999630511
1403636717.563555479 6.020903869 -1.402332499 7.667592287 -0.005972439 -0.013643889 -0.055869485 0.998326988
1403636718.013555527 5.896897973 -1.304618096 7.453014310 -0.007186178 -0.038511197 -0.066857482 0.996993141
1403636718.213555574 5.808039748 -1.276686118 7.343930509 -0.008850926 -0.078221571 -0.066893554 0.994649838
1403636718.463555574 5.683933298 -1.211162495 7.224135716 -0.013060155 -0.119586843 -0.065462516 0.990577144
1403636718.613555431 5.608467710 -1.161097968 7.157567373 -0.015315567 -0.143773575 -0.063889179 0.987427347
1403636718.813555479 5.516932097 -1.079589215 7.080627293 -0.018379998 -0.164486270 -0.062499087 0.984225740
1403636719.113555431 5.401612951 -0.985060923 6.972509230 -0.007554335 -0.166987983 -0.086532059 0.982125322
1403636719.463555574 5.276452104 -0.910651174 6.838167639 0.008864317 -0.167712339 -0.076106022 0.982853941
1403636719.763555527 5.187552530 -0.819902607 6.707773128 -0.006928689 -0.161006483 -0.072150539 0.984288172
1403636720.113555431 5.106537941 -0.762006648 6.539860302 -0.013435795 -0.152976750 -0.069317589 0.985704147
1403636720.463555574 5.043019307 -0.665671447 6.405464432 -0.015332620 -0.154964921 -0.067499389 0.985492068
1403636720.613555431 5.023380669 -0.631439223 6.352733652 -0.016800065 -0.156867269 -0.068121311 0.985124309
1403636721.013555527 4.992413471 -0.591195624 6.225878129 -0.013724341 -0.131069365 -0.058097745 0.989574209
1403636721.563555479 5.000533866 -0.526310627 6.079834115 -0.004516944 -0.060288234 -0.034948574 0.997558782
1403636722.113555431 5.040475680 -0.434774223 5.918168420 -0.004427869 -0.035694629 -0.044798666 0.998348319
1403636722.863555670 5.046759337 -0.332166499 5.666574636 -0.007032574 -0.024227985 -0.040201066 0.998873076
1403636723.613555431 4.998523847 -0.283432614 5.397608659 0.012619224 0.001318469 -0.027644303 0.999537298
1403636724.113555431 4.948281888 -0.236705665 5.178901340 -0.022294251 0.035362407 -0.009266766 0.999082876
1403636724.613555431 4.904601658 -0.150229646 5.032027894 -0.008620245 0.112696671 0.011471510 0.993525821
1403636725.363555670 4.804124112 -0.305325271 4.761967149 -0.013501019 0.113762821 0.023962054 0.993127164
1403636726.413555384 4.729913931 -0.312895679 4.561516080 -0.007441117 0.110588417 0.014304448 0.993735485
1403636727.463555574 4.730451750 -0.494447810 4.264610655 -0.005799753 0.098827469 -0.006947577 0.995063428
1403636728.413555384 4.557187015 -0.662773734 3.918952026 -0.001792383 0.096578247 0.005342302 0.995309444
1403636729.363555670 4.302810116 -0.586890554 3.559753333 -0.000044711 0.031115987 -0.020533980 0.999304833
1403636730.413555384 3.968821269 -0.445882224 3.073002056 -0.016547720 0.026915053 -0.016205877 0.999369362
1403636731.463555574 3.714919762 -0.448385377 2.819525691 -0.007026428 0.027253311 -0.007889433 0.999572730
1403636732.513555527 3.727086320 -0.226173851 2.729169458 0.004428667 0.031850591 -0.033611722 0.998917504
1403636733.313555479 3.600181379 -0.182504640 2.423579573 0.000540041 0.024824879 -0.029119564 0.999267474
1403636734.363555670 3.273146708 -0.153160868 1.892332491 -0.006675992 0.018905679 -0.020833925 0.999581890
1403636735.363555670 2.943590070 -0.075674509 1.488937797 -0.024516589 0.012377150 -0.013991913 0.999524872
1403636736.163555622 2.751731613 -0.176413511 1.290781449 -0.011166620 0.012182909 -0.018006703 0.999701276
1403636737.013555527 2.546902683 -0.206476862 1.137217605 -0.004022933 -0.028829512 -0.047396607 0.998451920
1403636737.763555527 2.294914187 -0.139806605 0.985150462 -0.022463217 -0.051453590 -0.027849640 0.998034233
1403636738.613555431 2.160064697 -0.310619794 0.871910334 -0.023891809 -0.026671920 -0.021293765 0.999131806
1403636739.213555574 2.206813560 -0.253138122 0.935599426 -0.007842812 0.112054586 0.040581136 0.992842098
1403636739.563555479 2.298991293 -0.178843973 0.970636052 -0.007928058 0.210398482 0.051120595 0.976246029
1403636740.363555670 2.468912430 -0.059623229 1.012704113 -0.007028495 0.240431784 0.053322460 0.969174841
1403636741.263555527 2.609219269 0.232071559 1.065551674 0.002410232 0.244055613 0.051443345 0.968392808
1403636741.963555574 2.669957707 0.478706448 1.087000698 -0.016858046 0.254172860 0.058201361 0.965258807
1403636743.013555527 2.771843611 0.631270288 1.220346656 -0.002368162 0.233731255 0.061617843 0.970343925
1403636743.313555479 2.813792613 0.721331900 1.271990709 -0.047474885 0.245582020 0.079914553 0.964908944
1403636743.813555479 2.953668838 0.773785837 1.446887466 -0.016291421 0.259770585 0.069695691 0.963014197
1403636744.363555670 3.119509793 0.962264927 1.714668607 0.003626731 0.290847506 0.084329094 0.953038918
1403636744.813555479 3.242882716 1.237281135 1.917020263 0.013594768 0.289943524 0.088906520 0.952808252
1403636745.063555479 3.310679179 1.381381349 1.990402790 -0.005355733 0.288698739 0.082675531 0.953828659
1403636745.363555670 3.388124209 1.488129412 2.057829159 -0.009000536 0.276875362 0.077286942 0.957750360
1403636746.213555574 3.528586777 1.453661078 2.137498455 -0.000833777 0.317301261 0.061214078 0.946346687
1403636746.713555574 3.434524740 1.373456809 2.149606096 -0.022591544 0.303648694 0.092231554 0.948040312
1403636747.363555670 3.358999442 1.280681881 2.227716024 -0.008744029 0.301369565 0.075248453 0.950493344
1403636747.963555574 3.298180180 1.074685071 2.320619398 -0.003714189 0.308651044 0.097830977 0.946123585
1403636748.613555431 3.276084225 0.872731037 2.420300407 -0.006656235 0.317941591 0.086032676 0.944175417
1403636749.413555384 3.324322650 0.668898990 2.483909581 0.003416715 0.330052026 0.098344080 0.938819700
1403636750.363555670 3.344482881 0.505156630 2.422020160 0.005957586 0.316186220 0.080255573 0.945277644
1403636751.063555479 3.206686306 0.212706167 2.225300218 -0.008711891 0.303775159 0.071036375 0.950051888
1403636751.813555479 3.047788588 -0.083270404 2.081344533 -0.013457086 0.281992264 0.104036453 0.953664347
1403636752.563555479 3.052345718 -0.344085739 2.002569680 -0.001044414 0.229527647 0.055182798 0.971735986
1403636753.063555479 3.043632958 -0.458520828 1.962609667 -0.011739292 0.123657809 0.001597424 0.992254193
1403636753.513555527 2.993070345 -0.440438456 1.960873361 -0.008939070 0.025848611 -0.034832254 0.999018847
1403636754.263555527 2.815362619 -0.453911207 1.936570489 0.009256339 0.021119187 -0.030148220 0.999279433
1403636754.963555574 2.547582194 -0.452886103 1.747750510 0.003175336 -0.040256385 -0.052690401 0.997794098
1403636755.363555670 2.350090645 -0.406068701 1.600214946 -0.013088091 -0.058876627 -0.057460766 0.996524212
1403636755.813555479 2.107734697 -0.391951951 1.426332181 -0.014415374 -0.054981589 -0.055626912 0.996832417
1403636756.163555622 1.899891101 -0.356773322 1.315902262 -0.004859203 -0.055078344 -0.053175436 0.997053227
1403636756.563555479 1.666253185 -0.326777538 1.163039314 -0.000664664 -0.058435698 -0.053235991 0.996870481
1403636756.963555574 1.423804540 -0.282894752 0.995691541 0.001726222 -0.063127145 -0.052040268 0.996646273
1403636757.263555527 1.247839302 -0.258679114 0.842117834 0.000920913 -0.064928854 -0.051195329 0.996575353
1403636757.463555574 1.131230881 -0.217107148 0.741712080 -0.004977863 -0.063578728 -0.058069376 0.996273514
1403636757.613555431 1.045803968 -0.187213271 0.657148516 -0.017323815 -0.070576216 -0.064665108 0.995257407
1403636757.763555527 0.951417191 -0.169619088 0.575681580 -0.034952030 -0.080783018 -0.068569828 0.993755824
1403636758.013555527 0.784503701 -0.185457562 0.451369045 -0.030231233 -0.095215827 -0.066579462 0.992767442
1403636758.163555622 0.679514438 -0.210680978 0.393726092 -0.011914794 -0.100705964 -0.063393935 0.992823023
1403636758.413555384 0.521838334 -0.195788187 0.303832843 -0.010735269 -0.105411792 -0.055833329 0.992801968
1403636758.563555479 0.419299846 -0.176933643 0.261793114 -0.043807002 -0.108909499 -0.042505408 0.992175870
1403636758.713555574 0.336202907 -0.155980592 0.231523745 -0.048411233 -0.109880058 -0.036082634 0.992109253
1403636758.913555384 0.240208946 -0.132021863 0.220682963 -0.015953812 -0.104933390 -0.046770969 0.993250691
1403636759.113555431 0.156687046 -0.100442876 0.217287654 -0.005961911 -0.107039458 -0.041238952 0.993381276
1403636759.313555479 0.093101639 -0.062169390 0.212814126 -0.008363955 -0.118768942 -0.009705049 0.992839259
1403636759.463555574 0.071095151 -0.020474712 0.215272286 -0.004125242 -0.111950359 -0.032185341 0.993183872
1403636759.713555574 0.059877718 0.048647105 0.215229169 -0.001338631 -0.105617363 -0.057718138 0.992729468
1403636760.013555527 0.056576639 0.081384428 0.179556445 -0.016200107 -0.105242543 -0.059822019 0.992513420
1403636760.213555574 0.055183032 0.108663587 0.160219885 -0.024609982 -0.104791579 -0.058522822 0.992465694
1403636760.563555479 0.056771580 0.166312753 0.143029863 -0.007334314 -0.103704052 -0.062526251 0.992613795
1403636760.763555527 0.058135184 0.205077444 0.128223707 -0.019273624 -0.101741143 -0.071170275 0.992074624
1403636761.013555527 0.046962163 0.244682522 0.110572225 -0.013754748 -0.102685257 -0.073329940 0.991911924
1403636761.163555622 0.032824914 0.271264389 0.099223450 -0.033124190 -0.104185628 -0.069686319 0.991560366
1403636761.313555479 0.014361593 0.292031475 0.094251377 -0.045902603 -0.104060972 -0.071207095 0.990956011
1403636761.513555527 -0.018879413 0.297732960 0.102796435 -0.020807595 -0.105047498 -0.068291909 0.991901347
1403636761.663555622 -0.046273026 0.293345905 0.110902381 -0.008160009 -0.106304652 -0.061432209 0.992400534
1403636761.913555384 -0.083422016 0.279052859 0.114811445 -0.009085186 -0.111281351 -0.041882477 0.992864431
1403636762.363555670 -0.120254037 0.257527857 0.107099556 -0.032722945 -0.094087435 -0.081439773 0.991687616
1403636762.563555479 -0.161309834 0.271882641 0.118634505 -0.032062128 -0.107393242 -0.040908174 0.992857106
1403636762.713555574 -0.185041578 0.300384502 0.144051996 -0.016694254 -0.113846496 -0.022747526 0.993097592
1403636762.863555670 -0.189167573 0.330766176 0.167571558 0.019892541 -0.113250757 -0.028832067 0.992948772
1403636763.063555479 -0.159864844 0.332695640 0.145238196 -0.007228146 -0.081986964 -0.028083131 0.996211438
1403636763.163555622 -0.147349885 0.329664470 0.148808960 0.017757467 -0.069918081 -0.014983170 0.997282126
1403636763.313555479 -0.146187867 0.332619012 0.154321701 0.003700979 -0.068191235 -0.010159425 0.997613675
