1403637130.538319111 0.000000000 0.000000000 1.000000000 -0.707106781 0.000000000 0.000000000 0.707106781
1403637133.788318872 0.013099865 -0.025093075 1.053593185 -0.723620282 0.016559081 -0.019191433 0.689732682
1403637134.038319111 0.012659435 -0.056017906 1.172590902 -0.728055075 0.032749365 -0.032353238 0.683971165
1403637134.338319063 0.002879220 -0.095980530 1.348261435 -0.708450611 0.037028124 -0.062575708 0.702004936
1403637134.888319016 0.025218419 -0.046213535 1.189649861 -0.740089742 0.044760149 -0.050776788 0.669092984
1403637135.088319063 0.030664768 -0.029736303 1.081373035 -0.755185438 0.050344484 -0.037160372 0.652517811
1403637135.538319111 0.028647819 -0.063876304 1.231010124 -0.745575619 0.045282618 -0.059264155 0.662234279
1403637135.788318872 0.020283451 -0.099762750 1.421361134 -0.710157318 0.052452319 -0.066527180 0.698927373
1403637136.338319063 0.029535275 -0.035106205 1.215149604 -0.746545273 0.056086356 -0.064039119 0.659866249
1403637136.538319111 0.032602271 -0.020151415 1.096944226 -0.774264891 0.060259533 -0.046194706 0.628290312
1403637136.888319016 0.026764199 -0.057408888 1.233692549 -0.765983142 0.055481771 -0.050500497 0.638467931
1403637137.088319063 0.021639520 -0.099415274 1.417919326 -0.732009228 0.067518662 -0.065524174 0.674766851
1403637137.338319063 0.023559832 -0.110836553 1.483860359 -0.705300430 0.070875394 -0.058483186 0.702927947
1403637137.588319063 0.028228175 -0.069384471 1.329200729 -0.721822835 0.061509384 -0.066122949 0.686160437
1403637137.788318872 0.035466030 -0.026353774 1.161564069 -0.757454799 0.062563964 -0.064605900 0.646663788
1403637138.038319111 0.037826342 -0.026389070 1.084283966 -0.784387190 0.057312385 -0.055123173 0.615153202
1403637138.238319159 0.039416725 -0.054384142 1.208925182 -0.773080774 0.045591692 -0.063791462 0.629442741
1403637138.438319206 0.034296931 -0.091841078 1.393315417 -0.726749046 0.051058471 -0.082867161 0.679971978
1403637138.638319016 0.030281225 -0.108529186 1.474016681 -0.700517125 0.059770324 -0.087445258 0.705731247
1403637138.938319206 0.043835452 -0.051314378 1.314883472 -0.721919434 0.064589225 -0.077329092 0.684602640
1403637139.188318968 0.046564150 0.005335625 1.123609318 -0.740595167 0.060999273 -0.044088371 0.667723074
1403637139.438319206 0.043592301 0.029247440 1.037484904 -0.745349604 0.046179554 -0.039672184 0.663888194
1403637140.038319111 0.045434396 0.040043065 1.007225134 -0.718487834 0.043839413 -0.029801980 0.693516532
1403637150.088319063 0.078410436 0.022380647 1.013322536 -0.757530993 0.022349486 -0.040917172 0.651132152
1403637150.338319063 0.121394949 0.037941703 1.075780800 -0.755189654 0.026227405 -0.058393743 0.652373268
1403637150.588319063 0.161399375 0.080733208 1.163340448 -0.738716928 0.035611721 -0.060822363 0.670320629
1403637150.988318920 0.226313297 0.170263665 1.288009116 -0.727630361 0.038227484 -0.067605757 0.681558639
1403637151.588319063 0.294603073 0.255226206 1.448155046 -0.733712410 0.037302820 -0.053774336 0.676300909
1403637152.138319016 0.377763236 0.309898031 1.582004135 -0.736083039 0.031706661 -0.056908481 0.673749117
1403637152.888319016 0.512233482 0.444300555 1.665598355 -0.731769144 0.033308698 -0.051434310 0.678792283
1403637153.488318920 0.646583511 0.545542239 1.738644085 -0.735558168 0.028215783 -0.062086751 0.674020242
1403637154.238319159 0.777482118 0.679038223 1.844687104 -0.743672637 0.041353090 -0.040068872 0.666059620
1403637154.888319016 0.981025760 0.874219466 1.802905541 -0.748257714 0.051268076 -0.077476315 0.656870915
1403637155.538319111 1.178450490 1.152356589 1.958001759 -0.718757922 0.123004082 -0.105103949 0.676173207
1403637155.988318920 1.329798155 1.349637635 1.981159566 -0.709662787 0.199846853 -0.121641637 0.664562470
1403637156.338319063 1.505753999 1.465948946 1.960941020 -0.681164619 0.283855962 -0.153177683 0.657249687
1403637156.638319016 1.691287414 1.511828462 1.924866002 -0.654595297 0.353781811 -0.192692400 0.639697636
1403637156.938319206 1.907418468 1.529561898 1.847420177 -0.645936318 0.395217461 -0.231687159 0.610647601
1403637158.288318872 3.140718386 1.294973889 1.724300053 -0.639728696 0.387736133 -0.235260708 0.620532260
1403637158.688318968 3.561911942 1.098125551 1.723718679 -0.605417948 0.448601224 -0.248633876 0.608610915
1403637158.938319206 3.817861820 0.948753500 1.662815367 -0.594080889 0.482320852 -0.268969403 0.584884563
1403637159.588319063 4.464902557 0.482815162 1.529884378 -0.596209610 0.488801853 -0.270341761 0.576647363
1403637159.988318920 4.893457173 0.150191808 1.431929693 -0.598240076 0.492259374 -0.287391656 0.563201168
1403637160.288318872 5.232304199 -0.086731080 1.360366176 -0.553278469 0.543900818 -0.314268498 0.547074170
1403637160.488318920 5.452070505 -0.247349714 1.290694369 -0.523444043 0.587548899 -0.339270236 0.515449641
1403637160.688318968 5.657185888 -0.409745985 1.195786371 -0.496621751 0.628609528 -0.362126430 0.476530530
1403637160.988318920 5.972667367 -0.626278796 1.111166751 -0.479775465 0.660023199 -0.365341885 0.448006905
1403637161.588319063 6.615632529 -1.156290646 1.177090410 -0.447471258 0.676992460 -0.355993710 0.463377989
1403637161.938319206 6.970773621 -1.549349206 1.220777583 -0.414692760 0.674579295 -0.407844472 0.454571861
1403637162.638319016 7.339016173 -2.279303067 1.046736467 -0.411563019 0.689798686 -0.387078445 0.452729424
1403637162.938319206 7.363010216 -2.625127886 0.953582848 -0.370901894 0.693444253 -0.426025123 0.447291234
1403637163.138319016 7.327698297 -2.871874323 0.864524334 -0.341481525 0.720579627 -0.449498542 0.402624428
1403637163.338319063 7.249319722 -3.096460031 0.766521003 -0.298179270 0.751491924 -0.469733039 0.354541794
1403637163.538319111 7.140819715 -3.279953761 0.654075827 -0.252904273 0.783300600 -0.466550264 0.323744421
1403637163.738319159 6.993647332 -3.459553685 0.567858443 -0.230143531 0.812316162 -0.438621386 0.307876092
1403637164.188318968 6.555486779 -3.941757070 0.478819096 -0.212526285 0.816015653 -0.438195845 0.311344558
1403637164.638319016 5.965169439 -4.516943813 0.405312859 -0.233294576 0.812994015 -0.431237938 0.314083131
1403637164.938319206 5.525555037 -4.935284224 0.279146763 -0.247786082 0.804659353 -0.454154748 0.291322585
1403637165.188318968 5.143378797 -5.277043142 0.138738092 -0.221172123 0.811464254 -0.472638652 0.263099528
1403637165.388319016 4.827796564 -5.534239232 0.034385512 -0.194772847 0.830626615 -0.469287377 0.227798863
1403637165.588319063 4.534871814 -5.779747709 -0.035699904 -0.179147900 0.846027442 -0.459964828 0.201434742
1403637165.788318872 4.253122903 -6.011945041 -0.088108112 -0.187483530 0.847745415 -0.466811103 0.168122072
1403637165.988318920 3.997075648 -6.227117761 -0.156391791 -0.207963650 0.842490901 -0.473066320 0.152211888
1403637166.388319016 3.646519464 -6.547665322 -0.356125582 -0.228268474 0.814227360 -0.501717853 0.182226524
1403637166.538319111 3.556727917 -6.624024571 -0.409495076 -0.228323005 0.798585370 -0.518221968 0.203901949
1403637166.738319159 3.443361828 -6.677771274 -0.465531737 -0.250831034 0.813862338 -0.485189652 0.198249564
1403637167.338319063 3.377645255 -6.544160087 -0.506494248 -0.302968722 0.781478596 -0.521773182 0.158914772
1403637167.538319111 3.474057087 -6.353639966 -0.437919926 -0.274531606 0.806764133 -0.487098759 0.191046667
1403637167.738319159 3.629737267 -6.127828147 -0.389067484 -0.244432974 0.821236056 -0.460339930 0.232187446
1403637167.938319206 3.771791154 -5.884021738 -0.363725277 -0.259987582 0.822631799 -0.441358910 0.246750264
1403637168.288318872 4.081354935 -5.499835979 -0.296585560 -0.279052544 0.811743524 -0.442337972 0.259883141
1403637168.588319063 4.375473610 -5.166563475 -0.338229196 -0.273061610 0.796146758 -0.465945953 0.272914028
1403637168.988318920 4.751730563 -4.706911923 -0.354283893 -0.282544977 0.803237402 -0.456494075 0.258052654
1403637169.338319063 5.108208653 -4.299056607 -0.316776133 -0.309134015 0.784000117 -0.464195145 0.272585481
1403637169.538319111 5.327275355 -4.054520767 -0.242296336 -0.343795786 0.757284285 -0.461404872 0.308918296
1403637169.688318968 5.488262898 -3.852475149 -0.170964907 -0.378149779 0.727110699 -0.461290979 0.339887348
1403637169.838319063 5.638536930 -3.641454496 -0.095203718 -0.410463169 0.699932318 -0.450624858 0.372225703
1403637170.038319111 5.835200616 -3.317416242 -0.022307271 -0.449576673 0.663009273 -0.445106557 0.400224528
1403637170.238319159 6.019766660 -2.961367085 0.038685996 -0.480321527 0.628769904 -0.434135756 0.430657386
1403637170.438319206 6.189635612 -2.541343874 0.095338234 -0.498204724 0.593807858 -0.415988627 0.475539423
1403637170.588319063 6.291377543 -2.211430030 0.122525530 -0.499663682 0.561594225 -0.397624124 0.526158899
1403637170.738319159 6.364546912 -1.892953174 0.160218174 -0.508529507 0.524304207 -0.382094314 0.566133178
1403637170.938319206 6.398292987 -1.476780090 0.180669270 -0.545308254 0.477242889 -0.346484156 0.595673452
1403637171.138319016 6.369058925 -1.103188406 0.226041513 -0.583129769 0.432574340 -0.305266851 0.616158472
1403637171.338319063 6.299063685 -0.751475674 0.304457542 -0.596274002 0.401557834 -0.287132448 0.633058906
1403637171.638319016 6.136712669 -0.314830482 0.420067747 -0.607964770 0.376328940 -0.300910261 0.631037544
1403637172.038319111 5.769998590 0.208541041 0.534212119 -0.601066475 0.380757243 -0.319955304 0.625597009
1403637172.438319206 5.207071442 0.690056767 0.598294741 -0.600015437 0.425552161 -0.262079466 0.624660858
1403637172.788318872 4.684565221 0.963185005 0.707206226 -0.596950587 0.450623787 -0.235620219 0.620541144
1403637173.038319111 4.346315981 1.082843994 0.769338581 -0.617800528 0.490794967 -0.215971929 0.575151227
1403637173.388319016 4.042122010 1.209459128 0.738003038 -0.581031578 0.550743991 -0.238102432 0.549900530
1403637173.638319016 3.940180427 1.240445544 0.683061698 -0.535050060 0.596870273 -0.259304238 0.538728710
1403637173.888319016 3.902521446 1.211338976 0.588394929 -0.505325311 0.649421540 -0.247467251 0.511525124
1403637174.138319016 3.949349907 1.080606324 0.515140050 -0.505162350 0.642261144 -0.312830881 0.484198784
1403637174.338319063 4.029547894 0.928679473 0.505664356 -0.478823041 0.625424121 -0.350565647 0.506632896
1403637174.838319063 4.167904714 0.417040459 0.529595624 -0.428178653 0.659835656 -0.378774895 0.487657182
1403637175.038319111 4.185154747 0.180955601 0.498884634 -0.403166986 0.699061799 -0.382069740 0.450323990
1403637175.338319063 4.177112132 -0.188482037 0.422317134 -0.352879096 0.709367797 -0.418174302 0.444301615
1403637175.688318968 4.051287823 -0.620229576 0.279875410 -0.349712675 0.728143973 -0.392942636 0.439435416
1403637176.288318872 3.618593521 -1.498977737 0.106093579 -0.363395932 0.703564591 -0.428937030 0.434687573
1403637176.588319063 3.301757067 -1.926905395 0.002070078 -0.360436005 0.718722545 -0.426011552 0.414774574
1403637176.838319063 3.000436321 -2.266537035 -0.101213056 -0.350349086 0.742762209 -0.414202014 0.392423892
1403637177.088319063 2.684032389 -2.601509308 -0.235293684 -0.360786082 0.763726312 -0.388393839 0.368382613
1403637177.338319063 2.406382966 -2.944751018 -0.401288938 -0.372886616 0.780586338 -0.358275020 0.351111879
1403637177.638319016 2.181158743 -3.389438046 -0.625556867 -0.392826639 0.775342836 -0.377865620 0.318980081
1403637178.038319111 2.087048853 -4.002079100 -0.861996698 -0.367443179 0.781093551 -0.415078981 0.287380956
1403637178.288318872 2.140962728 -4.333504059 -0.998819569 -0.352952818 0.786908205 -0.447082371 0.237312323
1403637178.838319063 2.586033856 -4.779229300 -1.087080011 -0.307277383 0.784594638 -0.473416776 0.256648437
1403637179.488318920 3.285271657 -4.871588270 -1.105809955 -0.299878512 0.790343145 -0.456978919 0.276768602
1403637180.188318968 4.052946808 -4.627416497 -1.206955156 -0.300322293 0.785948227 -0.466593422 0.272731524
1403637180.588319063 4.513995416 -4.321733451 -1.226231771 -0.300446983 0.808579499 -0.422160694 0.278767201
1403637180.888319016 4.877128200 -4.115038787 -1.145162655 -0.306514915 0.790911970 -0.460046338 0.262419946
1403637181.238319159 5.335001513 -3.813964249 -0.966145406 -0.292158978 0.792385560 -0.467584152 0.261023592
1403637181.488318920 5.664339258 -3.567996426 -0.766170801 -0.278693114 0.790101802 -0.475280683 0.268658823
1403637181.788318872 6.034350317 -3.243325345 -0.485216296 -0.271898242 0.799203690 -0.465133187 0.266450608
1403637182.038319111 6.335842740 -2.954035577 -0.259575221 -0.263514890 0.798776091 -0.466830545 0.273104196
1403637182.238319159 6.563797497 -2.709000548 -0.092185692 -0.253189041 0.791745432 -0.474918261 0.288941389
1403637182.488318920 6.805781992 -2.390933366 0.091613960 -0.243796264 0.780423330 -0.486248766 0.308326038
1403637182.838319063 7.019487939 -1.905893622 0.391308381 -0.245842348 0.777295064 -0.488543356 0.310965131
1403637183.288318872 7.118930117 -1.207849779 0.655650086 -0.218773098 0.785376020 -0.471899366 0.335609636
1403637183.788318872 6.878238949 -0.433680322 0.725141754 -0.205487515 0.793776938 -0.453969774 0.348718365
1403637184.188318968 6.381902532 0.043406487 0.797411447 -0.200791130 0.810868050 -0.423008687 0.351054951
1403637184.488318920 5.868939043 0.295024617 0.773099148 -0.243126024 0.812970455 -0.432230945 0.305196963
1403637184.738319159 5.431288083 0.468125489 0.709953045 -0.260812105 0.824610358 -0.409804950 0.289921896
1403637185.038319111 4.942696750 0.592138024 0.656615867 -0.270494416 0.830285424 -0.397726875 0.281553226
1403637185.338319063 4.510311840 0.605739633 0.663643836 -0.276261503 0.834659369 -0.389643977 0.274227808
1403637185.938319206 3.914224601 0.344873260 0.759774169 -0.275475143 0.814555007 -0.434102215 0.268642612
1403637187.138319016 3.132525512 -0.311454764 0.961277778 -0.228807407 0.819193930 -0.422309491 0.313405758
1403637187.438319206 2.908835600 -0.515831413 0.884578424 -0.246174714 0.830279747 -0.419107170 0.272731979
1403637187.888319016 2.618805558 -0.899319385 0.724426931 -0.244401396 0.841700798 -0.406748207 0.257611375
1403637188.788318872 2.344338582 -1.852542728 0.243380220 -0.196647748 0.831251404 -0.454288063 0.252929086
1403637189.138319016 2.234188087 -2.193441076 0.033448082 -0.177254890 0.853060587 -0.441190795 0.214986097
1403637190.038319111 1.862587642 -3.177803511 -0.457985128 -0.180323938 0.841651845 -0.464296064 0.208649499
1403637190.688318968 1.549855448 -3.851311213 -0.488793984 -0.185152628 0.837030846 -0.474198085 0.200584258
1403637191.838319063 0.960682233 -4.569582916 -0.712313039 -0.225708429 0.832235950 -0.457836727 0.216389836
1403637192.838319063 0.894525164 -4.940703807 -0.477480900 -0.224181779 0.849859342 -0.429555472 0.207276927
1403637193.688318968 1.298459379 -5.408241945 -0.344402001 -0.224893405 0.841833491 -0.443287856 0.210321672
1403637194.288318872 1.718213639 -5.798549850 -0.315686999 -0.222289833 0.835825901 -0.454912125 0.212219818
1403637194.838319063 2.199787488 -6.103440949 -0.280427297 -0.223387254 0.845835413 -0.437835297 0.207269973
1403637195.188318968 2.564258200 -6.293457643 -0.275818509 -0.213806459 0.834677668 -0.460329974 0.213766936
1403637195.738319159 3.138216966 -6.512931178 -0.285557215 -0.227593161 0.822680794 -0.465981883 0.232934645
1403637196.288318872 3.705016861 -6.602120273 -0.205717319 -0.266708260 0.789361675 -0.515153445 0.200977058
1403637196.738319159 4.254068380 -6.334866099 -0.145052568 -0.253902110 0.788354081 -0.520894269 0.206641531
1403637197.088319063 4.681843388 -5.895889851 -0.088139513 -0.238825951 0.794375124 -0.508755780 0.230429781
1403637197.288318872 4.914306925 -5.574112708 -0.014337727 -0.256211122 0.793289120 -0.485864756 0.262647428
1403637197.488318920 5.125944438 -5.236400168 0.087172034 -0.302753131 0.776475718 -0.459832526 0.306561656
1403637197.688318968 5.326579287 -4.887917157 0.222598873 -0.369781949 0.739574194 -0.438415081 0.352254934
1403637197.838319063 5.465864460 -4.624421234 0.339210265 -0.416074474 0.700578587 -0.433818478 0.384542849
1403637197.988318920 5.592639278 -4.369469547 0.468216220 -0.455040246 0.663586113 -0.427338256 0.412278862
1403637198.138319016 5.708809621 -4.089612945 0.619048249 -0.482911716 0.632123428 -0.417818569 0.438912166
1403637198.338319063 5.853597981 -3.700929521 0.854389196 -0.516387336 0.592701288 -0.404722079 0.467171639
1403637198.538319111 5.971241744 -3.287544076 1.082792235 -0.536689309 0.556554210 -0.411085447 0.482929344
1403637198.788318872 6.087052343 -2.712691847 1.280799745 -0.540908391 0.541851110 -0.416744596 0.490040232
1403637199.038319111 6.147748394 -2.073263267 1.427196070 -0.514793760 0.541110183 -0.410439918 0.523188520
1403637199.288318872 6.118867604 -1.396064667 1.574698617 -0.527202936 0.529897763 -0.379349395 0.545306759
1403637199.488318920 6.038060386 -0.870364354 1.722071890 -0.549766085 0.492212652 -0.365844863 0.567134458
1403637199.688318968 5.918589299 -0.340148586 1.862366809 -0.566668121 0.452859279 -0.339976580 0.598516198
1403637199.838319063 5.795837951 0.044949883 1.933876774 -0.572801260 0.422746966 -0.305825474 0.632182330
1403637199.988318920 5.652113997 0.424405622 1.964805848 -0.570463705 0.385581396 -0.264357042 0.675287719
1403637200.138319016 5.490278401 0.767984104 1.953917462 -0.571239590 0.335086283 -0.233631074 0.711912239
1403637200.338319063 5.228682713 1.125531728 1.900241540 -0.616457858 0.274782583 -0.215760098 0.705635757
1403637200.538319111 4.943099866 1.433599072 1.836806357 -0.663504781 0.253105891 -0.198075531 0.675621860
1403637200.888319016 4.464962074 1.849237579 1.802818508 -0.662147384 0.271875905 -0.170034555 0.677298002
1403637201.588319063 3.574150135 2.257820589 1.852078589 -0.640082699 0.372815193 -0.143181549 0.656355098
1403637202.388319016 3.170917568 1.993786192 1.757955819 -0.672296423 0.373358680 -0.180246418 0.613296050
1403637203.288318872 3.380805051 1.400382633 1.683166353 -0.662932852 0.342751614 -0.233640383 0.623260408
1403637204.988318920 3.477145412 0.867693574 1.460847918 -0.657529290 0.359430127 -0.237024467 0.618291694
1403637208.938319206 2.707020700 0.498306580 1.475886119 -0.657141446 0.344510430 -0.235855005 0.627574777
1403637209.588319063 2.537936917 0.460657004 1.411608578 -0.703298548 0.305903300 -0.199697887 0.609848405
1403637210.338319063 2.527579885 0.768026298 1.490769845 -0.750129904 0.310945674 -0.170570404 0.558143039
1403637210.838319063 2.857033340 1.415553791 1.546359717 -0.720988574 0.306208048 -0.171750223 0.597422773
1403637211.238319159 3.262262009 2.069742607 1.585359661 -0.687964823 0.308359904 -0.174262869 0.633443782
1403637211.788318872 3.884545174 2.915279830 1.588435818 -0.686336011 0.314563197 -0.176902865 0.631425570
1403637212.388319016 4.635483851 3.681192928 1.790654299 -0.665952500 0.305089631 -0.201581169 0.650225051
1403637212.988318920 5.326737811 4.298733246 2.120507353 -0.686465191 0.307481760 -0.207027230 0.625587911
1403637213.688318968 6.106639341 5.037771212 2.441478889 -0.684523754 0.293771461 -0.220190397 0.629795005
1403637214.388319016 6.721159725 5.867205518 2.669180599 -0.681330893 0.241370720 -0.202502403 0.660697485
1403637214.638319016 6.840140221 6.149221464 2.782538543 -0.689481879 0.169792436 -0.205179411 0.673562674
1403637214.988318920 6.853145285 6.505654411 2.991155863 -0.690098273 0.125502553 -0.206370194 0.682220511
1403637215.438319206 6.586982399 6.914689737 3.143569669 -0.673540946 0.120307799 -0.175868058 0.707770481
1403637215.638319016 6.385654181 7.035597193 3.190949451 -0.669693230 0.090613797 -0.142773425 0.723129219
1403637215.938319206 6.003304279 7.132370578 3.243055987 -0.702911350 0.027113753 -0.092354090 0.704734844
1403637216.188318968 5.650454352 7.132283574 3.307950156 -0.713082809 -0.007962423 -0.051837250 0.699115446
1403637216.488318920 5.247092340 7.102403411 3.335312073 -0.702494926 -0.022198100 -0.032869018 0.710582685
1403637216.938319206 4.716117000 6.936390495 3.295734907 -0.677382928 -0.013585908 -0.032013361 0.734808095
1403637217.488318920 4.213715770 6.406477858 3.162383866 -0.697468675 0.022885694 0.002715021 0.716244596
1403637217.888319016 4.011116251 5.871272720 2.956088229 -0.684686921 -0.061010428 -0.022212108 0.725939509
1403637218.288318872 3.829234407 5.169839285 2.758576968 -0.697334589 -0.114572962 0.005089439 0.707510852
1403637218.638319016 3.689284589 4.482706017 2.544420167 -0.699174267 -0.119916837 0.005417543 0.704802062
1403637218.988318920 3.554486834 3.753112480 2.289228539 -0.707399616 -0.122536093 -0.014663800 0.695956652
1403637219.388319016 3.334773419 2.924025531 1.907085252 -0.711505904 -0.119274793 -0.017998792 0.692249172
1403637219.638319016 3.160828471 2.366828251 1.714429241 -0.734436223 -0.112630921 -0.012323405 0.669153079
1403637219.988318920 2.882396643 1.628182867 1.531508078 -0.745765705 -0.108933896 -0.010829646 0.657152675
1403637220.338319063 2.557334364 0.975884513 1.459833576 -0.745473028 -0.101687043 0.000711707 0.658733029
1403637220.638319016 2.281360707 0.486718719 1.455191924 -0.738704266 -0.089807175 0.017352034 0.667794568
1403637220.988318920 2.018890229 -0.014901266 1.395900650 -0.742773520 -0.088787526 0.013567864 0.663490909
1403637221.288318872 1.824989346 -0.376740698 1.316926931 -0.751754025 -0.060404132 -0.009101332 0.656608249
1403637221.738319159 1.599213225 -0.770158167 1.137699407 -0.753950036 -0.020648979 -0.025645082 0.656106159
1403637222.188318968 1.441249374 -1.001314723 0.921266862 -0.753876870 0.043048020 -0.055032853 0.653290072
1403637222.538319111 1.373901648 -1.085201693 0.775967384 -0.727685203 0.089287024 -0.085013539 0.674740522
1403637226.188318968 1.115939095 -1.279662084 0.819068977 -0.718598324 0.067872096 -0.097358468 0.685223436
1403637227.188318968 0.753999198 -1.269192423 0.814678579 -0.732146728 0.090073115 -0.067254531 0.671807138
1403637229.488318920 0.484485471 -1.191727278 0.763215206 -0.726995431 0.104416032 -0.101176533 0.671072458
1403637229.738319159 0.451082163 -1.205846318 0.706166914 -0.728888599 0.181904077 -0.100658846 0.652303697
1403637229.988318920 0.468960850 -1.208158954 0.645247339 -0.700672462 0.234483021 -0.173188383 0.651215477
1403637230.238319159 0.489825527 -1.208205249 0.595767554 -0.689517105 0.297605997 -0.199682383 0.629383650
1403637230.938319206 0.511744936 -1.209208909 0.688739941 -0.645482625 0.394151328 -0.233351987 0.611182265
1403637231.138319016 0.533975407 -1.226949163 0.707507779 -0.626500355 0.454993170 -0.251403693 0.580753566
1403637231.338319063 0.584788734 -1.233178904 0.672942869 -0.585241910 0.522440111 -0.276888346 0.554870329
1403637231.538319111 0.652617027 -1.233266971 0.579605667 -0.531073636 0.592318957 -0.303863955 0.524200099
1403637231.738319159 0.736575518 -1.254709172 0.444662257 -0.480528024 0.654653618 -0.330444544 0.480965551
1403637231.938319206 0.838897818 -1.304244707 0.331252770 -0.435243950 0.701355478 -0.350785639 0.442281169
1403637232.288318872 1.025288775 -1.488560977 0.195784213 -0.346054180 0.746117519 -0.397592099 0.406787015
1403637232.588319063 1.141410681 -1.717084317 0.122344400 -0.287772143 0.784468699 -0.414712585 0.360290891
1403637232.838319063 1.192366299 -1.956308858 0.079674913 -0.238295123 0.828104448 -0.393266940 0.320623723
1403637233.138319016 1.227658000 -2.340186811 0.049774451 -0.238025292 0.850282727 -0.381857504 0.273034964
1403637233.688318968 1.429007638 -3.263059958 -0.169415660 -0.305367087 0.822377269 -0.427724683 0.217940737
1403637234.088319063 1.819820552 -3.873007384 -0.451131698 -0.340239392 0.778313367 -0.494860599 0.183244229
1403637234.588319063 2.666561771 -4.151077089 -0.716812353 -0.313907983 0.767520996 -0.507235771 0.234702304
1403637234.788318872 3.075345409 -4.104787951 -0.795243446 -0.311932800 0.758955010 -0.495948468 0.284113250
1403637234.988318920 3.457714680 -4.010401689 -0.857652644 -0.320012114 0.748064319 -0.474992830 0.335222065
1403637235.238319159 3.893729335 -3.851300515 -0.897725399 -0.358655628 0.721220185 -0.464152157 0.368470297
1403637235.688318968 4.560311469 -3.492526158 -0.874206458 -0.419092717 0.710843581 -0.413440454 0.384876200
1403637235.888319016 4.851078563 -3.327492849 -0.803734845 -0.443316339 0.671724357 -0.439521829 0.398845300
1403637236.088319063 5.130239593 -3.118434665 -0.707681982 -0.477452889 0.634709298 -0.451435743 0.406679993
1403637236.288318872 5.386349807 -2.849815061 -0.569103485 -0.505902960 0.605147500 -0.445280240 0.423773768
1403637236.488318920 5.629150254 -2.531506944 -0.377543376 -0.522437459 0.582332281 -0.426537529 0.453887599
1403637236.688318968 5.845324184 -2.179664090 -0.170092286 -0.524380475 0.567746972 -0.418044888 0.477416972
1403637236.838319063 5.984488936 -1.878883681 -0.020121828 -0.520649087 0.550564819 -0.419158804 0.500108794
1403637236.988318920 6.106462364 -1.568516363 0.156869021 -0.512020798 0.527282420 -0.419990316 0.532368375
1403637237.138319016 6.175370640 -1.251749190 0.331108465 -0.496115111 0.504635417 -0.422856853 0.566043262
1403637237.338319063 6.171051220 -0.825430393 0.575456544 -0.500442663 0.485558064 -0.401773452 0.593606436
1403637237.538319111 6.078120088 -0.439413864 0.824536466 -0.510580057 0.474793636 -0.381532403 0.606887168
1403637237.738319159 5.887284816 -0.095553071 1.082054136 -0.510372025 0.473753278 -0.361044050 0.620262381
1403637238.038319111 5.473162278 0.332550309 1.425978456 -0.509883487 0.513347164 -0.326282776 0.608303435
1403637238.338319063 4.985341505 0.647170585 1.648004800 -0.466236233 0.602301203 -0.291359939 0.578762838
1403637238.588319063 4.571442623 0.761123360 1.772851011 -0.402330661 0.675536530 -0.293611212 0.543666158
1403637238.788318872 4.223687812 0.745940205 1.799797787 -0.385160274 0.728510219 -0.263584784 0.501445397
1403637238.938319206 3.984477188 0.656614857 1.809784902 -0.391842892 0.758961099 -0.230045104 0.466386588
1403637239.138319016 3.724432190 0.416479510 1.790531362 -0.410542715 0.769251705 -0.237149089 0.428330251
1403637239.488318920 3.452979030 -0.251743330 1.720297660 -0.382590033 0.771069471 -0.317810747 0.397584037
1403637239.788318872 3.343685686 -0.916699663 1.492132612 -0.318590618 0.793817907 -0.376381486 0.355935564
1403637240.038319111 3.286856012 -1.462187194 1.206064643 -0.261354835 0.799518864 -0.445557661 0.306498951
1403637240.288318872 3.216083179 -2.007222453 0.923499798 -0.207927732 0.827159574 -0.457192932 0.252086734
1403637240.488318920 3.147387485 -2.429472631 0.681159186 -0.198932719 0.852276864 -0.436370071 0.208880544
1403637240.888319016 3.070377625 -3.303100794 0.292791574 -0.198731929 0.844155414 -0.460038372 0.190451970
1403637241.338319063 3.089232050 -4.231441624 -0.084202064 -0.214156168 0.832132798 -0.473101120 0.194595664
1403637241.688318968 3.181872968 -4.841245405 -0.362913284 -0.234646582 0.814688174 -0.497224663 0.184368642
1403637242.088319063 3.398500833 -5.353604434 -0.518831621 -0.207791194 0.798055974 -0.522115210 0.217543537
1403637242.938319206 3.913581419 -5.569407849 -0.497999067 -0.246843946 0.775964469 -0.526979247 0.243392855
1403637243.438319206 4.232873104 -5.149273240 -0.326234361 -0.266520605 0.784819291 -0.498239822 0.254524120
1403637243.788318872 4.435597515 -4.720572184 -0.181261357 -0.254658727 0.804631649 -0.465270192 0.266909143
1403637244.138319016 4.608579968 -4.313595557 0.048908601 -0.238142730 0.817969579 -0.444802371 0.276341562
1403637244.688318968 4.799981121 -3.830277207 0.519944530 -0.279587400 0.810098541 -0.439365404 0.269312608
1403637245.038319111 4.950832130 -3.575853928 0.759551004 -0.308229867 0.801125328 -0.423488445 0.289568809
1403637245.588319063 5.326348592 -3.269072980 0.980878630 -0.325439212 0.792952844 -0.422114233 0.295185841
1403637245.838319063 5.554838547 -3.164171601 1.030783848 -0.351532117 0.765880571 -0.425940157 0.329282712
1403637246.038319111 5.754959178 -3.067826625 1.055495511 -0.386922491 0.724418017 -0.430056461 0.374914608
1403637246.238319159 5.950326349 -2.956529399 1.070280098 -0.437584604 0.673685736 -0.415078872 0.427055938
1403637246.438319206 6.133350091 -2.839996203 1.061961852 -0.497449615 0.608510982 -0.396555988 0.474343350
1403637246.588319063 6.255152778 -2.730858170 1.049965538 -0.533246569 0.553615949 -0.389878697 0.507101645
1403637246.738319159 6.366070649 -2.604926574 1.037290305 -0.558265069 0.502560503 -0.379627966 0.540051536
1403637246.938319206 6.471144772 -2.421934543 1.041097514 -0.593091641 0.446924172 -0.352464862 0.569446759
1403637247.188318968 6.538140680 -2.189958356 1.062880891 -0.631192340 0.423416221 -0.309004216 0.571691638
1403637247.538319111 6.600843752 -1.821007062 1.068441874 -0.607694410 0.409392418 -0.315099586 0.603172946
1403637247.938319206 6.534483016 -1.395349084 1.038901054 -0.625889208 0.363835446 -0.316453247 0.612979454
1403637248.238319159 6.340221852 -1.080664149 1.040400778 -0.654802184 0.338063607 -0.271057481 0.619253534
1403637248.588319063 6.067917493 -0.702787828 1.036180607 -0.655443148 0.324374612 -0.258619439 0.631103301
1403637249.238319159 5.434825022 -0.051561623 1.162567230 -0.661637109 0.345338694 -0.259773425 0.612776705
1403637249.638319016 5.011643879 0.355050055 1.276473393 -0.658022396 0.348825153 -0.259210237 0.614928933
1403637249.988318920 4.617338274 0.729198834 1.282442556 -0.654392906 0.329555285 -0.251765117 0.632279657
1403637250.338319063 4.178261097 1.063334995 1.335876731 -0.670933935 0.309907791 -0.203790556 0.642085840
1403637250.738319159 3.718926612 1.398274644 1.349869537 -0.683635026 0.300028434 -0.177687481 0.641134346
1403637251.288318872 3.271701723 1.709210638 1.509494353 -0.691024505 0.286477207 -0.153021690 0.645755609
1403637251.638319016 3.101703034 1.823831113 1.669171341 -0.696563241 0.235837128 -0.157632136 0.659039157
1403637252.138319016 2.932285925 1.929810171 1.790475120 -0.689661425 0.196990447 -0.164868987 0.677037739
1403637254.588319063 2.371578577 1.565055161 1.740699382 -0.717555792 0.168508643 -0.151025352 0.658718351
1403637255.388319016 2.077918873 1.344183478 1.687029207 -0.711539666 0.136367000 -0.126522007 0.677574739
1403637255.838319063 1.864935071 1.188069027 1.625726936 -0.728913468 0.066042854 -0.099021135 0.674179733
1403637256.238319159 1.653786933 1.018377060 1.634412002 -0.732409409 0.014030078 -0.074663538 0.676612866
1403637256.888319016 1.278305174 0.786916413 1.540920736 -0.741168413 0.030876124 -0.052642581 0.668539309
1403637257.388319016 1.006232898 0.604410200 1.472425662 -0.736837639 -0.010022928 -0.054389603 0.673803834
1403637257.938319206 0.690663921 0.434161975 1.411332055 -0.753600055 -0.030115706 -0.037267217 0.655584592
1403637258.188318968 0.542356404 0.401731313 1.362824327 -0.749735429 -0.067350171 -0.014622100 0.658138993
1403637258.438319206 0.394680891 0.385112952 1.338924831 -0.736691690 -0.101773438 0.001736257 0.668524125
1403637258.888319016 0.156871722 0.395769152 1.239219007 -0.732028393 -0.108264490 0.021312193 0.672278977
1403637259.738319159 -0.117125522 0.356827631 1.256822572 -0.733126090 -0.093285612 0.030393175 0.672978593
1403637260.538319111 -0.113401734 0.325176808 1.137145050 -0.735022134 -0.114747766 -0.006201049 0.668234210
1403637261.038319111 -0.145028923 0.320044292 1.019108278 -0.730430145 -0.111288998 0.004979339 0.673841056
1403637261.388319016 -0.188442501 0.317702610 0.946947509 -0.743060430 -0.110734928 0.004406406 0.659984513
1403637261.938319206 -0.275440765 0.346243290 0.946237004 -0.736099950 -0.107449536 0.007227139 0.668250873
1403637262.388319016 -0.317876148 0.385845034 0.901670969 -0.713702491 -0.098635712 0.016200495 0.693280099
1403637262.488318920 -0.310922652 0.387027496 0.899557455 -0.727349412 -0.064366677 0.011619872 0.683143281
