1403638522.077829361 0.889764786 0.305070728 -2.417996645 -0.593876123 -0.589396179 -0.383094966 0.391358525
1403638522.327829599 0.883344948 0.307349473 -2.369649410 -0.586918354 -0.587153733 -0.380882621 0.407069862
1403638524.877829313 0.935947001 0.343111485 -1.980733752 -0.560000002 -0.590236068 -0.396057516 0.425628871
1403638525.927829504 0.929509997 0.329511881 -2.313855410 -0.572434068 -0.612083137 -0.366971910 0.403738856
1403638526.277829409 1.019925952 0.315434307 -2.300258398 -0.589131713 -0.599484742 -0.374190241 0.391820967
1403638528.877829313 1.092449665 0.541710854 -2.253087282 -0.630339980 -0.528131545 -0.413789570 0.390546918
1403638530.027829409 0.956946433 0.336008221 -2.359264135 -0.633588016 -0.553679407 -0.410282731 0.351672560
1403638531.027829409 0.981198251 0.413231552 -2.429533243 -0.655307710 -0.537459850 -0.405555367 0.342393845
1403638533.527829409 0.977416277 0.413115621 -2.431638002 -0.646666110 -0.535735309 -0.417586803 0.347033054
1403638536.027829409 0.977397382 0.412962317 -2.431581497 -0.646818399 -0.535628855 -0.417315513 0.347239792
1403638538.527829409 0.977428973 0.413215399 -2.431200504 -0.647059441 -0.535488725 -0.417168021 0.347184092
1403638539.677829266 0.984054923 0.480646998 -2.287416697 -0.632528186 -0.526711643 -0.433783412 0.366490096
1403638542.177829266 0.509292483 1.567495227 -2.004643679 -0.460920393 -0.684761047 -0.318836540 0.465830475
1403638543.027829409 -0.069196880 1.893632412 -1.885792732 -0.383969784 -0.727991998 -0.273842186 0.497599661
1403638543.427829504 -0.389275134 1.965770483 -1.806805491 -0.390288115 -0.726519644 -0.269182086 0.497378677
1403638543.527829409 -0.471575081 1.984356284 -1.798833251 -0.383974433 -0.730521202 -0.264759958 0.498803288
1403638545.477829456 -2.269371033 2.381606579 -1.635495782 -0.263684183 -0.776218653 -0.181498900 0.543151379
1403638545.877829313 -2.625596523 2.460542202 -1.648158789 -0.207465366 -0.796763897 -0.141061291 0.549751997
1403638546.127829552 -2.844726086 2.507206202 -1.607325912 -0.153022736 -0.810964406 -0.115732625 0.552744806
1403638546.527829409 -3.206774235 2.572128296 -1.602319956 -0.133372799 -0.815557837 -0.091071717 0.555682600
1403638546.627829552 -3.299270868 2.586331129 -1.606208205 -0.127348334 -0.816627026 -0.088399634 0.555957139
1403638548.677829266 -5.617634296 2.504544258 -1.587383866 -0.039000288 -0.828244209 -0.030104991 0.558197379
1403638548.777829409 -5.750413895 2.485116720 -1.577580929 -0.033386935 -0.828454792 -0.026406428 0.558435977
1403638549.177829266 -6.290064335 2.403640509 -1.482025146 -0.028702822 -0.828122020 -0.020786574 0.559426546
1403638549.577829361 -6.844284534 2.321789503 -1.329885006 -0.036265779 -0.825210750 -0.015312592 0.563451588
1403638549.977829456 -7.401581287 2.256114244 -1.198740125 -0.038000692 -0.825832665 -0.016012600 0.562405646
1403638550.277829409 -7.837153435 2.223049164 -1.029750824 -0.037796948 -0.826598048 -0.014453000 0.561336100
1403638550.677829266 -8.416561127 2.202504158 -0.801876545 -0.041368652 -0.821188986 -0.006965080 0.569112360
1403638550.877829313 -8.699052811 2.208587885 -0.719223738 -0.042622000 -0.813609183 -0.005793293 0.579818785
1403638551.277829409 -9.202116013 2.256239414 -0.576150775 -0.047451090 -0.802738547 -0.000614370 0.594439983
1403638554.027829409 -9.866067886 4.377856255 0.063981943 -0.146001980 -0.784278154 -0.103410065 0.594051898
1403638556.177829266 -8.065240860 5.709959984 0.317983568 -0.196066231 -0.801064789 -0.121869415 0.552269101
1403638558.477829456 -6.835054398 7.912301540 0.635340631 -0.197686702 -0.821192682 -0.124146938 0.520720720
1403638560.377829313 -7.120378017 10.089962006 0.666627407 -0.272460997 -0.768460631 -0.187189490 0.547899187
1403638563.227829456 -6.108267307 11.506359100 0.357840687 -0.619676650 -0.521042764 -0.415670753 0.414407134
1403638563.377829313 -5.993591785 11.506296158 0.335456103 -0.623262703 -0.504172087 -0.432305962 0.412874877
1403638563.727829456 -5.695440769 11.441519737 0.273053944 -0.627328336 -0.499218106 -0.435826898 0.409017652
1403638564.327829599 -5.065115929 11.135115623 0.279692113 -0.613895953 -0.511422575 -0.429958373 0.420374364
1403638566.927829504 -1.141604543 7.869493484 -0.807250679 -0.631125093 -0.556829989 -0.399485528 0.363363206
1403638567.327829599 -0.616280854 7.403774261 -1.164863467 -0.605025530 -0.541254878 -0.435263187 0.389272839
1403638567.677829266 -0.203293383 7.017717838 -1.469411373 -0.612392306 -0.544250906 -0.432527214 0.376413137
1403638567.827829599 -0.043391615 6.858744144 -1.567930341 -0.616856992 -0.547453225 -0.428692013 0.368789315
1403638569.577829361 1.049617410 5.831795216 -2.076307535 -0.617201030 -0.552974999 -0.433742195 0.353764534
1403638572.527829409 2.238408804 4.846979141 -2.572065592 -0.799629867 -0.228827387 -0.525088489 0.180311218
1403638573.477829456 3.337750435 4.230853558 -2.501832247 -0.806488454 -0.232809007 -0.522920132 0.148090497
1403638573.677829266 3.605217695 4.162996292 -2.455574751 -0.807310224 -0.232215852 -0.523476243 0.142472938
1403638573.827829599 3.812061310 4.127618313 -2.410260916 -0.805168748 -0.222191066 -0.533375502 0.133585900
1403638573.927829504 3.952040911 4.110733509 -2.383864403 -0.801930964 -0.207052469 -0.546097040 0.125754148
1403638574.677829266 4.914232254 3.931929111 -2.325564146 -0.813364267 -0.031833701 -0.578303933 0.054679800
1403638574.877829313 5.141118050 3.849421263 -2.289830208 -0.819473028 -0.028110608 -0.571553886 0.031624056
1403638575.227829456 5.528196812 3.704897881 -2.264109850 -0.825929344 -0.017415622 -0.561727226 0.044720050
1403638575.527829409 5.869273186 3.559067249 -2.286080360 -0.832186937 -0.025733596 -0.551936388 0.046570990
1403638575.977829456 6.438235760 3.323260307 -2.253314495 -0.837975502 -0.049426645 -0.542617917 0.030330747
1403638576.277829409 6.865902901 3.195912361 -2.153815746 -0.834501982 -0.052364111 -0.547839344 0.027138898
1403638576.577829361 7.323236465 3.102783680 -2.087048292 -0.834491670 -0.064221799 -0.547203481 0.008216456
1403638576.677829266 7.480452061 3.084148645 -2.073917866 -0.834020555 -0.066834189 -0.547654331 0.004195561
1403638577.027829409 8.038475037 3.082471848 -2.061742306 -0.821414471 -0.057595551 -0.567129195 0.018046068
1403638577.377829313 8.574212074 3.138963699 -2.024628401 -0.820354283 -0.058467653 -0.568631411 0.016089590
1403638577.527829409 8.796407700 3.177570343 -1.987623930 -0.820583880 -0.061792389 -0.568047464 0.012077375
1403638577.977829456 9.441170692 3.354126215 -1.947697282 -0.822094023 -0.059195384 -0.565926015 0.019623786
1403638578.477829456 10.137130737 3.620881557 -1.878831148 -0.820734382 -0.044449281 -0.567894220 0.043767124
1403638578.677829266 10.404287338 3.717636585 -1.867539167 -0.820012808 -0.044507314 -0.569092393 0.041618720
1403638578.777829409 10.535244942 3.763173103 -1.865343690 -0.819604874 -0.048837565 -0.569765389 0.035075542
1403638579.127829552 10.982848167 3.934937000 -1.853710294 -0.818114936 -0.057863526 -0.571587265 0.025056271
1403638581.727829456 12.903376579 5.055913448 -1.884939313 -0.730826080 -0.356238812 -0.526642740 0.248263478
1403638584.377829313 12.680806160 5.632137775 -1.145741463 -0.714138210 -0.347356290 -0.553613603 0.250723690
1403638586.727829456 10.970711708 5.866122246 -0.901136220 -0.732428730 -0.352382779 -0.531355262 0.238822460
1403638589.627829552 8.364417076 6.160998821 -1.208463192 -0.735226214 -0.346332580 -0.528002262 0.246393591
1403638589.827829599 8.169751167 6.159690857 -1.198746681 -0.738203645 -0.346681207 -0.524406612 0.244673833
1403638591.277829409 6.853626251 6.100815773 -1.256813526 -0.756437182 -0.349639922 -0.500673115 0.234267607
1403638592.427829504 6.400506496 6.439064503 -1.241058707 -0.736563146 -0.356613100 -0.504302979 0.275645524
1403638595.127829552 6.488516331 7.431329727 -0.229805261 -0.694288313 -0.423681438 -0.494352221 0.306714386
1403638595.627829552 6.372100830 7.446151733 -0.210458249 -0.695810437 -0.424379915 -0.493191957 0.304156661
1403638596.077829361 6.254605293 7.434761047 -0.221901268 -0.689571083 -0.433768123 -0.502363443 0.289772362
1403638596.527829409 6.036811829 7.443348885 -0.246645078 -0.669980943 -0.458999664 -0.524894416 0.254815131
1403638596.927829504 5.618845463 7.534795284 -0.130481943 -0.658732891 -0.470441282 -0.536544025 0.238488078
1403638597.327829599 4.947993279 7.713400364 -0.025698468 -0.656341314 -0.462903291 -0.543664157 0.243651271
1403638597.727829456 4.061518669 7.934414864 -0.010553971 -0.664071798 -0.438945174 -0.538354397 0.276605248
1403638597.827829599 3.818571806 7.987301350 -0.019234713 -0.659289777 -0.447885484 -0.539787829 0.270859122
1403638598.027829409 3.304210424 8.089076996 -0.044650856 -0.649659514 -0.463517517 -0.539486587 0.268418133
1403638598.227829456 2.747054577 8.187370300 -0.051517487 -0.659864664 -0.454828590 -0.518168151 0.298682630
1403638598.527829409 1.889471292 8.313176155 -0.064922750 -0.671695173 -0.451290458 -0.496764928 0.313667208
1403638598.627829552 1.606222391 8.349872589 -0.084178805 -0.670618117 -0.457181752 -0.491659731 0.315478921
1403638598.727829456 1.325363159 8.385627747 -0.105324253 -0.664882004 -0.465897173 -0.488036186 0.320456743
1403638599.027829409 0.494065970 8.480981827 -0.139892966 -0.638980389 -0.501471877 -0.469989687 0.345455885
1403638599.127829552 0.220133096 8.509672165 -0.140781254 -0.627543330 -0.515446424 -0.463735998 0.354194075
1403638599.227829456 -0.053441230 8.534545898 -0.136879250 -0.616187751 -0.529930174 -0.456096709 0.362577677
1403638599.327829599 -0.326315194 8.557960510 -0.126320273 -0.605537951 -0.544418752 -0.446240783 0.371215791
1403638599.727829456 -1.395416975 8.635846138 -0.066006936 -0.587050557 -0.576144695 -0.421618193 0.381663591
1403638599.827829599 -1.657186985 8.656757355 -0.067294411 -0.588143528 -0.575965524 -0.420081526 0.381945580
1403638600.427829504 -3.128746748 8.833778381 -0.151184812 -0.627805173 -0.546073675 -0.378530264 0.405437022
1403638600.877829313 -3.951792717 9.044283867 -0.140612349 -0.632615447 -0.555406630 -0.373726875 0.389421880
1403638600.977829456 -4.097648621 9.106339455 -0.125740826 -0.624875188 -0.566683590 -0.383704454 0.375728041
1403638601.077829361 -4.237008572 9.175636292 -0.116255067 -0.619592667 -0.572831750 -0.389814228 0.368800312
1403638601.227829456 -4.438441277 9.292298317 -0.110429950 -0.609741211 -0.577274263 -0.402773440 0.364339978
1403638601.627829552 -4.978382111 9.657730103 -0.088858888 -0.571151197 -0.589935005 -0.404474884 0.402694792
1403638601.727829456 -5.114487171 9.751912117 -0.070404544 -0.553473353 -0.605002999 -0.397071749 0.412277400
1403638601.827829599 -5.252235889 9.843718529 -0.044444162 -0.531450748 -0.622159123 -0.389013767 0.423256904
1403638602.227829456 -5.816692829 10.182777405 0.053872388 -0.465321332 -0.669139743 -0.361306965 0.452973872
1403638605.027829409 -6.954970360 8.924510956 0.395967484 -0.298259646 -0.768072486 -0.198107719 0.530903995
1403638605.727829456 -6.910835743 8.217622757 0.476687431 -0.265683442 -0.770298123 -0.241432339 0.527032912
1403638606.177829266 -7.014111042 7.686458111 0.544919014 -0.260981649 -0.774134576 -0.251684129 0.518902183
1403638606.727829456 -7.311264992 6.903262615 0.484587103 -0.291251570 -0.789809585 -0.197531685 0.502349079
1403638606.877829313 -7.423701286 6.703084946 0.442008376 -0.275895864 -0.799403965 -0.180284888 0.502326846
1403638607.177829266 -7.700790882 6.354433060 0.400190026 -0.232135445 -0.808467984 -0.141385168 0.522018075
1403638607.327829599 -7.854648590 6.206582069 0.391615927 -0.215961918 -0.799269915 -0.134799883 0.544387043
1403638607.677829266 -8.206599236 5.904366970 0.308912158 -0.207017884 -0.794451952 -0.125821233 0.556919038
1403638607.977829456 -8.483160973 5.686758041 0.194365442 -0.214153588 -0.794456303 -0.121457249 0.555180669
1403638609.277829409 -9.273185730 4.995559692 -0.520423651 -0.218503028 -0.781989992 -0.126004383 0.569974661
1403638609.427829504 -9.311814308 4.934954643 -0.588502228 -0.217393294 -0.783110261 -0.128074303 0.568397224
1403638609.827829599 -9.375324249 4.801916599 -0.828780949 -0.213613600 -0.786646724 -0.134579629 0.563422143
1403638610.327829599 -9.386050224 4.680606365 -1.048226833 -0.212020278 -0.776499569 -0.137492210 0.577227533
1403638610.677829266 -9.321211815 4.606801033 -1.240522742 -0.207837775 -0.763859987 -0.143402487 0.593933702
1403638610.927829504 -9.219132423 4.544765472 -1.364076376 -0.211652026 -0.777450264 -0.134064689 0.576889336
1403638611.227829456 -9.057423592 4.480283260 -1.492192864 -0.209554434 -0.773275435 -0.133285478 0.583409965
1403638611.527829409 -8.844173431 4.416038513 -1.605879545 -0.192252040 -0.779601276 -0.158744931 0.574509501
1403638611.877829313 -8.569394112 4.297607899 -1.700013399 -0.207153201 -0.785131931 -0.141845360 0.566158473
1403638612.227829456 -8.287817955 4.175464630 -1.806642890 -0.215678006 -0.786531329 -0.133224189 0.563118875
1403638612.627829552 -7.960645676 4.069788456 -1.875632882 -0.210771352 -0.784536541 -0.146658510 0.564419270
1403638612.927829504 -7.709177971 3.987588406 -1.972104073 -0.210380256 -0.780317545 -0.156481236 0.567766190
1403638613.277829409 -7.412510395 3.863038063 -2.028162479 -0.216280431 -0.783232272 -0.152058586 0.562715054
1403638613.777829409 -6.992859840 3.662879229 -2.072567940 -0.229484051 -0.769416392 -0.155877888 0.575358808
1403638614.127829552 -6.658870220 3.511174440 -2.184798241 -0.270122528 -0.757817566 -0.187346071 0.563602567
1403638614.577829361 -6.186429024 3.296857357 -2.282061100 -0.324232936 -0.744747698 -0.214759991 0.542311788
1403638614.727829456 -6.025375843 3.229776621 -2.278895855 -0.345116585 -0.736786604 -0.216583088 0.539566338
1403638615.077829361 -5.619252205 3.101880312 -2.206316710 -0.414385051 -0.711941779 -0.245288342 0.511133730
1403638615.227829456 -5.431589603 3.067385197 -2.156343937 -0.439652562 -0.691955924 -0.282253265 0.498232603
1403638615.327829599 -5.304812431 3.047930479 -2.121612549 -0.458327621 -0.676294386 -0.305101186 0.489361733
1403638615.427829504 -5.178115845 3.028796673 -2.092386246 -0.478609562 -0.659608901 -0.325158536 0.479709297
1403638615.827829599 -4.686056614 2.948395729 -2.003562450 -0.534824014 -0.613466740 -0.368105561 0.449577868
1403638615.927829504 -4.566712856 2.924221516 -1.974038243 -0.544190645 -0.604918897 -0.372256488 0.446491659
1403638616.327829599 -4.083650112 2.814672709 -1.943605304 -0.588537574 -0.564787030 -0.399978191 0.417919517
1403638616.627829552 -3.720253944 2.725269794 -2.040026903 -0.622729540 -0.534738302 -0.415816247 0.391611755
1403638616.877829313 -3.416465759 2.659436226 -2.146193266 -0.649768829 -0.531043053 -0.392891645 0.376071751
1403638617.477829456 -2.635823727 2.650039434 -2.227714539 -0.632906437 -0.550158381 -0.406090945 0.363105267
1403638617.977829456 -2.025635004 2.806584358 -2.085100889 -0.621444106 -0.557673872 -0.410379529 0.366600275
1403638618.277829409 -1.692845225 2.965362072 -1.994225740 -0.619261563 -0.559826732 -0.408777267 0.368795902
1403638618.527829409 -1.434277058 3.123504400 -1.948004246 -0.616060495 -0.561213851 -0.409905195 0.370791376
1403638619.277829409 -0.762067020 3.719375610 -1.828595281 -0.653851748 -0.494445056 -0.459927976 0.341274589
1403638619.377829313 -0.682825565 3.799936533 -1.835511208 -0.667434096 -0.473579466 -0.470854759 0.329469383
1403638621.927829504 1.199654698 4.839196205 -2.106449127 -0.676366985 -0.431383371 -0.505508840 0.317642689
1403638623.727829456 1.521469474 4.107403278 -2.146729469 -0.686815560 -0.425562203 -0.497667968 0.315448672
1403638624.227829456 1.454877496 3.658748388 -2.094265223 -0.694519162 -0.422530532 -0.491896003 0.311688036
1403638624.727829456 1.379499793 3.180890799 -2.138309717 -0.687219501 -0.413603961 -0.502821743 0.322228849
1403638625.127829552 1.303893328 2.750207186 -2.136959791 -0.686444044 -0.434861004 -0.483959883 0.324766487
1403638625.527829409 1.234240770 2.314024925 -2.143516064 -0.684512675 -0.438433439 -0.480425179 0.329257190
1403638625.927829504 1.188107610 1.884654760 -2.098388672 -0.692539871 -0.444180608 -0.470037580 0.319619954
1403638626.277829409 1.173577309 1.535639763 -2.108425379 -0.693392158 -0.443389744 -0.470786422 0.317762703
1403638626.527829409 1.172461033 1.303957939 -2.143952608 -0.686407506 -0.448293269 -0.480482370 0.311471820
1403638626.977829456 1.159838080 0.942148447 -2.183024645 -0.695439100 -0.453929335 -0.466083199 0.305088848
1403638627.427829504 1.159056425 0.686946869 -2.204640865 -0.692589700 -0.456731975 -0.468306363 0.303981513
1403638627.677829266 1.161834598 0.586932182 -2.237639189 -0.688806832 -0.454906881 -0.474581331 0.305577278
1403638628.077829361 1.153722525 0.471255600 -2.298211575 -0.688793898 -0.455758303 -0.476261675 0.301698864
1403638628.377829313 1.132084370 0.418957829 -2.328678846 -0.691602647 -0.454773724 -0.474209905 0.299986124
1403638628.827829599 1.093891263 0.385220289 -2.342174530 -0.691065907 -0.437479556 -0.476025909 0.323170096
1403638629.127829552 1.085806251 0.357098877 -2.371581554 -0.686939776 -0.445423096 -0.482309997 0.311591148
1403638629.477829456 1.065478802 0.333501279 -2.381105900 -0.693044603 -0.451324224 -0.474144548 0.301964432
1403638629.977829456 1.047791481 0.354837865 -2.385648251 -0.688787460 -0.431614906 -0.482507795 0.326292306
1403638630.327829599 1.055052280 0.353804201 -2.481655598 -0.687407196 -0.444961548 -0.485381842 0.306406856
1403638630.427829504 1.051883698 0.363473862 -2.481314659 -0.696328878 -0.444531500 -0.469468266 0.311636895
1403638630.677829266 1.050201893 0.389374882 -2.490773439 -0.696863830 -0.457153112 -0.464328587 0.299651206
1403638630.777829409 1.054852605 0.389373988 -2.493524313 -0.697795391 -0.466070890 -0.459373057 0.291266233
1403638631.277829409 1.046832681 0.365666986 -2.493088007 -0.697532475 -0.464436829 -0.458420902 0.295968413
