1703614215.939735 -0.723216 -0.253682 73.293892 -0.151365 -0.687880 -0.075640 0.705825
1703614229.016107 -1.494488 -0.268802 73.331909 -0.146040 -0.688233 -0.072305 0.706951
1703614230.083540 -2.853543 -0.258179 73.342369 -0.145677 -0.693330 -0.082123 0.700947
1703614231.084273 -4.220792 -0.234487 73.371422 -0.145564 -0.694932 -0.089729 0.698448
1703614232.084985 -5.437550 -0.226831 73.426201 -0.140211 -0.693062 -0.089892 0.701374
1703614233.085712 -6.399558 -0.236792 73.463379 -0.134567 -0.696929 -0.088662 0.698799
1703614234.086458 -7.163251 -0.210227 73.499344 -0.135095 -0.694433 -0.092789 0.700644
1703614235.087198 -7.828318 -0.198939 73.539604 -0.132727 -0.693717 -0.095592 0.701429
1703614236.087987 -8.512044 -0.189751 73.569000 -0.130785 -0.695839 -0.096365 0.699583
1703614237.088769 -9.342893 -0.177487 73.606522 -0.129663 -0.692862 -0.099169 0.702349
1703614238.223449 -10.348953 -0.160023 73.604942 -0.124624 -0.697084 -0.102559 0.698587
1703614239.224348 -11.299164 -0.149525 73.570984 -0.116913 -0.702997 -0.108890 0.693015
1703614240.225016 -12.247663 -0.135565 73.568909 -0.103553 -0.704725 -0.124277 0.690793
1703614241.225697 -13.110185 -0.139942 73.611755 -0.067556 -0.671297 -0.159921 0.720571
1703614242.226387 -13.860100 -0.133469 73.695053 -0.027708 -0.645928 -0.200460 0.736088
1703614243.227067 -14.603315 -0.166663 73.813957 0.031011 -0.616130 -0.254106 0.744884
1703614244.227689 -15.301978 -0.168495 73.859299 0.091583 -0.602708 -0.314292 0.727720
1703614245.228440 -16.050207 -0.200301 73.948341 0.148805 -0.575306 -0.360179 0.719133
1703614246.229118 -16.918430 -0.244381 74.024658 0.202715 -0.547893 -0.407823 0.701713
1703614247.296458 -17.916117 -0.337348 74.108139 0.251706 -0.523451 -0.436501 0.687102
1703614248.297076 -18.877924 -0.455535 74.185059 0.300982 -0.486431 -0.466513 0.674656
1703614249.297708 -19.833473 -0.548608 74.224792 0.342849 -0.463556 -0.495334 0.649781
1703614250.431900 -20.858326 -0.615828 74.241043 0.380559 -0.438530 -0.525661 0.621729
1703614251.432600 -21.697084 -0.656659 74.230202 0.422874 -0.405250 -0.553810 0.591814
1703614252.433270 -22.585588 -0.681459 74.223557 0.457976 -0.374880 -0.584593 0.554954
1703614253.433890 -23.530617 -0.738999 74.199745 0.491948 -0.335568 -0.607982 0.525109
1703614254.434886 -24.496881 -0.761039 74.186211 -0.519982 0.300202 0.634098 -0.487254
1703614255.435615 -25.447151 -0.795183 74.154907 -0.543236 0.270291 0.645247 -0.464212
1703614256.436302 -26.361143 -0.804896 74.129059 -0.572320 0.227459 0.662347 -0.426624
1703614257.436995 -27.185165 -0.832962 74.117035 -0.588111 0.198988 0.674356 -0.399716
1703614258.437703 -27.956425 -0.871192 74.077507 -0.604361 0.169600 0.680608 -0.377833
1703614259.438394 -28.818157 -0.903994 74.049004 -0.621072 0.137558 0.685807 -0.353578
1703614260.505749 -29.795433 -0.932997 74.026794 -0.632838 0.109707 0.692889 -0.327697
1703614261.506533 -30.756830 -0.933767 74.041962 -0.639816 0.077198 0.705773 -0.294213
1703614262.507201 -31.677999 -0.941242 74.072876 -0.640546 0.050846 0.718450 -0.266354
1703614263.507901 -32.513012 -0.944633 74.109413 -0.649459 0.016987 0.722004 -0.237961
1703614264.508602 -33.331955 -0.959941 74.088860 -0.663004 -0.018502 0.718235 -0.210287
1703614265.509218 -34.186966 -0.966095 74.101112 -0.670068 -0.048838 0.718639 -0.179393
1703614266.510017 -35.079212 -0.965423 74.108940 -0.680707 -0.077720 0.713112 -0.148555
1703614267.510790 -35.968754 -0.961826 74.070541 0.703416 0.100194 -0.693308 0.120381
1703614268.511532 -36.832142 -0.946955 74.099968 -0.696067 -0.119552 0.700850 -0.100039
1703614269.512258 -37.640854 -0.947986 74.064186 0.698654 0.139102 -0.696333 0.087485
1703614270.512974 -38.447887 -0.960621 74.101173 -0.692022 -0.156999 0.701433 -0.066694
1703614271.513676 -39.345440 -0.958694 74.065880 0.696944 0.160200 -0.695492 0.069966
1703614272.514366 -40.256069 -0.953492 74.079750 -0.694631 -0.178971 0.694661 -0.053884
1703614273.515052 -41.114052 -0.959068 74.066956 0.698489 0.190925 -0.688704 0.036720
1703614274.515732 -41.925640 -0.964987 74.047829 0.702189 0.204588 -0.681678 0.019731
1703614275.516402 -42.781803 -0.951910 74.045380 0.700407 0.225264 -0.677177 0.010876
1703614276.583773 -43.754852 -0.981703 74.054909 0.697190 0.240002 -0.675483 -0.006904
1703614277.584440 -44.715199 -1.018465 74.065865 0.690203 0.238967 -0.683016 -0.001821
1703614278.585078 -45.658737 -1.059444 74.129593 -0.682547 -0.254029 0.685018 0.018706
1703614279.585735 -46.577103 -1.106519 74.161026 -0.682449 -0.258381 0.683512 0.017713
1703614280.586410 -47.450306 -1.140219 74.172035 -0.682790 -0.255140 0.684269 0.021844
1703614281.587039 -48.371624 -1.165578 74.223961 -0.680904 -0.262736 0.683295 0.021150
1703614282.587729 -49.315311 -1.230285 74.315567 -0.672241 -0.267045 0.690208 0.019794
1703614283.588462 -50.247734 -1.307214 74.421432 -0.663062 -0.267575 0.698761 0.022019
1703614284.789329 -51.357105 -1.301528 74.350716 0.687418 0.258097 -0.678228 -0.029124
1703614285.790070 -52.223103 -1.310832 74.368835 0.687493 0.248886 -0.681440 -0.032390
1703614286.790817 -53.086189 -1.313400 74.423721 0.686621 0.254923 -0.680214 -0.029583
1703614287.791551 -53.910362 -1.341300 74.439186 0.684091 0.258754 -0.681449 -0.026342
1703614288.792263 -54.721043 -1.361068 74.484497 -0.678964 -0.255421 0.687786 0.026803
1703614289.793017 -55.553131 -1.408248 74.576172 -0.671560 -0.258767 0.693413 0.035003
1703614290.860512 -56.505955 -1.420617 74.590759 -0.674085 -0.256238 0.692066 0.031572
1703614291.861264 -57.434471 -1.454080 74.720818 -0.663626 -0.263512 0.699358 0.032553
1703614292.862004 -58.318863 -1.495692 74.783104 -0.666829 -0.273353 0.691679 0.046874
1703614293.996172 -59.648811 -1.568425 74.854630 0.667385 0.419204 -0.582987 -0.197462
1703614295.063615 -60.569351 -1.512152 74.775291 0.675723 0.440132 -0.541216 -0.238260
1703614296.064341 -61.476936 -1.549347 74.775620 0.665734 0.446591 -0.549629 -0.235079
1703614297.065064 -62.409546 -1.589016 74.757675 0.659022 0.448853 -0.556550 -0.233395
1703614298.065792 -63.356693 -1.589496 74.760986 0.660352 0.451061 -0.554793 -0.229532
1703614299.066528 -64.295334 -1.629539 74.731834 0.655366 0.455335 -0.558394 -0.226634
1703614300.067262 -65.167572 -1.686059 74.711868 0.653212 0.454299 -0.559947 -0.231051
1703614301.068000 -66.034584 -1.689220 74.707291 0.654563 0.455712 -0.558358 -0.228277
1703614302.068748 -66.841942 -1.688613 74.661095 0.654878 0.450883 -0.559359 -0.234428
1703614303.203133 -67.856720 -1.685527 74.629379 0.658349 0.447014 -0.557026 -0.237649
1703614304.204255 -68.819801 -1.747684 74.601151 0.650929 0.447912 -0.563484 -0.241149
1703614305.205109 -69.786880 -1.802464 74.609818 0.642465 0.448725 -0.571215 -0.244127
1703614306.205745 -70.695862 -1.836210 74.652618 0.635469 0.453109 -0.576592 -0.241689
1703614307.206400 -71.499794 -1.902814 74.691788 0.629267 0.453121 -0.581927 -0.245083
1703614308.207049 -72.280464 -1.950824 74.733406 0.625770 0.453704 -0.585217 -0.245125
1703614309.215043 -73.069527 -1.976399 74.757050 0.628876 0.452533 -0.582385 -0.246082
1703614310.222495 -73.933952 -2.025411 74.805489 0.626903 0.453805 -0.582772 -0.247850
1703614311.288210 -74.945984 -2.067170 74.843918 0.629166 0.451617 -0.579430 -0.253877
1703614312.353909 -76.003304 -2.032980 74.863876 0.636104 0.440471 -0.575175 -0.265577
1703614313.419620 -77.062668 -2.065452 74.960892 0.625996 0.444914 -0.584249 -0.262363
1703614314.485373 -78.036095 -2.145350 75.063698 0.614171 0.452720 -0.592067 -0.259414
1703614315.551060 -78.982109 -2.178472 75.145599 0.615487 0.456679 -0.589505 -0.255154
1703614316.683399 -79.966423 -2.261845 75.233261 0.611017 0.457579 -0.592365 -0.257649
1703614317.815817 -80.987755 -2.312621 75.340805 0.607255 0.457871 -0.597075 -0.255139
1703614318.881650 -81.901482 -2.398778 75.455315 -0.599149 -0.458617 0.604129 0.256358
1703614319.947690 -82.725723 -2.493370 75.584335 -0.595215 -0.461662 0.606646 0.254103
1703614321.013754 -83.525986 -2.573976 75.701439 -0.594571 -0.464900 0.605148 0.253276
1703614322.079615 -84.334587 -2.621514 75.768425 -0.598694 -0.461330 0.603111 0.254947
1703614323.145476 -85.240936 -2.673666 75.842270 0.603078 0.456614 -0.601699 -0.256433
1703614324.277954 -86.509567 -2.734484 75.843521 0.681450 0.496861 -0.436291 -0.313695
1703614325.281904 -87.483917 -2.637758 75.700180 0.680057 0.497414 -0.436859 -0.315049
1703614326.286222 -88.500710 -2.606908 75.603836 0.670567 0.506324 -0.445060 -0.309674
1703614327.288721 -89.447960 -2.532048 75.467789 0.668639 0.502048 -0.447946 -0.316566
1703614328.291169 -90.328667 -2.403897 75.354546 0.673475 0.499889 -0.440931 -0.319566
1703614329.291527 -91.218575 -2.318573 75.256348 0.668982 0.503046 -0.444626 -0.318929
1703614330.291902 -92.136909 -2.300032 75.171478 0.663939 0.512712 -0.445156 -0.313286
1703614331.292260 -93.042137 -2.251493 75.055183 0.660527 0.514798 -0.449906 -0.310277
1703614332.292604 -93.895447 -2.223595 74.946808 0.654668 0.516666 -0.455810 -0.310970
1703614333.359659 -94.717789 -2.214951 74.842674 0.649164 0.520838 -0.460038 -0.309320
1703614334.360027 -95.466476 -2.175601 74.752983 0.648162 0.518275 -0.460411 -0.315117
1703614335.360391 -96.246399 -2.121365 74.668839 0.652978 0.511560 -0.457624 -0.320165
1703614336.360746 -97.099403 -2.091862 74.591660 0.649536 0.514195 -0.460601 -0.318674
1703614337.361096 -97.982735 -2.062689 74.504227 0.646385 0.515504 -0.462522 -0.320181
1703614338.361449 -98.908791 -2.005984 74.428749 0.644135 0.514100 -0.464664 -0.323850
1703614339.361796 -99.877060 -1.954689 74.375366 0.647113 0.516534 -0.463970 -0.314913
1703614340.362136 -100.863197 -1.967021 74.310555 0.638130 0.523783 -0.468610 -0.314398
1703614341.362474 -101.871529 -1.994429 74.247185 0.634140 0.528625 -0.467051 -0.316677
1703614342.362811 -102.894295 -1.984710 74.164703 0.635140 0.530248 -0.463615 -0.317010
1703614343.431111 -103.899231 -2.027604 74.107010 0.629036 0.537424 -0.463367 -0.317459
1703614344.432573 -104.758614 -2.020979 74.044647 0.629842 0.532794 -0.461864 -0.325749
1703614345.433279 -105.566917 -2.028105 73.993454 0.629067 0.533556 -0.456954 -0.332846
1703614346.500712 -106.374176 -2.011450 73.933670 0.627712 0.529875 -0.459382 -0.337902
1703614347.501425 -107.159874 -1.993181 73.879120 0.631649 0.528409 -0.454229 -0.339823
1703614348.502146 -108.009514 -2.001209 73.789986 0.625426 0.528552 -0.461948 -0.340704
1703614349.502866 -108.932823 -1.972207 73.728676 0.624213 0.527984 -0.463309 -0.341959
1703614350.503586 -109.938995 -1.876227 73.688332 0.634951 0.514893 -0.464458 -0.340590
1703614351.504452 -110.984749 -1.859708 73.646400 0.630616 0.516301 -0.466407 -0.343833
1703614352.638654 -112.171021 -1.886584 73.586693 0.625081 0.522204 -0.475660 -0.332151
1703614353.639347 -113.162773 -1.947189 73.556793 0.613716 0.529469 -0.482821 -0.331511
1703614354.640131 -114.073318 -1.932862 73.537506 0.615160 0.524110 -0.486191 -0.332425
1703614355.640851 -114.936592 -1.979089 73.546104 0.611347 0.528738 -0.484406 -0.334727
1703614356.641548 -115.756226 -1.872568 73.508163 0.624693 0.516830 -0.475292 -0.341678
1703614357.642243 -116.605644 -1.883229 73.506386 0.621782 0.522172 -0.470319 -0.345720
1703614358.642935 -117.520035 -1.873357 73.507324 0.620230 0.526804 -0.468278 -0.344249
1703614359.643632 -118.471519 -1.915785 73.478531 0.610236 0.533281 -0.473394 -0.345140
1703614360.644327 -119.384697 -1.881621 73.476448 0.608454 0.532223 -0.477341 -0.344483
1703614361.645036 -120.286407 -1.909432 73.457893 0.604448 0.536146 -0.479068 -0.343051
1703614362.645744 -121.152222 -1.921650 73.464012 0.603067 0.538257 -0.481613 -0.338582
1703614363.646395 -122.009743 -1.889210 73.445457 0.611190 0.530457 -0.474401 -0.346418
1703614364.647095 -122.801285 -1.907559 73.447823 0.608172 0.530913 -0.477881 -0.346248
1703614365.647797 -123.617256 -1.983979 73.458862 0.597197 0.538102 -0.486454 -0.342293
1703614366.648456 -124.461906 -2.031183 73.474709 0.596627 0.542615 -0.485968 -0.336810
1703614367.649252 -125.358513 -2.095956 73.481667 0.594208 0.549454 -0.483684 -0.333267
1703614368.649997 -126.262512 -2.195512 73.463982 0.583865 0.551759 -0.493837 -0.332848
1703614369.650712 -127.223145 -2.306043 73.476524 0.580286 0.552428 -0.496461 -0.334094
1703614370.651476 -128.201401 -2.329981 73.471680 0.588630 0.543271 -0.489486 -0.344638
1703614371.652225 -129.205933 -2.359951 73.515457 0.591488 0.546726 -0.484007 -0.342009
1703614372.652968 -130.177414 -2.426353 73.516037 0.589801 0.548332 -0.485272 -0.340556
1703614373.653694 -131.094055 -2.465265 73.496262 0.592014 0.541942 -0.482165 -0.351191
1703614374.654413 -131.985458 -2.515960 73.531174 0.588385 0.542232 -0.481700 -0.357425
1703614375.788653 -132.985229 -2.546861 73.551376 0.592481 0.539984 -0.477904 -0.359154
1703614376.789373 -133.870102 -2.558255 73.555191 0.597396 0.534727 -0.474973 -0.362748
1703614377.790109 -134.766052 -2.589102 73.551933 0.589345 0.535743 -0.482842 -0.364027
1703614378.790831 -135.656464 -2.575044 73.565826 0.591096 0.531183 -0.484967 -0.365044
1703614379.791516 -136.593887 -2.616078 73.598274 0.586550 0.527703 -0.489114 -0.371828
1703614380.792246 -137.501419 -2.669743 73.622108 0.577750 0.528759 -0.498443 -0.371716
1703614381.792958 -138.461823 -2.730857 73.685982 0.571079 0.533469 -0.499591 -0.373750
1703614382.793651 -139.407990 -2.735811 73.729332 0.570601 0.527885 -0.502760 -0.378134
1703614383.794379 -140.368912 -2.717381 73.817841 0.574052 0.522185 -0.501130 -0.382957
1703614384.995213 -141.451706 -2.724734 73.913109 0.572749 0.519488 -0.502905 -0.386234
1703614385.995904 -142.292969 -2.731997 74.010559 0.573070 0.521344 -0.502303 -0.384035
1703614386.996592 -143.064102 -2.739955 74.100334 0.571123 0.520538 -0.505733 -0.383526
1703614387.997276 -143.795212 -2.798797 74.152016 0.562644 0.522925 -0.507752 -0.390088
1703614388.997978 -144.590546 -2.832816 74.241745 0.554631 0.521566 -0.516490 -0.391906
1703614389.998673 -145.481308 -2.862871 74.332855 0.551793 0.521637 -0.517174 -0.394905
1703614390.999379 -146.502380 -2.893865 74.509964 0.553042 0.527353 -0.513808 -0.389929
1703614392.000141 -147.504974 -2.948965 74.668861 0.543777 0.523847 -0.523994 -0.394109
1703614393.000833 -148.498917 -3.078665 74.858719 0.536341 0.532658 -0.521342 -0.396001
1703614394.001479 -149.462067 -3.110398 74.992363 0.543231 0.534267 -0.514109 -0.393891
1703614395.002200 -150.384750 -3.228981 75.157257 0.534098 0.544647 -0.512729 -0.393965
1703614396.002921 -151.249817 -3.261691 75.287987 0.539469 0.541586 -0.510417 -0.393869
1703614397.003652 -152.044632 -3.301989 75.421997 0.544768 0.534618 -0.500784 -0.408200
1703614398.004373 -152.838394 -3.380373 75.504570 0.539498 0.539650 -0.508421 -0.399033
1703614399.005108 -153.689148 -3.382190 75.631798 0.547496 0.538990 -0.508466 -0.388844
1703614400.005857 -154.552048 -3.489168 75.768784 0.531837 0.544103 -0.522406 -0.384960
1703614401.006590 -155.523407 -3.548515 75.863388 0.540073 0.547753 -0.514981 -0.378263
1703614402.007327 -156.491760 -3.624113 75.950760 0.537607 0.540100 -0.519170 -0.386955
1703614403.008061 -157.474060 -3.724576 76.127472 0.531133 0.543455 -0.521767 -0.387703
1703614404.142219 -158.498611 -3.899856 76.285698 0.516143 0.551147 -0.539271 -0.372854
1703614405.142953 -159.200256 -4.288379 76.432518 0.477725 0.580485 -0.550871 -0.362432
1703614406.143693 -159.851883 -4.730265 76.623352 0.434798 0.612277 -0.567854 -0.337059
1703614407.144434 -160.508072 -5.133297 76.771759 0.410182 0.621143 -0.579175 -0.332400
1703614408.145176 -161.462646 -5.213494 76.910950 0.455519 0.595007 -0.556365 -0.359064
1703614409.145902 -162.444641 -4.769835 76.995132 0.554778 0.517661 -0.498833 -0.418825
1703614410.146599 -163.110718 -3.937687 76.981522 0.655711 0.412002 -0.432022 -0.462227
1703614411.147340 -163.429489 -3.264599 76.925858 0.713360 0.337762 -0.364474 -0.494159
1703614412.148068 -163.594177 -2.484878 76.839523 -0.765271 -0.253685 0.293422 0.513719
1703614413.148778 -163.518845 -1.538452 76.677071 -0.809872 -0.141929 0.215357 0.526863
1703614414.149448 -163.097397 -0.498882 76.477371 -0.844818 -0.013431 0.108200 0.523828
1703614415.150177 -162.216217 0.367272 76.235886 -0.845189 0.144118 -0.034320 0.513525
1703614416.150908 -161.098923 0.775644 75.990585 0.812562 -0.285332 0.161179 -0.482026
1703614417.151639 -159.954117 0.852603 75.812508 0.762048 -0.398199 0.251989 -0.444097
1703614418.152364 -158.795441 0.862497 75.642998 0.715954 -0.466372 0.325654 -0.404793
1703614419.219812 -157.676025 1.124013 75.403717 0.707694 -0.474360 0.343551 -0.395127
1703614420.220544 -156.512466 1.423638 75.214737 0.709474 -0.475963 0.339022 -0.393916
1703614421.221276 -155.343246 1.657908 75.064911 0.697018 -0.484972 0.353138 -0.392761
1703614422.222009 -154.166794 1.670694 74.927155 0.669051 -0.507633 0.387263 -0.380403
1703614423.222741 -153.114166 1.950436 74.755859 0.683180 -0.497191 0.370410 -0.385828
1703614424.223468 -152.229813 2.157254 74.660736 0.687637 -0.490776 0.363456 -0.392676
1703614425.224194 -151.405151 2.212807 74.565872 0.675204 -0.503631 0.371515 -0.390425
1703614426.224923 -150.636444 2.298533 74.468559 0.668921 -0.505840 0.387542 -0.382730
1703614427.225656 -149.895081 2.461766 74.379105 0.676804 -0.501095 0.380205 -0.382471
1703614428.226386 -149.133575 2.613383 74.281540 0.679046 -0.497937 0.375165 -0.387565
1703614429.227103 -148.256271 2.797753 74.170578 0.682644 -0.496592 0.370767 -0.387202
1703614430.227795 -147.270294 2.972714 74.056175 0.679707 -0.500317 0.372211 -0.386187
1703614431.295218 -146.239670 3.198324 73.909378 0.683538 -0.492659 0.365806 -0.395283
1703614432.295952 -145.218369 3.345888 73.811584 0.681188 -0.501421 0.372577 -0.381767
1703614433.296680 -144.402649 3.473589 73.762314 0.677360 -0.498582 0.378459 -0.386481
1703614434.297399 -143.576508 3.663392 73.633553 0.681026 -0.496432 0.372611 -0.388484
1703614435.298132 -142.850281 3.795256 73.512978 0.688874 -0.497235 0.358323 -0.387058
1703614436.298853 -142.087006 3.988677 73.428429 0.689822 -0.490316 0.360312 -0.392314
1703614437.299566 -141.246262 4.180750 73.278076 0.690994 -0.490827 0.358683 -0.391104
1703614438.300301 -140.371109 4.349836 73.168625 0.690443 -0.493272 0.358673 -0.389004
1703614439.301034 -139.527969 4.477779 73.095818 0.679487 -0.498799 0.370924 -0.389759
1703614440.301790 -138.677399 4.682385 72.955513 0.685048 -0.496755 0.368051 -0.385334
1703614441.302525 -136.957565 4.454819 73.627396 -0.573638 0.574565 -0.462305 0.356496
1703614442.303259 -136.064606 4.407499 73.619652 0.576788 -0.570543 0.469362 -0.348561
1703614443.303997 -135.116943 4.335808 73.593208 0.578786 -0.561051 0.471722 -0.357361
1703614444.304735 -134.121689 4.277792 73.615814 0.583666 -0.557519 0.466470 -0.361818
1703614445.305474 -133.127045 4.282172 73.614159 0.594681 -0.549212 0.464121 -0.359601
1703614446.306216 -132.205429 4.090385 73.633240 0.584727 -0.564387 0.462841 -0.354034
1703614447.373651 -131.251801 4.056365 73.611084 0.586321 -0.556274 0.466883 -0.358897
1703614448.374393 -130.422272 4.004516 73.628159 0.592314 -0.553160 0.466412 -0.354455
1703614449.375151 -129.594864 3.961601 73.621964 0.596641 -0.550955 0.463118 -0.354951
1703614450.442587 -128.742966 3.905338 73.590767 0.597714 -0.548660 0.468750 -0.349261
1703614451.443299 -127.892441 3.822926 73.589523 0.595449 -0.550462 0.467405 -0.352087
1703614452.444000 -126.930008 3.797361 73.544304 0.604457 -0.542535 0.465682 -0.351323
1703614453.444707 -125.933601 3.667175 73.536667 0.597070 -0.547296 0.464922 -0.357522
1703614454.445417 -124.926277 3.576401 73.582588 0.593833 -0.544056 0.474467 -0.355312
1703614455.446180 -124.007828 3.489207 73.621483 0.592925 -0.549195 0.465840 -0.360302
1703614456.446952 -123.245239 3.511889 73.596901 0.603541 -0.542825 0.457121 -0.363484
1703614457.447637 -122.575806 3.544533 73.565582 0.610347 -0.535104 0.455575 -0.365502
1703614458.448342 -121.832359 3.571559 73.542259 0.611499 -0.533963 0.459092 -0.360814
1703614459.449034 -120.996498 3.538525 73.519974 0.608492 -0.530370 0.464293 -0.364522
1703614460.449728 -120.028343 3.543576 73.526115 0.612927 -0.527903 0.463902 -0.361157
1703614461.450427 -119.125648 3.521531 73.495338 0.608183 -0.522916 0.472392 -0.365401
1703614462.451136 -118.195175 3.527769 73.492035 0.607213 -0.520538 0.478751 -0.362119
1703614463.451850 -117.306564 3.506040 73.511803 0.605467 -0.523838 0.477169 -0.362373
1703614464.452576 -116.364952 3.446237 73.554749 0.603586 -0.526082 0.479012 -0.359818
1703614465.453301 -115.469269 3.451525 73.564796 0.607943 -0.519718 0.473127 -0.369391
1703614466.454008 -114.597534 3.466408 73.558708 0.605334 -0.515716 0.477440 -0.373709
1703614467.454715 -113.767433 3.456304 73.575119 0.604820 -0.510319 0.479996 -0.378644
1703614468.455424 -112.948334 3.497042 73.647385 0.608572 -0.511890 0.478548 -0.372291
1703614469.456141 -112.172005 3.477257 73.668198 0.609274 -0.507976 0.477111 -0.378300
1703614470.456859 -111.411263 3.500208 73.697601 0.610862 -0.505669 0.476983 -0.378991
1703614471.457608 -110.579414 3.484940 73.732018 0.604150 -0.509337 0.479927 -0.381115
1703614472.458368 -109.693832 3.515909 73.747742 0.602709 -0.502062 0.487778 -0.383078
1703614473.459087 -108.756500 3.512314 73.814598 0.601457 -0.500679 0.488672 -0.385707
1703614474.459819 -107.792854 3.626088 73.875381 0.610648 -0.490884 0.481354 -0.392990
1703614475.460547 -106.768776 3.700798 73.942741 0.617634 -0.488234 0.471926 -0.396790
1703614476.461274 -105.813087 3.795473 73.993446 0.620260 -0.478774 0.473687 -0.402087
1703614477.461999 -104.903969 3.824080 74.065468 0.613512 -0.480596 0.478481 -0.404582
1703614478.462705 -104.068581 3.902315 74.136604 0.619608 -0.470821 0.476757 -0.408798
1703614479.463408 -103.251656 3.983215 74.216377 0.621429 -0.470375 0.474057 -0.409687
1703614480.464140 -102.438911 4.058782 74.317139 0.622663 -0.471944 0.475104 -0.404766
1703614481.464869 -101.621284 4.112837 74.388443 0.614762 -0.478173 0.482305 -0.400998
1703614482.465595 -100.819450 4.234053 74.433571 0.621629 -0.467316 0.480823 -0.404972
1703614483.466321 -99.988106 4.254599 74.518532 0.614374 -0.472755 0.483686 -0.406319
1703614484.467051 -99.134888 4.321761 74.621620 0.616783 -0.475318 0.482373 -0.401209
1703614485.470330 -98.263260 4.422231 74.692581 0.621936 -0.469067 0.478363 -0.405388
1703614486.475821 -97.363510 4.547250 74.774376 0.622900 -0.470155 0.477102 -0.404133
1703614487.542446 -96.361382 4.758020 74.837852 0.635758 -0.454149 0.470641 -0.409949
1703614488.675738 -95.226021 4.883445 74.914261 0.635785 -0.453628 0.469073 -0.412272
1703614489.742347 -94.159698 4.925823 74.921654 0.612951 -0.508055 0.483925 -0.363301
1703614490.808971 -93.173859 4.681869 74.948357 -0.575547 0.579169 -0.494019 0.298753
1703614491.809054 -92.325066 4.493252 74.949371 -0.577302 0.580031 -0.491415 0.297988
1703614492.809087 -91.517525 4.326804 74.915184 -0.574077 0.581499 -0.493966 0.297140
1703614493.875723 -90.672829 4.129222 74.925179 -0.576284 0.584688 -0.489206 0.294474
1703614494.942340 -89.820892 4.002285 74.880325 0.580932 -0.580099 0.485855 -0.299915
1703614496.008961 -88.879601 3.915610 74.819733 0.593561 -0.574443 0.478271 -0.298258
1703614497.075593 -87.921677 3.729181 74.746109 0.591119 -0.573844 0.478611 -0.303666
1703614498.142172 -86.953171 3.574157 74.683052 0.590199 -0.574179 0.478148 -0.305545
1703614499.208806 -86.005142 3.495281 74.614243 0.597572 -0.567085 0.478321 -0.304190
1703614500.275439 -85.008865 3.337340 74.590378 0.595881 -0.570604 0.474315 -0.307183
1703614501.275943 -84.096687 3.211759 74.537560 0.597873 -0.573539 0.474005 -0.298196
1703614502.279978 -83.201828 3.094097 74.476379 0.603000 -0.572335 0.465406 -0.303679
1703614503.347420 -82.264343 2.954062 74.371712 0.598944 -0.570880 0.471711 -0.304716
1703614504.348137 -81.431175 2.785716 74.324944 0.591503 -0.574022 0.481616 -0.297774
1703614505.348829 -80.603767 2.670778 74.271530 0.592484 -0.571571 0.481984 -0.299934
1703614506.349546 -79.734314 2.571958 74.194313 0.595001 -0.567353 0.481712 -0.303378
1703614507.350276 -78.841568 2.543263 74.107025 0.603011 -0.555019 0.480410 -0.312309
1703614508.351028 -77.959343 2.467991 74.052719 0.603011 -0.550098 0.479487 -0.322276
1703614509.351772 -77.089264 2.373815 73.987869 0.603819 -0.543652 0.481254 -0.328999
1703614510.352517 -76.267700 2.316633 73.942146 0.605586 -0.538355 0.477653 -0.339541
1703614511.353261 -75.411163 2.268672 73.914963 0.606317 -0.536203 0.475682 -0.344373
1703614512.354005 -74.529419 2.135842 73.936607 0.593668 -0.545673 0.490654 -0.330238
1703614513.354753 -73.602570 2.042345 73.948349 0.591498 -0.545754 0.494701 -0.327953
1703614514.355476 -72.624443 1.992583 73.960609 0.598481 -0.543743 0.488608 -0.327761
1703614515.356225 -71.650719 1.879466 73.956894 0.601721 -0.544729 0.483406 -0.327905
1703614516.356981 -70.708588 1.828165 73.952217 0.605913 -0.540574 0.482769 -0.327999
1703614517.357737 -69.822609 1.802542 73.926117 0.610393 -0.536999 0.478979 -0.331107
1703614518.358486 -68.969315 1.770764 73.917099 0.614708 -0.534728 0.477018 -0.329627
1703614519.359241 -68.119865 1.746645 73.860313 0.615871 -0.529921 0.476768 -0.335527
1703614520.359991 -67.241501 1.624420 73.897163 0.606731 -0.542284 0.483871 -0.321986
1703614522.161326 -65.702591 1.642412 73.808121 0.624467 -0.524473 0.474138 -0.331907
1703614523.162045 -64.785210 1.643921 73.755913 0.622275 -0.522951 0.479272 -0.331052
1703614524.162760 -63.813168 1.504925 73.765289 0.609848 -0.533885 0.488345 -0.323375
1703614525.163834 -62.899437 1.440469 73.740685 0.608408 -0.535244 0.491426 -0.319147
1703614526.164542 -62.051235 1.436551 73.705162 0.615058 -0.526992 0.488839 -0.324068
1703614527.165259 -61.169769 1.418226 73.675125 0.621906 -0.521792 0.482529 -0.328835
1703614528.165971 -60.280285 1.407528 73.642235 0.624100 -0.515508 0.483004 -0.333853
1703614529.166634 -59.391785 1.442101 73.610619 0.632907 -0.506645 0.477027 -0.339388
1703614530.167344 -58.465290 1.462779 73.574799 0.635928 -0.502505 0.476160 -0.341110
1703614531.168056 -57.511402 1.460825 73.584808 0.632970 -0.505469 0.478129 -0.339474
1703614532.168779 -56.572842 1.467178 73.584045 0.634008 -0.506310 0.478125 -0.336274
1703614533.169512 -55.690914 1.563041 73.533722 0.643814 -0.496257 0.470978 -0.342655
1703614534.170242 -54.850548 1.524746 73.549118 0.636481 -0.501651 0.476614 -0.340700
1703614535.170968 -54.020489 1.478317 73.540161 0.629338 -0.508002 0.481169 -0.338149
1703614536.171689 -53.207581 1.473621 73.508141 0.630430 -0.502899 0.482032 -0.342485
1703614537.172425 -52.348640 1.502058 73.496834 0.630705 -0.501989 0.484195 -0.340255
1703614538.173160 -51.451332 1.489823 73.488846 0.630137 -0.498747 0.484488 -0.345615
1703614539.173862 -50.514263 1.459865 73.501190 0.626172 -0.495953 0.488882 -0.350619
1703614540.174577 -49.565910 1.476302 73.513107 0.628193 -0.495914 0.488205 -0.347991
1703614541.175499 -48.595127 1.505154 73.500923 0.631725 -0.488668 0.489776 -0.349638
1703614542.176259 -47.614838 1.563484 73.550537 0.636972 -0.486131 0.485726 -0.349305
1703614543.177010 -46.711548 1.645439 73.560036 0.641043 -0.476905 0.487611 -0.351940
1703614544.177747 -45.863464 1.717287 73.583115 0.645041 -0.476615 0.483262 -0.351026
1703614545.178456 -45.041767 1.779938 73.576530 0.651595 -0.471746 0.474822 -0.356965
1703614546.179182 -44.196404 1.887020 73.570061 0.654119 -0.470102 0.471984 -0.358277
1703614547.179903 -43.290264 1.985301 73.580948 0.658192 -0.468056 0.468282 -0.358355
1703614548.180624 -42.382435 2.003515 73.576340 0.645703 -0.475570 0.479808 -0.355929
1703614549.181369 -41.485847 2.062379 73.577759 0.643250 -0.474560 0.483347 -0.356929
1703614550.182094 -40.616173 2.189802 73.574364 0.648637 -0.466653 0.480880 -0.360914
1703614551.182816 -39.654770 2.297807 73.582680 0.651582 -0.465473 0.478279 -0.360589
1703614552.183532 -38.744396 2.445138 73.562340 0.654020 -0.456746 0.482623 -0.361547
1703614553.184257 -37.812065 2.545361 73.584953 0.657320 -0.452169 0.481347 -0.363015
1703614554.185027 -36.925903 2.689595 73.577835 0.659691 -0.449122 0.480697 -0.363357
1703614555.252444 -35.941647 2.880904 73.597198 0.664337 -0.444928 0.475467 -0.366917
1703614556.253174 -34.953583 2.959399 73.619492 0.659572 -0.446429 0.478662 -0.369524
1703614557.253907 -34.050056 3.061604 73.658379 0.655956 -0.450139 0.481401 -0.367898
1703614558.255203 -33.230316 3.114558 73.693710 0.648163 -0.454676 0.488512 -0.366757
1703614559.255878 -32.413189 3.119731 73.751320 0.636489 -0.465810 0.499085 -0.358911
1703614560.256552 -31.583017 3.297951 73.770103 0.652518 -0.450645 0.489394 -0.362813
1703614561.257234 -30.652544 3.437785 73.764053 0.657264 -0.441019 0.484406 -0.372635
1703614562.257915 -29.671997 3.570792 73.755310 0.657268 -0.427849 0.486714 -0.384778
1703614563.258602 -28.696547 3.723168 73.823647 0.648973 -0.428059 0.501594 -0.379478
1703614564.259293 -27.824860 3.871456 73.930244 0.648832 -0.427293 0.502621 -0.379222
1703614565.259991 -27.066484 4.037978 73.988579 0.655462 -0.414730 0.500679 -0.384303
1703614566.260679 -26.333918 4.192734 74.025215 0.659410 -0.410816 0.495110 -0.388941
1703614567.261369 -25.526228 4.336766 74.087120 0.666741 -0.409456 0.483321 -0.392687
1703614568.262058 -24.731382 4.520636 74.133850 0.665260 -0.408693 0.486903 -0.391566
1703614569.262744 -23.824875 4.706871 74.198166 0.665269 -0.406350 0.488208 -0.392364
1703614570.263442 -22.829195 4.902063 74.257484 0.663154 -0.403549 0.489635 -0.397029
1703614571.397558 -21.678185 5.112342 74.391663 0.659184 -0.405692 0.495953 -0.393599
1703614572.398251 -20.753450 5.288970 74.492310 0.656051 -0.407568 0.501271 -0.390144
1703614573.465706 -19.869406 5.440788 74.579475 0.650776 -0.406918 0.507966 -0.390998
1703614574.466684 -19.083998 5.617149 74.664307 0.659159 -0.400823 0.501047 -0.392175
1703614575.467424 -18.247574 5.813243 74.746986 0.663495 -0.395663 0.496005 -0.396490
1703614576.468156 -17.376572 6.046695 74.825142 0.665530 -0.392125 0.495643 -0.397046
1703614577.468881 -16.450174 6.307088 74.901878 0.673768 -0.386679 0.487331 -0.398780
1703614578.469618 -15.493682 6.581959 75.003830 0.677065 -0.386557 0.485181 -0.395924
1703614579.470365 -14.571568 6.797951 75.074570 0.668028 -0.388691 0.495220 -0.396756
1703614580.471101 -13.698325 6.969214 75.164864 0.666368 -0.388195 0.494964 -0.400337
1703614581.471815 -12.847246 7.186886 75.237823 0.664258 -0.386323 0.498427 -0.401355
1703614582.472483 -11.982167 7.407907 75.338699 0.668245 -0.384820 0.492937 -0.402959
1703614583.473247 -11.119683 7.630834 75.443039 0.665705 -0.385555 0.497111 -0.401329
1703614584.474014 -10.291039 7.834382 75.520767 0.669719 -0.381653 0.490529 -0.406446
1703614585.474731 -9.427599 8.076692 75.633522 0.672543 -0.380509 0.487423 -0.406592
1703614586.475481 -8.631156 8.306880 75.728668 0.673985 -0.377098 0.485209 -0.410017
1703614587.476219 -7.852346 8.550966 75.814903 0.676057 -0.373321 0.483471 -0.412109
1703614588.476952 -7.131237 8.787569 75.872025 0.674402 -0.371754 0.485263 -0.414127
1703614589.477687 -6.375243 9.014919 75.944504 0.679893 -0.368297 0.478109 -0.416550
1703614590.478415 -5.603352 9.254882 76.042839 0.681727 -0.366003 0.477434 -0.416349
1703614591.479121 -4.798653 9.522034 76.143936 0.683604 -0.365391 0.478679 -0.412361
1703614592.479877 -3.961758 9.742638 76.246040 0.680456 -0.370771 0.480344 -0.410825
1703614593.547340 -3.054849 9.943810 76.350975 0.667880 -0.373233 0.495505 -0.411228
1703614594.548089 -2.222989 10.377667 76.381111 0.687402 -0.349042 0.479431 -0.419278
1703614595.548853 -1.461980 10.893881 76.344681 0.716354 -0.320652 0.454377 -0.421379
